0 2354708 7095508 1678797 2046465 3860660 938738 441859 161743 342933 205598 117929 37457 256692 61320 46104 493604 10442 180786 48753 28883 24770 9176 88400 80442 20554 115097 2654 59206 24825 39541 68548 309544 53504 44157 230589 36325 32818 50632 21099 163416 23365 18625 140105 12526 29655 14703 13218 21999 7503 1746 16621 24808 11941 10250 9811 12212 16948 2738 13491 16001 7496 17251 14303 9190 6403 0 8402 5068 7657 4685 4185 2391
4523546 0 7719795 1826504 2226520 4200335 1021332 480736 175974 373105 223687 128305 40752 279277 66715 50161 537033 11361 196692 53043 31424 26950 9983 96178 87520 22362 125224 2887 64415 27009 43020 74580 336778 58212 48042 250877 39521 35705 55087 22955 177794 25421 20264 152432 13628 32264 15996 14381 23934 8164 1899 18084 26991 12992 11152 10674 13286 18439 2979 14678 17409 8155 18769 15562 9998 6966 0 9141 5514 8330 5097 4553 2601
5211013 2951227 0 2104087 2564897 4838682 1176549 553796 202718 429808 257682 147804 46946 321720 76854 57784 618649 13088 226584 61104 36200 31045 11500 110795 100821 25761 144255 3326 74205 31114 49558 85914 387961 67059 55343 289004 45528 41132 63459 26444 204815 29285 23344 175598 15699 37167 18427 16566 27572 9404 2188 20832 31093 14966 12847 12297 15306 21242 3431 16909 20054 9395 21621 17927 11518 8025 1595 10531 6352 9596 5872 5245 2996
1136686 643755 1939847 0 559485 1055469 256642 120800 44219 93754 56208 32240 10240 70177 16764 12604 134947 2854 49425 13328 7896 6772 2508 24167 21992 5619 31466 0 16186 6787 10810 18740 84626 14627 12072 63041 9931 8972 13842 5768 44676 6388 5092 38303 3424 8107 4019 3613 6014 2051 0 4544 6782 3264 2802 2682 3338 4633 0 3688 4374 2049 4716 3910 2512 1750 0 2297 0 2093 0 0 0
2744941 1554581 4684463 1108344 0 2548813 619756 291716 106783 226404 135736 77857 24729 169468 40483 30438 325878 6894 119355 32187 19068 16353 6058 58362 53108 13569 75987 1752 39088 16389 26105 45256 204361 35323 29152 152235 23982 21666 33427 13929 107888 15426 12296 92497 8269 19578 9707 8726 14523 4954 0 10973 16378 7883 6767 6477 8062 11189 1807 8907 10564 4949 11389 9443 6067 4227 0 5547 3346 5055 3093 2762 1578
224474 127130 383084 90637 110488 0 50682 23855 8732 18514 11100 6366 2022 13858 3310 2489 26649 0 9760 2632 1559 0 0 4772 4343 0 6214 0 3196 0 2134 3700 16712 2888 2384 12449 1961 1771 2733 0 8822 0 0 7564 0 1601 0 0 0 0 0 0 0 0 0 0 0 0 0 0 0 0 0 0 0 0 0 0 0 0 0 0 0
395130 223779 674321 159544 194485 366897 0 41992 15371 32590 19539 11207 3559 24394 5827 4381 46909 0 17180 4633 2744 2354 0 8401 7644 1953 10938 0 5626 2359 3757 6514 29417 5084 4196 21914 3452 3118 4811 2005 15530 2220 1770 13314 0 2818 0 0 2090 0 0 1579 2357 0 0 0 0 1610 0 0 1520 0 1639 0 0 0 0 0 0 0 0 0 0
1346961 762843 2298698 543872 662983 1250720 304118 0 52399 111098 66606 38205 12134 83159 19865 14936 159910 3383 58568 15794 9357 8024 2972 28638 26060 6658 37287 0 19180 8042 12810 22207 100281 17333 14305 74703 11768 10632 16403 6835 52941 7569 6034 45389 4058 9607 4763 4282 7127 2430 0 5384 8037 3868 3320 3178 3956 5490 0 4370 5183 2428 5588 4633 2977 2074 0 2722 1642 2480 1517 0 0
721485 408609 1231273 291319 355120 669935 162897 76675 0 59508 35677 20464 6499 44543 10640 8000 85654 1812 31371 8460 5012 4298 1592 15340 13959 3566 19972 0 10273 4307 6861 11895 53714 9284 7662 40013 6303 5694 8786 3661 28357 4054 3232 24312 2173 5146 2551 2293 3817 0 0 2884 4304 2072 1778 1702 2119 2941 0 2341 2776 0 2993 2482 1594 0 0 1458 0 0 0 0 0
183208 103759 312660 73975 90176 170118 41365 19470 7127 0 9059 5196 1650 11311 2702 2031 21750 0 7966 2148 0 0 0 3895 3544 0 5071 0 2608 0 1742 3020 13639 2357 1945 10160 1600 0 2231 0 7200 0 0 6173 0 0 0 0 0 0 0 0 0 0 0 0 0 0 0 0 0 0 0 0 0 0 0 0 0 0 0 0 0
1075341 609013 1835156 434198 529290 998507 242791 114280 41832 88694 0 30500 9687 66390 15859 11924 127664 2700 46757 12609 7470 6406 2373 22863 20805 5316 29768 0 15312 6420 10226 17729 80059 13838 11420 59638 9395 8488 13095 5457 42265 6043 4817 36236 3239 7669 3802 3418 5689 1940 0 4299 6416 3088 2651 2537 3158 4383 0 3489 4138 1938 4461 3699 2376 1656 0 2173 0 1980 0 0 0
378683 214464 646253 152903 186390 351625 85499 40244 14731 31234 18725 0 3411 23379 5585 4199 44957 0 16465 4440 2630 2256 0 8051 7326 1872 10483 0 5392 2261 3601 6243 28193 4873 4021 21001 3308 2989 4611 1921 14883 2128 1696 12760 0 2700 0 0 2003 0 0 1513 2259 0 0 0 0 1543 0 0 1457 0 1571 0 0 0 0 0 0 0 0 0 0
403200 228350 688093 162802 198457 374391 91035 42849 15685 33256 19938 11436 0 24893 5946 4471 47867 0 17531 4727 2801 2402 0 8572 7800 1993 11161 0 5741 2407 3834 6647 30018 5188 4282 22361 3522 3182 4910 2046 15847 2265 1806 13586 0 2875 0 0 2133 0 0 1611 2405 0 0 0 0 1643 0 0 1551 0 1672 0 0 0 0 0 0 0 0 0 0
230507 130546 393379 93073 113457 214037 52044 24497 8967 19012 11398 6538 2076 0 3399 2556 27365 0 10022 2702 1601 0 0 4900 4459 0 6381 0 3282 0 2192 3800 17161 2966 2448 12784 2013 1819 2807 0 9059 0 0 7767 0 1644 0 0 0 0 0 0 0 0 0 0 0 0 0 0 0 0 0 0 0 0 0 0 0 0 0 0 0
306792 173750 523566 123875 151005 284872 69268 32604 11934 25304 15170 8701 2763 18940 0 3401 36422 0 13339 3597 2131 1827 0 6522 5935 1516 8492 0 4368 1831 2917 5058 22840 3948 3258 17014 2680 2421 3736 1556 12058 1724 0 10338 0 2188 0 0 1623 0 0 0 1830 0 0 0 0 0 0 0 0 0 0 0 0 0 0 0 0 0 0 0 0
127615 72274 217785 51528 62813 118496 28813 13562 4964 10525 6310 3619 0 7878 1882 0 15150 0 5548 1496 0 0 0 2713 2469 0 3532 0 1817 0 0 2104 9500 1642 0 7077 0 0 1554 0 5015 0 0 4300 0 0 0 0 0 0 0 0 0 0 0 0 0 0 0 0 0 0 0 0 0 0 0 0 0 0 0 0 0
701269 397159 1196772 283156 345169 651163 158333 74526 27280 57841 34677 19890 6317 43295 10342 7776 0 1761 30492 8223 4871 4177 1547 14910 13567 3466 19413 0 9986 4187 6669 11561 52209 9024 7447 38892 6126 5535 8540 3558 27562 3941 3141 23631 2112 5001 2479 2229 3710 0 0 2803 4184 2014 1728 1654 2059 2858 0 2275 2698 0 2909 2412 1550 0 0 0 0 0 0 0 0
242155 137143 413257 97776 119190 224852 54674 25734 9420 19973 11974 6868 2181 14950 3571 2685 28748 0 10529 2839 1682 0 0 5148 4685 0 6703 0 3448 0 2302 3992 18028 3116 2571 13430 2115 1911 2948 0 9517 0 0 8160 0 1727 0 0 0 0 0 0 0 0 0 0 0 0 0 0 0 0 0 0 0 0 0 0 0 0 0 0 0
71543 40518 122094 28887 35214 66431 16153 7603 2783 5900 3537 2029 0 4416 0 0 8493 0 0 0 0 0 0 1521 0 0 1980 0 0 0 0 0 5326 0 0 3967 0 0 0 0 2811 0 0 2410 0 0 0 0 0 0 0 0 0 0 0 0 0 0 0 0 0 0 0 0 0 0 0 0 0 0 0 0 0
135322 76639 230938 54640 66606 125653 30553 14381 5264 11161 6691 3838 0 8354 1995 1500 16065 0 5884 0 0 0 0 2877 2618 0 3746 0 1926 0 0 2231 10074 1741 0 7505 0 0 1647 0 5318 0 0 4560 0 0 0 0 0 0 0 0 0 0 0 0 0 0 0 0 0 0 0 0 0 0 0 0 0 0 0 0 0
169316 95891 288951 68366 83338 157218 38228 17993 6586 13965 8372 4802 1525 10453 2497 1877 20101 0 7362 1985 0 0 0 3599 3275 0 4687 0 2411 0 1610 2791 12605 2178 1798 9390 1479 0 2061 0 6654 0 0 5705 0 0 0 0 0 0 0 0 0 0 0 0 0 0 0 0 0 0 0 0 0 0 0 0 0 0 0 0 0
10197 5775 17403 4117 5019 9469 2302 0 0 0 0 0 0 0 0 0 0 0 0 0 0 0 0 0 0 0 0 0 0 0 0 0 0 0 0 0 0 0 0 0 0 0 0 0 0 0 0 0 0 0 0 0 0 0 0 0 0 0 0 0 0 0 0 0 0 0 0 0 0 0 0 0 0
27783 15735 47414 11218 13675 25798 6273 2952 0 2291 0 0 0 1715 0 0 3298 0 0 0 0 0 0 0 0 0 0 0 0 0 0 0 2068 0 0 1540 0 0 0 0 0 0 0 0 0 0 0 0 0 0 0 0 0 0 0 0 0 0 0 0 0 0 0 0 0 0 0 0 0 0 0 0 0
118180 66930 201683 47718 58169 109736 26682 12559 4597 9747 5843 3352 0 7296 1742 0 14030 0 5138 0 0 0 0 0 2286 0 3271 0 1682 0 0 1948 8798 1520 0 6554 0 0 0 0 4644 0 0 3982 0 0 0 0 0 0 0 0 0 0 0 0 0 0 0 0 0 0 0 0 0 0 0 0 0 0 0 0 0
89370 50614 152517 36085 43988 82984 20178 9497 3476 7371 4419 2534 0 5517 0 0 10610 0 3885 0 0 0 0 1900 0 0 2474 0 0 0 0 1473 6653 0 0 4956 0 0 0 0 3512 0 0 3011 0 0 0 0 0 0 0 0 0 0 0 0 0 0 0 0 0 0 0 0 0 0 0 0 0 0 0 0 0
169271 95865 288874 68347 83316 157176 38218 17989 6584 13961 8370 4801 1524 10450 2496 1877 20095 0 7360 1984 0 0 0 3599 3275 0 4685 0 2410 0 1609 2790 12602 2178 1797 9387 1478 0 2061 0 6653 0 0 5704 0 0 0 0 0 0 0 0 0 0 0 0 0 0 0 0 0 0 0 0 0 0 0 0 0 0 0 0 0
294852 166987 503189 119054 145128 273784 66572 31335 11470 24319 14580 8363 2656 18203 4348 3269 35004 0 12820 3457 2048 1756 0 6269 5704 1457 0 0 4198 1760 2804 4861 21951 3794 3131 16352 2576 2327 3590 1496 11588 1657 0 9935 0 2103 0 0 1560 0 0 0 1759 0 0 0 0 0 0 0 0 0 0 0 0 0 0 0 0 0 0 0 0
9870 5590 16845 3985 4858 9165 2228 0 0 0 0 0 0 0 0 0 0 0 0 0 0 0 0 0 0 0 0 0 0 0 0 0 0 0 0 0 0 0 0 0 0 0 0 0 0 0 0 0 0 0 0 0 0 0 0 0 0 0 0 0 0 0 0 0 0 0 0 0 0 0 0 0 0
25424 14398 43388 10265 12513 23607 5740 2701 0 2097 0 0 0 1569 0 0 3018 0 0 0 0 0 0 0 0 0 0 0 0 0 0 0 1892 0 0 0 0 0 0 0 0 0 0 0 0 0 0 0 0 0 0 0 0 0 0 0 0 0 0 0 0 0 0 0 0 0 0 0 0 0 0 0 0
35007 19826 59742 14135 17230 32505 7903 3720 0 2887 1731 0 0 2161 0 0 4156 0 1522 0 0 0 0 0 0 0 0 0 0 0 0 0 2606 0 0 1941 0 0 0 0 0 0 0 0 0 0 0 0 0 0 0 0 0 0 0 0 0 0 0 0 0 0 0 0 0 0 0 0 0 0 0 0 0
55626 31503 94931 22460 27379 51652 12559 5911 2163 4588 2750 1577 0 3434 0 0 6603 0 2418 0 0 0 0 0 0 0 1539 0 0 0 0 0 4141 0 0 3085 0 0 0 0 2186 0 0 1874 0 0 0 0 0 0 0 0 0 0 0 0 0 0 0 0 0 0 0 0 0 0 0 0 0 0 0 0 0
21744 12314 37107 8779 10702 20190 4909 2310 0 1793 0 0 0 0 0 0 2581 0 0 0 0 0 0 0 0 0 0 0 0 0 0 0 1618 0 0 0 0 0 0 0 0 0 0 0 0 0 0 0 0 0 0 0 0 0 0 0 0 0 0 0 0 0 0 0 0 0 0 0 0 0 0 0 0
0 0 0 0 0 0 0 0 0 0 0 0 0 0 0 0 0 0 0 0 0 0 0 0 0 0 0 0 0 0 0 0 0 0 0 0 0 0 0 0 0 0 0 0 0 0 0 0 0 0 0 0 0 0 0 0 0 0 0 0 0 0 0 0 0 0 0 0 0 0 0 0 0
7742 4384 13213 3126 3810 7189 1748 0 0 0 0 0 0 0 0 0 0 0 0 0 0 0 0 0 0 0 0 0 0 0 0 0 0 0 0 0 0 0 0 0 0 0 0 0 0 0 0 0 0 0 0 0 0 0 0 0 0 0 0 0 0 0 0 0 0 0 0 0 0 0 0 0 0
18592 10529 31729 7507 9151 17263 4197 1975 0 1533 0 0 0 0 0 0 2207 0 0 0 0 0 0 0 0 0 0 0 0 0 0 0 0 0 0 0 0 0 0 0 0 0 0 0 0 0 0 0 0 0 0 0 0 0 0 0 0 0 0 0 0 0 0 0 0 0 0 0 0 0 0 0 0
0 0 0 0 0 0 0 0 0 0 0 0 0 0 0 0 0 0 0 0 0 0 0 0 0 0 0 0 0 0 0 0 0 0 0 0 0 0 0 0 0 0 0 0 0 0 0 0 0 0 0 0 0 0 0 0 0 0 0 0 0 0 0 0 0 0 0 0 0 0 0 0 0
12502 7080 21336 5048 6153 11609 2822 0 0 0 0 0 0 0 0 0 1484 0 0 0 0 0 0 0 0 0 0 0 0 0 0 0 0 0 0 0 0 0 0 0 0 0 0 0 0 0 0 0 0 0 0 0 0 0 0 0 0 0 0 0 0 0 0 0 0 0 0 0 0 0 0 0 0
11979 6784 20443 4837 5896 11123 2704 0 0 0 0 0 0 0 0 0 0 0 0 0 0 0 0 0 0 0 0 0 0 0 0 0 0 0 0 0 0 0 0 0 0 0 0 0 0 0 0 0 0 0 0 0 0 0 0 0 0 0 0 0 0 0 0 0 0 0 0 0 0 0 0 0 0
5083 2878 8674 2052 2501 4719 0 0 0 0 0 0 0 0 0 0 0 0 0 0 0 0 0 0 0 0 0 0 0 0 0 0 0 0 0 0 0 0 0 0 0 0 0 0 0 0 0 0 0 0 0 0 0 0 0 0 0 0 0 0 0 0 0 0 0 0 0 0 0 0 0 0 0
15401 8722 26283 6218 7580 14301 3477 1636 0 0 0 0 0 0 0 0 1828 0 0 0 0 0 0 0 0 0 0 0 0 0 0 0 0 0 0 0 0 0 0 0 0 0 0 0 0 0 0 0 0 0 0 0 0 0 0 0 0 0 0 0 0 0 0 0 0 0 0 0 0 0 0 0 0
0 0 0 0 0 0 0 0 0 0 0 0 0 0 0 0 0 0 0 0 0 0 0 0 0 0 0 0 0 0 0 0 0 0 0 0 0 0 0 0 0 0 0 0 0 0 0 0 0 0 0 0 0 0 0 0 0 0 0 0 0 0 0 0 0 0 0 0 0 0 0 0 0
0 0 0 0 0 0 0 0 0 0 0 0 0 0 0 0 0 0 0 0 0 0 0 0 0 0 0 0 0 0 0 0 0 0 0 0 0 0 0 0 0 0 0 0 0 0 0 0 0 0 0 0 0 0 0 0 0 0 0 0 0 0 0 0 0 0 0 0 0 0 0 0 0
65589 37146 111934 26483 32283 60903 14808 6970 2551 5409 3243 1860 0 4049 0 0 7786 0 2851 0 0 0 0 0 0 0 1815 0 0 0 0 0 4883 0 0 3637 0 0 0 0 2577 0 0 2210 0 0 0 0 0 0 0 0 0 0 0 0 0 0 0 0 0 0 0 0 0 0 0 0 0 0 0 0 0
0 0 0 0 0 0 0 0 0 0 0 0 0 0 0 0 0 0 0 0 0 0 0 0 0 0 0 0 0 0 0 0 0 0 0 0 0 0 0 0 0 0 0 0 0 0 0 0 0 0 0 0 0 0 0 0 0 0 0 0 0 0 0 0 0 0 0 0 0 0 0 0 0
30097 17045 51363 12152 14814 27946 6795 3198 0 2482 1488 0 0 1858 0 0 3573 0 0 0 0 0 0 0 0 0 0 0 0 0 0 0 2240 0 0 1669 0 0 0 0 0 0 0 0 0 0 0 0 0 0 0 0 0 0 0 0 0 0 0 0 0 0 0 0 0 0 0 0 0 0 0 0 0
1665 0 2841 0 0 1546 0 0 0 0 0 0 0 0 0 0 0 0 0 0 0 0 0 0 0 0 0 0 0 0 0 0 0 0 0 0 0 0 0 0 0 0 0 0 0 0 0 0 0 0 0 0 0 0 0 0 0 0 0 0 0 0 0 0 0 0 0 0 0 0 0 0 0
11981 6785 20447 4837 5897 11125 2705 0 0 0 0 0 0 0 0 0 0 0 0 0 0 0 0 0 0 0 0 0 0 0 0 0 0 0 0 0 0 0 0 0 0 0 0 0 0 0 0 0 0 0 0 0 0 0 0 0 0 0 0 0 0 0 0 0 0 0 0 0 0 0 0 0 0
2540 0 4335 0 0 2358 0 0 0 0 0 0 0 0 0 0 0 0 0 0 0 0 0 0 0 0 0 0 0 0 0 0 0 0 0 0 0 0 0 0 0 0 0 0 0 0 0 0 0 0 0 0 0 0 0 0 0 0 0 0 0 0 0 0 0 0 0 0 0 0 0 0 0
0 0 0 0 0 0 0 0 0 0 0 0 0 0 0 0 0 0 0 0 0 0 0 0 0 0 0 0 0 0 0 0 0 0 0 0 0 0 0 0 0 0 0 0 0 0 0 0 0 0 0 0 0 0 0 0 0 0 0 0 0 0 0 0 0 0 0 0 0 0 0 0 0
47524 26915 81105 19189 23392 44129 10730 5050 1848 3919 2350 0 0 2934 0 0 5642 0 2066 0 0 0 0 0 0 0 0 0 0 0 0 0 3538 0 0 2635 0 0 0 0 1867 0 0 1601 0 0 0 0 0 0 0 0 0 0 0 0 0 0 0 0 0 0 0 0 0 0 0 0 0 0 0 0 0
0 0 0 0 0 0 0 0 0 0 0 0 0 0 0 0 0 0 0 0 0 0 0 0 0 0 0 0 0 0 0 0 0 0 0 0 0 0 0 0 0 0 0 0 0 0 0 0 0 0 0 0 0 0 0 0 0 0 0 0 0 0 0 0 0 0 0 0 0 0 0 0 0
6898 3906 11772 2785 3395 6405 1557 0 0 0 0 0 0 0 0 0 0 0 0 0 0 0 0 0 0 0 0 0 0 0 0 0 0 0 0 0 0 0 0 0 0 0 0 0 0 0 0 0 0 0 0 0 0 0 0 0 0 0 0 0 0 0 0 0 0 0 0 0 0 0 0 0 0
0 0 2243 0 0 0 0 0 0 0 0 0 0 0 0 0 0 0 0 0 0 0 0 0 0 0 0 0 0 0 0 0 0 0 0 0 0 0 0 0 0 0 0 0 0 0 0 0 0 0 0 0 0 0 0 0 0 0 0 0 0 0 0 0 0 0 0 0 0 0 0 0 0
6029 3414 10289 2434 2967 5598 0 0 0 0 0 0 0 0 0 0 0 0 0 0 0 0 0 0 0 0 0 0 0 0 0 0 0 0 0 0 0 0 0 0 0 0 0 0 0 0 0 0 0 0 0 0 0 0 0 0 0 0 0 0 0 0 0 0 0 0 0 0 0 0 0 0 0
8389 4751 14316 3387 4129 7789 1894 0 0 0 0 0 0 0 0 0 0 0 0 0 0 0 0 0 0 0 0 0 0 0 0 0 0 0 0 0 0 0 0 0 0 0 0 0 0 0 0 0 0 0 0 0 0 0 0 0 0 0 0 0 0 0 0 0 0 0 0 0 0 0 0 0 0
2553 0 4357 0 0 2370 0 0 0 0 0 0 0 0 0 0 0 0 0 0 0 0 0 0 0 0 0 0 0 0 0 0 0 0 0 0 0 0 0 0 0 0 0 0 0 0 0 0 0 0 0 0 0 0 0 0 0 0 0 0 0 0 0 0 0 0 0 0 0 0 0 0 0
0 0 0 0 0 0 0 0 0 0 0 0 0 0 0 0 0 0 0 0 0 0 0 0 0 0 0 0 0 0 0 0 0 0 0 0 0 0 0 0 0 0 0 0 0 0 0 0 0 0 0 0 0 0 0 0 0 0 0 0 0 0 0 0 0 0 0 0 0 0 0 0 0
0 0 0 0 0 0 0 0 0 0 0 0 0 0 0 0 0 0 0 0 0 0 0 0 0 0 0 0 0 0 0 0 0 0 0 0 0 0 0 0 0 0 0 0 0 0 0 0 0 0 0 0 0 0 0 0 0 0 0 0 0 0 0 0 0 0 0 0 0 0 0 0 0
0 0 0 0 0 0 0 0 0 0 0 0 0 0 0 0 0 0 0 0 0 0 0 0 0 0 0 0 0 0 0 0 0 0 0 0 0 0 0 0 0 0 0 0 0 0 0 0 0 0 0 0 0 0 0 0 0 0 0 0 0 0 0 0 0 0 0 0 0 0 0 0 0
2124 0 3626 0 0 1973 0 0 0 0 0 0 0 0 0 0 0 0 0 0 0 0 0 0 0 0 0 0 0 0 0 0 0 0 0 0 0 0 0 0 0 0 0 0 0 0 0 0 0 0 0 0 0 0 0 0 0 0 0 0 0 0 0 0 0 0 0 0 0 0 0 0 0
0 0 1789 0 0 0 0 0 0 0 0 0 0 0 0 0 0 0 0 0 0 0 0 0 0 0 0 0 0 0 0 0 0 0 0 0 0 0 0 0 0 0 0 0 0 0 0 0 0 0 0 0 0 0 0 0 0 0 0 0 0 0 0 0 0 0 0 0 0 0 0 0 0
7947 4500 13562 3208 3911 7379 1794 0 0 0 0 0 0 0 0 0 0 0 0 0 0 0 0 0 0 0 0 0 0 0 0 0 0 0 0 0 0 0 0 0 0 0 0 0 0 0 0 0 0 0 0 0 0 0 0 0 0 0 0 0 0 0 0 0 0 0 0 0 0 0 0 0 0
0 0 2413 0 0 0 0 0 0 0 0 0 0 0 0 0 0 0 0 0 0 0 0 0 0 0 0 0 0 0 0 0 0 0 0 0 0 0 0 0 0 0 0 0 0 0 0 0 0 0 0 0 0 0 0 0 0 0 0 0 0 0 0 0 0 0 0 0 0 0 0 0 0
0 0 2225 0 0 0 0 0 0 0 0 0 0 0 0 0 0 0 0 0 0 0 0 0 0 0 0 0 0 0 0 0 0 0 0 0 0 0 0 0 0 0 0 0 0 0 0 0 0 0 0 0 0 0 0 0 0 0 0 0 0 0 0 0 0 0 0 0 0 0 0 0 0
3215 1820 5486 0 1582 2985 0 0 0 0 0 0 0 0 0 0 0 0 0 0 0 0 0 0 0 0 0 0 0 0 0 0 0 0 0 0 0 0 0 0 0 0 0 0 0 0 0 0 0 0 0 0 0 0 0 0 0 0 0 0 0 0 0 0 0 0 0 0 0 0 0 0 0
3154 1786 5383 0 1552 2928 0 0 0 0 0 0 0 0 0 0 0 0 0 0 0 0 0 0 0 0 0 0 0 0 0 0 0 0 0 0 0 0 0 0 0 0 0 0 0 0 0 0 0 0 0 0 0 0 0 0 0 0 0 0 0 0 0 0 0 0 0 0 0 0 0 0 0
0 0 0 0 0 0 0 0 0 0 0 0 0 0 0 0 0 0 0 0 0 0 0 0 0 0 0 0 0 0 0 0 0 0 0 0 0 0 0 0 0 0 0 0 0 0 0 0 0 0 0 0 0 0 0 0 0 0 0 0 0 0 0 0 0 0 0 0 0 0 0 0 0
3580 2027 6110 0 1762 3324 0 0 0 0 0 0 0 0 0 0 0 0 0 0 0 0 0 0 0 0 0 0 0 0 0 0 0 0 0 0 0 0 0 0 0 0 0 0 0 0 0 0 0 0 0 0 0 0 0 0 0 0 0 0 0 0 0 0 0 0 0 0 0 0 0 0 0
0 0 1861 0 0 0 0 0 0 0 0 0 0 0 0 0 0 0 0 0 0 0 0 0 0 0 0 0 0 0 0 0 0 0 0 0 0 0 0 0 0 0 0 0 0 0 0 0 0 0 0 0 0 0 0 0 0 0 0 0 0 0 0 0 0 0 0 0 0 0 0 0 0
0 0 1907 0 0 0 0 0 0 0 0 0 0 0 0 0 0 0 0 0 0 0 0 0 0 0 0 0 0 0 0 0 0 0 0 0 0 0 0 0 0 0 0 0 0 0 0 0 0 0 0 0 0 0 0 0 0 0 0 0 0 0 0 0 0 0 0 0 0 0 0 0 0
0 0 0 0 0 0 0 0 0 0 0 0 0 0 0 0 0 0 0 0 0 0 0 0 0 0 0 0 0 0 0 0 0 0 0 0 0 0 0 0 0 0 0 0 0 0 0 0 0 0 0 0 0 0 0 0 0 0 0 0 0 0 0 0 0 0 0 0 0 0 0 0 0
0 0 0 0 0 0 0 0 0 0 0 0 0 0 0 0 0 0 0 0 0 0 0 0 0 0 0 0 0 0 0 0 0 0 0 0 0 0 0 0 0 0 0 0 0 0 0 0 0 0 0 0 0 0 0 0 0 0 0 0 0 0 0 0 0 0 0 0 0 0 0 0 0
0 0 0 0 0 0 0 0 0 0 0 0 0 0 0 0 0 0 0 0 0 0 0 0 0 0 0 0 0 0 0 0 0 0 0 0 0 0 0 0 0 0 0 0 0 0 0 0 0 0 0 0 0 0 0 0 0 0 0 0 0 0 0 0 0 0 0 0 0 0 0 0 0
