0 2354709 7095508 1678798 2046466 3860661 938739 441860 161744 342933 205598 117930 37457 256693 61321 46105 493605 10443 180786 48754 28883 24771 9176 88401 80443 20554 115098 2654 59206 24825 39541 68549 309544 53505 44157 230590 36326 32818 50633 21099 163417 23366 18626 140106 12526 29655 14703 13218 21999 7504 1746 16622 24809 11942 10251 9812 12212 16948 2738 13492 16001 7496 17251 14304 9190 6403 0 8403 5069 7657 4685 4185 2391 2381741
4523546 0 7719796 1826504 2226521 4200335 1021332 480736 175975 373106 223687 128305 40753 279277 66716 50161 537034 11362 196692 53043 31425 26950 9984 96179 87520 22363 125225 2888 64416 27010 43020 74580 336779 58212 48042 250878 39522 35706 55087 22956 177795 25422 20265 152433 13628 32264 15997 14381 23935 8164 1900 18084 26991 12992 11153 10675 13287 18440 2979 14679 17409 8156 18769 15562 9999 6967 0 9142 5515 8331 5097 4553 2601 2799758
5211014 2951228 0 2104088 2564897 4838683 1176549 553796 202718 429809 257682 147805 46946 321721 76855 57784 618650 13088 226585 61104 36201 31046 11501 110795 100821 25761 144256 3327 74205 31114 49558 85914 387961 67059 55343 289005 45528 41132 63459 26444 204815 29285 23344 175599 15700 37168 18428 16567 27572 9405 2188 20833 31093 14967 12848 12297 15306 21242 3432 16909 20055 9395 21622 17927 11518 8025 1596 10531 6353 9597 5872 5245 2997 2592234
1136687 643756 1939847 0 559485 1055470 256643 120800 44219 93755 56209 32241 10240 70177 16764 12605 134947 2855 49425 13329 7896 6772 2509 24168 21992 5619 31467 0 16186 6787 10810 18741 84627 14628 12072 63041 9931 8972 13842 5768 44677 6388 5092 38304 3425 8107 4020 3614 6014 2051 0 4544 6782 3265 2802 2682 3339 4634 0 3688 4375 2049 4716 3910 2513 1751 0 2297 0 2093 0 0 0 729583
2744941 1554582 4684464 1108344 0 2548813 619756 291716 106783 226405 135736 77857 24729 169469 40484 30438 325878 6894 119355 32187 19069 16354 6058 58362 53108 13570 75988 1752 39088 16390 26105 45256 204361 35324 29153 152236 23982 21667 33428 13930 107888 15426 12297 92498 8270 19578 9707 8727 14524 4954 0 10974 16379 7884 6768 6478 8063 11189 1808 8907 10564 4949 11389 9443 6067 4227 0 5547 3346 5055 3093 2763 1579 1721705
224475 127130 383085 90638 110488 0 50682 23856 8733 18515 11100 6367 2022 13859 3311 2489 26650 0 9761 2632 1559 0 0 4773 4343 0 6214 0 3197 0 2135 3701 16712 2889 2384 12449 1961 1772 2734 0 8823 0 0 7564 0 1601 0 0 0 0 0 0 0 0 0 0 0 0 0 0 0 0 0 0 0 0 0 0 0 0 0 0 0 154539
395130 223780 674321 159545 194486 366898 0 41992 15371 32591 19539 11207 3560 24395 5828 4382 46910 0 17181 4633 2745 2354 0 8401 7645 1953 10938 0 5627 2359 3758 6515 29418 5085 4196 21914 3452 3119 4812 2005 15530 2221 1770 13315 0 2818 0 0 2091 0 0 1580 2358 0 0 0 0 1611 0 0 1521 0 1639 0 0 0 0 0 0 0 0 0 0 278074
1346962 762844 2298698 543872 662984 1250720 304119 0 52399 111098 66607 38205 12135 83159 19866 14936 159911 3383 58568 15794 9357 8025 2973 28639 26061 6659 37288 0 19181 8043 12810 22207 100282 17334 14305 74703 11768 10632 16403 6835 52941 7570 6034 45389 4058 9607 4763 4282 7127 2431 0 5385 8037 3869 3321 3179 3956 5491 0 4371 5184 2429 5589 4634 2977 2074 0 2722 1642 2481 1518 0 0 903972
721486 408609 1231273 291319 355120 669935 162898 76675 0 59509 35677 20464 6500 44543 10641 8000 85655 1812 31372 8460 5012 4298 1592 15340 13959 3567 19973 0 10274 4308 6862 11895 53715 9285 7663 40014 6304 5695 8786 3661 28358 4055 3232 24312 2174 5146 2551 2294 3818 0 0 2884 4305 2072 1779 1703 2119 2941 0 2341 2777 0 2994 2482 1595 0 0 1458 0 0 0 0 0 496104
183209 103759 312661 73976 90177 170118 41365 19470 7127 0 9060 5197 1651 11311 2702 2032 21750 0 7966 2148 0 0 0 3895 3545 0 5072 0 2609 0 1742 3021 13640 2358 1946 10161 1601 0 2231 0 7201 0 0 6174 0 0 0 0 0 0 0 0 0 0 0 0 0 0 0 0 0 0 0 0 0 0 0 0 0 0 0 0 0 146628
1075341 609013 1835156 434198 529290 998507 242792 114281 41833 88695 0 30501 9688 66390 15860 11924 127664 2701 46758 12609 7470 6407 2373 22864 20805 5316 29768 0 15313 6421 10227 17729 80059 13838 11421 59639 9395 8488 13095 5457 42266 6043 4817 36236 3240 7670 3803 3419 5690 1941 0 4299 6416 3089 2651 2538 3159 4383 0 3489 4139 1939 4462 3699 2377 1656 0 2173 0 1980 0 0 0 730699
378683 214465 646253 152904 186390 351626 85500 40244 14731 31234 18726 0 3412 23379 5585 4199 44957 0 16466 4440 2631 2256 0 8051 7327 1872 10483 0 5392 2261 3601 6243 28193 4873 4022 21002 3309 2989 4612 1922 14884 2128 1696 12761 0 2701 0 0 2004 0 0 1514 2260 0 0 0 0 1544 0 0 1457 0 1571 0 0 0 0 0 0 0 0 0 0 274444
403200 228350 688094 162803 198458 374391 91035 42850 15685 33256 19938 11436 0 24893 5947 4471 47868 0 17532 4728 2801 2402 0 8573 7801 1993 11162 0 5742 2407 3835 6648 30018 5189 4282 22362 3523 3183 4910 2046 15848 2266 1806 13587 0 2876 0 0 2133 0 0 1612 2406 0 0 0 0 1644 0 0 1552 0 1673 0 0 0 0 0 0 0 0 0 0 293042
230508 130547 393380 93074 113457 214038 52044 24497 8967 19012 11398 6538 2077 0 3400 2556 27366 0 10023 2703 1601 0 0 4901 4460 0 6381 0 3282 0 2192 3800 17161 2966 2448 12784 2014 1819 2807 0 9060 0 0 7768 0 1644 0 0 0 0 0 0 0 0 0 0 0 0 0 0 0 0 0 0 0 0 0 0 0 0 0 0 0 179926
306793 173750 523567 123876 151006 284872 69268 32604 11935 25305 15171 8702 2764 18941 0 3402 36422 0 13340 3597 2131 1828 0 6523 5936 1517 8493 0 4369 1832 2918 5058 22841 3948 3258 17015 2680 2422 3736 1557 12058 1724 0 10338 0 2188 0 0 1623 0 0 0 1831 0 0 0 0 0 0 0 0 0 0 0 0 0 0 0 0 0 0 0 0 229092
127615 72274 217786 51528 62813 118497 28813 13562 4964 10526 6311 3620 0 7879 1882 0 15150 0 5549 1496 0 0 0 2713 2469 0 3533 0 1817 0 0 2104 9501 1642 0 7078 0 0 1554 0 5016 0 0 4300 0 0 0 0 0 0 0 0 0 0 0 0 0 0 0 0 0 0 0 0 0 0 0 0 0 0 0 0 0 107936
701269 397160 1196773 283157 345170 651163 158334 74527 27281 57841 34677 19891 6318 43295 10343 7776 0 1761 30493 8223 4872 4178 1548 14910 13568 3467 19413 0 9986 4187 6669 11562 52210 9024 7448 38893 6127 5535 8540 3559 27563 3941 3142 23631 2113 5002 2480 2229 3711 0 0 2804 4184 2014 1729 1655 2060 2859 0 2276 2699 0 2910 2413 1550 0 0 0 0 0 0 0 0 477672
242155 137143 413257 97777 119190 224853 54674 25735 9420 19973 11974 6868 2182 14950 3571 2685 28749 0 10529 2840 1682 0 0 5149 4685 0 6704 0 3448 0 2303 3992 18028 3116 2572 13430 2116 1911 2949 0 9518 0 0 8160 0 1727 0 0 0 0 0 0 0 0 0 0 0 0 0 0 0 0 0 0 0 0 0 0 0 0 0 0 0 189933
71543 40518 122095 28888 35214 66432 16153 7603 2783 5901 3538 2029 0 4417 0 0 8494 0 0 0 0 0 0 1521 0 0 1981 0 0 0 0 0 5326 0 0 3968 0 0 0 0 2812 0 0 2411 0 0 0 0 0 0 0 0 0 0 0 0 0 0 0 0 0 0 0 0 0 0 0 0 0 0 0 0 0 68327
135322 76639 230939 54640 66607 125653 30553 14381 5264 11161 6692 3838 0 8355 1996 1501 16065 0 5884 0 0 0 0 2877 2618 0 3746 0 1927 0 0 2231 10075 1741 0 7505 0 0 1648 0 5319 0 0 4560 0 0 0 0 0 0 0 0 0 0 0 0 0 0 0 0 0 0 0 0 0 0 0 0 0 0 0 0 0 114446
169316 95891 288952 68366 83339 157219 38228 17994 6587 13965 8373 4802 1525 10453 2497 1878 20101 0 7362 1985 0 0 0 3600 3276 0 4687 0 2411 0 1610 2792 12606 2179 1798 9390 1479 0 2062 0 6655 0 0 5706 0 0 0 0 0 0 0 0 0 0 0 0 0 0 0 0 0 0 0 0 0 0 0 0 0 0 0 0 0 135692
10198 5775 17403 4118 5019 9469 2302 0 0 0 0 0 0 0 0 0 0 0 0 0 0 0 0 0 0 0 0 0 0 0 0 0 0 0 0 0 0 0 0 0 0 0 0 0 0 0 0 0 0 0 0 0 0 0 0 0 0 0 0 0 0 0 0 0 0 0 0 0 0 0 0 0 0 17686
27784 15735 47415 11218 13675 25798 6273 2953 0 2292 0 0 0 1715 0 0 3298 0 0 0 0 0 0 0 0 0 0 0 0 0 0 0 2068 0 0 1541 0 0 0 0 0 0 0 0 0 0 0 0 0 0 0 0 0 0 0 0 0 0 0 0 0 0 0 0 0 0 0 0 0 0 0 0 0 34434
118180 66931 201684 47718 58169 109736 26683 12559 4597 9748 5844 3352 0 7296 1743 0 14030 0 5139 0 0 0 0 0 2287 0 3272 0 1683 0 0 1948 8799 1521 0 6554 0 0 0 0 4645 0 0 3982 0 0 0 0 0 0 0 0 0 0 0 0 0 0 0 0 0 0 0 0 0 0 0 0 0 0 0 0 0 103964
89370 50614 152518 36086 43989 82985 20178 9498 3477 7371 4419 2535 0 5518 0 0 10610 0 3886 0 0 0 0 1900 0 0 2474 0 0 0 0 1473 6654 0 0 4957 0 0 0 0 3513 0 0 3012 0 0 0 0 0 0 0 0 0 0 0 0 0 0 0 0 0 0 0 0 0 0 0 0 0 0 0 0 0 82379
169271 95866 288875 68348 83316 157177 38218 17989 6585 13962 8370 4801 1525 10451 2497 1877 20096 0 7360 1985 0 0 0 3599 3275 0 4686 0 2410 0 1610 2791 12602 2178 1798 9388 1479 0 2061 0 6653 0 0 5704 0 0 0 0 0 0 0 0 0 0 0 0 0 0 0 0 0 0 0 0 0 0 0 0 0 0 0 0 0 136031
294852 166988 503189 119055 145128 273785 66572 31335 11470 24320 14580 8363 2656 18204 4349 3270 35005 0 12821 3457 2048 1757 0 6269 5705 1458 0 0 4199 1761 2804 4861 21952 3794 3131 16353 2576 2327 3591 1496 11589 1657 0 9936 0 2103 0 0 1560 0 0 0 1759 0 0 0 0 0 0 0 0 0 0 0 0 0 0 0 0 0 0 0 0 219770
9871 5590 16845 3986 4858 9166 2229 0 0 0 0 0 0 0 0 0 0 0 0 0 0 0 0 0 0 0 0 0 0 0 0 0 0 0 0 0 0 0 0 0 0 0 0 0 0 0 0 0 0 0 0 0 0 0 0 0 0 0 0 0 0 0 0 0 0 0 0 0 0 0 0 0 0 17177
25424 14399 43388 10266 12514 23608 5740 2702 0 2097 0 0 0 1570 0 0 3018 0 0 0 0 0 0 0 0 0 0 0 0 0 0 0 1893 0 0 0 0 0 0 0 0 0 0 0 0 0 0 0 0 0 0 0 0 0 0 0 0 0 0 0 0 0 0 0 0 0 0 0 0 0 0 0 0 32581
35007 19826 59742 14135 17231 32506 7904 3720 0 2887 1731 0 0 2161 0 0 4156 0 1522 0 0 0 0 0 0 0 0 0 0 0 0 0 2606 0 0 1942 0 0 0 0 0 0 0 0 0 0 0 0 0 0 0 0 0 0 0 0 0 0 0 0 0 0 0 0 0 0 0 0 0 0 0 0 0 39987
55627 31504 94932 22461 27380 51652 12560 5912 2164 4588 2751 1578 0 3434 0 0 6604 0 2419 0 0 0 0 0 0 0 1540 0 0 0 0 0 4141 0 0 3085 0 0 0 0 2186 0 0 1874 0 0 0 0 0 0 0 0 0 0 0 0 0 0 0 0 0 0 0 0 0 0 0 0 0 0 0 0 0 53980
21744 12315 37108 8780 10703 20190 4909 2311 0 1793 0 0 0 0 0 0 2581 0 0 0 0 0 0 0 0 0 0 0 0 0 0 0 1619 0 0 0 0 0 0 0 0 0 0 0 0 0 0 0 0 0 0 0 0 0 0 0 0 0 0 0 0 0 0 0 0 0 0 0 0 0 0 0 0 29154
0 0 0 0 0 0 0 0 0 0 0 0 0 0 0 0 0 0 0 0 0 0 0 0 0 0 0 0 0 0 0 0 0 0 0 0 0 0 0 0 0 0 0 0 0 0 0 0 0 0 0 0 0 0 0 0 0 0 0 0 0 0 0 0 0 0 0 0 0 0 0 0 0 0
7743 4385 13213 3126 3811 7189 1748 0 0 0 0 0 0 0 0 0 0 0 0 0 0 0 0 0 0 0 0 0 0 0 0 0 0 0 0 0 0 0 0 0 0 0 0 0 0 0 0 0 0 0 0 0 0 0 0 0 0 0 0 0 0 0 0 0 0 0 0 0 0 0 0 0 0 13369
18592 10530 31729 7507 9151 17264 4198 1976 0 1534 0 0 0 0 0 0 2207 0 0 0 0 0 0 0 0 0 0 0 0 0 0 0 0 0 0 0 0 0 0 0 0 0 0 0 0 0 0 0 0 0 0 0 0 0 0 0 0 0 0 0 0 0 0 0 0 0 0 0 0 0 0 0 0 26433
0 0 0 0 0 0 0 0 0 0 0 0 0 0 0 0 0 0 0 0 0 0 0 0 0 0 0 0 0 0 0 0 0 0 0 0 0 0 0 0 0 0 0 0 0 0 0 0 0 0 0 0 0 0 0 0 0 0 0 0 0 0 0 0 0 0 0 0 0 0 0 0 0 0
12503 7081 21337 5048 6154 11609 2823 0 0 0 0 0 0 0 0 0 1484 0 0 0 0 0 0 0 0 0 0 0 0 0 0 0 0 0 0 0 0 0 0 0 0 0 0 0 0 0 0 0 0 0 0 0 0 0 0 0 0 0 0 0 0 0 0 0 0 0 0 0 0 0 0 0 0 20161
11979 6784 20444 4837 5896 11123 2705 0 0 0 0 0 0 0 0 0 0 0 0 0 0 0 0 0 0 0 0 0 0 0 0 0 0 0 0 0 0 0 0 0 0 0 0 0 0 0 0 0 0 0 0 0 0 0 0 0 0 0 0 0 0 0 0 0 0 0 0 0 0 0 0 0 0 20751
5083 2879 8675 2052 2502 4720 0 0 0 0 0 0 0 0 0 0 0 0 0 0 0 0 0 0 0 0 0 0 0 0 0 0 0 0 0 0 0 0 0 0 0 0 0 0 0 0 0 0 0 0 0 0 0 0 0 0 0 0 0 0 0 0 0 0 0 0 0 0 0 0 0 0 0 9928
15401 8723 26284 6219 7581 14301 3477 1637 0 0 0 0 0 0 0 0 1828 0 0 0 0 0 0 0 0 0 0 0 0 0 0 0 0 0 0 0 0 0 0 0 0 0 0 0 0 0 0 0 0 0 0 0 0 0 0 0 0 0 0 0 0 0 0 0 0 0 0 0 0 0 0 0 0 23261
0 0 0 0 0 0 0 0 0 0 0 0 0 0 0 0 0 0 0 0 0 0 0 0 0 0 0 0 0 0 0 0 0 0 0 0 0 0 0 0 0 0 0 0 0 0 0 0 0 0 0 0 0 0 0 0 0 0 0 0 0 0 0 0 0 0 0 0 0 0 0 0 0 0
0 0 0 0 0 0 0 0 0 0 0 0 0 0 0 0 0 0 0 0 0 0 0 0 0 0 0 0 0 0 0 0 0 0 0 0 0 0 0 0 0 0 0 0 0 0 0 0 0 0 0 0 0 0 0 0 0 0 0 0 0 0 0 0 0 0 0 0 0 0 0 0 0 0
65590 37146 111934 26484 32284 60903 14809 6971 2552 5410 3243 1860 0 4049 0 0 7787 0 2852 0 0 0 0 0 0 0 1816 0 0 0 0 0 4883 0 0 3638 0 0 0 0 2578 0 0 2210 0 0 0 0 0 0 0 0 0 0 0 0 0 0 0 0 0 0 0 0 0 0 0 0 0 0 0 0 0 64013
0 0 0 0 0 0 0 0 0 0 0 0 0 0 0 0 0 0 0 0 0 0 0 0 0 0 0 0 0 0 0 0 0 0 0 0 0 0 0 0 0 0 0 0 0 0 0 0 0 0 0 0 0 0 0 0 0 0 0 0 0 0 0 0 0 0 0 0 0 0 0 0 0 0
30097 17045 51363 12153 14814 27947 6795 3199 0 2482 1488 0 0 1858 0 0 3573 0 0 0 0 0 0 0 0 0 0 0 0 0 0 0 2241 0 0 1669 0 0 0 0 0 0 0 0 0 0 0 0 0 0 0 0 0 0 0 0 0 0 0 0 0 0 0 0 0 0 0 0 0 0 0 0 0 35786
1665 0 2842 0 0 1546 0 0 0 0 0 0 0 0 0 0 0 0 0 0 0 0 0 0 0 0 0 0 0 0 0 0 0 0 0 0 0 0 0 0 0 0 0 0 0 0 0 0 0 0 0 0 0 0 0 0 0 0 0 0 0 0 0 0 0 0 0 0 0 0 0 0 0 5696
11981 6786 20447 4838 5897 11125 2705 0 0 0 0 0 0 0 0 0 0 0 0 0 0 0 0 0 0 0 0 0 0 0 0 0 0 0 0 0 0 0 0 0 0 0 0 0 0 0 0 0 0 0 0 0 0 0 0 0 0 0 0 0 0 0 0 0 0 0 0 0 0 0 0 0 0 20812
2540 0 4335 0 0 2359 0 0 0 0 0 0 0 0 0 0 0 0 0 0 0 0 0 0 0 0 0 0 0 0 0 0 0 0 0 0 0 0 0 0 0 0 0 0 0 0 0 0 0 0 0 0 0 0 0 0 0 0 0 0 0 0 0 0 0 0 0 0 0 0 0 0 0 8702
0 0 0 0 0 0 0 0 0 0 0 0 0 0 0 0 0 0 0 0 0 0 0 0 0 0 0 0 0 0 0 0 0 0 0 0 0 0 0 0 0 0 0 0 0 0 0 0 0 0 0 0 0 0 0 0 0 0 0 0 0 0 0 0 0 0 0 0 0 0 0 0 0 4874
47525 26915 81105 19189 23392 44129 10730 5051 1849 3920 2350 0 0 2934 0 0 5642 0 2066 0 0 0 0 0 0 0 0 0 0 0 0 0 3538 0 0 2636 0 0 0 0 1868 0 0 1601 0 0 0 0 0 0 0 0 0 0 0 0 0 0 0 0 0 0 0 0 0 0 0 0 0 0 0 0 0 49187
0 0 0 0 0 0 0 0 0 0 0 0 0 0 0 0 0 0 0 0 0 0 0 0 0 0 0 0 0 0 0 0 0 0 0 0 0 0 0 0 0 0 0 0 0 0 0 0 0 0 0 0 0 0 0 0 0 0 0 0 0 0 0 0 0 0 0 0 0 0 0 0 0 0
6898 3907 11772 2785 3395 6405 1557 0 0 0 0 0 0 0 0 0 0 0 0 0 0 0 0 0 0 0 0 0 0 0 0 0 0 0 0 0 0 0 0 0 0 0 0 0 0 0 0 0 0 0 0 0 0 0 0 0 0 0 0 0 0 0 0 0 0 0 0 0 0 0 0 0 0 11979
0 0 2243 0 0 0 0 0 0 0 0 0 0 0 0 0 0 0 0 0 0 0 0 0 0 0 0 0 0 0 0 0 0 0 0 0 0 0 0 0 0 0 0 0 0 0 0 0 0 0 0 0 0 0 0 0 0 0 0 0 0 0 0 0 0 0 0 0 0 0 0 0 0 7034
6029 3415 10289 2434 2968 5598 0 0 0 0 0 0 0 0 0 0 0 0 0 0 0 0 0 0 0 0 0 0 0 0 0 0 0 0 0 0 0 0 0 0 0 0 0 0 0 0 0 0 0 0 0 0 0 0 0 0 0 0 0 0 0 0 0 0 0 0 0 0 0 0 0 0 0 11838
8389 4751 14317 3387 4129 7790 1894 0 0 0 0 0 0 0 0 0 0 0 0 0 0 0 0 0 0 0 0 0 0 0 0 0 0 0 0 0 0 0 0 0 0 0 0 0 0 0 0 0 0 0 0 0 0 0 0 0 0 0 0 0 0 0 0 0 0 0 0 0 0 0 0 0 0 14582
2553 0 4357 0 0 2371 0 0 0 0 0 0 0 0 0 0 0 0 0 0 0 0 0 0 0 0 0 0 0 0 0 0 0 0 0 0 0 0 0 0 0 0 0 0 0 0 0 0 0 0 0 0 0 0 0 0 0 0 0 0 0 0 0 0 0 0 0 0 0 0 0 0 0 8748
0 0 0 0 0 0 0 0 0 0 0 0 0 0 0 0 0 0 0 0 0 0 0 0 0 0 0 0 0 0 0 0 0 0 0 0 0 0 0 0 0 0 0 0 0 0 0 0 0 0 0 0 0 0 0 0 0 0 0 0 0 0 0 0 0 0 0 0 0 0 0 0 0 3296
0 0 0 0 0 0 0 0 0 0 0 0 0 0 0 0 0 0 0 0 0 0 0 0 0 0 0 0 0 0 0 0 0 0 0 0 0 0 0 0 0 0 0 0 0 0 0 0 0 0 0 0 0 0 0 0 0 0 0 0 0 0 0 0 0 0 0 0 0 0 0 0 0 150
0 0 0 0 0 0 0 0 0 0 0 0 0 0 0 0 0 0 0 0 0 0 0 0 0 0 0 0 0 0 0 0 0 0 0 0 0 0 0 0 0 0 0 0 0 0 0 0 0 0 0 0 0 0 0 0 0 0 0 0 0 0 0 0 0 0 0 0 0 0 0 0 0 0
2125 0 3626 0 0 1973 0 0 0 0 0 0 0 0 0 0 0 0 0 0 0 0 0 0 0 0 0 0 0 0 0 0 0 0 0 0 0 0 0 0 0 0 0 0 0 0 0 0 0 0 0 0 0 0 0 0 0 0 0 0 0 0 0 0 0 0 0 0 0 0 0 0 0 7279
0 0 1790 0 0 0 0 0 0 0 0 0 0 0 0 0 0 0 0 0 0 0 0 0 0 0 0 0 0 0 0 0 0 0 0 0 0 0 0 0 0 0 0 0 0 0 0 0 0 0 0 0 0 0 0 0 0 0 0 0 0 0 0 0 0 0 0 0 0 0 0 0 0 5615
7947 4501 13563 3209 3912 7380 1794 0 0 0 0 0 0 0 0 0 0 0 0 0 0 0 0 0 0 0 0 0 0 0 0 0 0 0 0 0 0 0 0 0 0 0 0 0 0 0 0 0 0 0 0 0 0 0 0 0 0 0 0 0 0 0 0 0 0 0 0 0 0 0 0 0 0 13820
0 0 2413 0 0 0 0 0 0 0 0 0 0 0 0 0 0 0 0 0 0 0 0 0 0 0 0 0 0 0 0 0 0 0 0 0 0 0 0 0 0 0 0 0 0 0 0 0 0 0 0 0 0 0 0 0 0 0 0 0 0 0 0 0 0 0 0 0 0 0 0 0 0 7570
0 0 2225 0 0 0 0 0 0 0 0 0 0 0 0 0 0 0 0 0 0 0 0 0 0 0 0 0 0 0 0 0 0 0 0 0 0 0 0 0 0 0 0 0 0 0 0 0 0 0 0 0 0 0 0 0 0 0 0 0 0 0 0 0 0 0 0 0 0 0 0 0 0 6982
3215 1821 5487 0 1582 2985 0 0 0 0 0 0 0 0 0 0 0 0 0 0 0 0 0 0 0 0 0 0 0 0 0 0 0 0 0 0 0 0 0 0 0 0 0 0 0 0 0 0 0 0 0 0 0 0 0 0 0 0 0 0 0 0 0 0 0 0 0 0 0 0 0 0 0 7613
3154 1786 5383 0 1553 2929 0 0 0 0 0 0 0 0 0 0 0 0 0 0 0 0 0 0 0 0 0 0 0 0 0 0 0 0 0 0 0 0 0 0 0 0 0 0 0 0 0 0 0 0 0 0 0 0 0 0 0 0 0 0 0 0 0 0 0 0 0 0 0 0 0 0 0 7472
0 0 0 0 0 0 0 0 0 0 0 0 0 0 0 0 0 0 0 0 0 0 0 0 0 0 0 0 0 0 0 0 0 0 0 0 0 0 0 0 0 0 0 0 0 0 0 0 0 0 0 0 0 0 0 0 0 0 0 0 0 0 0 0 0 0 0 0 0 0 0 0 0 897
3580 2028 6110 0 1762 3325 0 0 0 0 0 0 0 0 0 0 0 0 0 0 0 0 0 0 0 0 0 0 0 0 0 0 0 0 0 0 0 0 0 0 0 0 0 0 0 0 0 0 0 0 0 0 0 0 0 0 0 0 0 0 0 0 0 0 0 0 0 0 0 0 0 0 0 8479
0 0 1861 0 0 0 0 0 0 0 0 0 0 0 0 0 0 0 0 0 0 0 0 0 0 0 0 0 0 0 0 0 0 0 0 0 0 0 0 0 0 0 0 0 0 0 0 0 0 0 0 0 0 0 0 0 0 0 0 0 0 0 0 0 0 0 0 0 0 0 0 0 0 5841
0 0 1907 0 0 0 0 0 0 0 0 0 0 0 0 0 0 0 0 0 0 0 0 0 0 0 0 0 0 0 0 0 0 0 0 0 0 0 0 0 0 0 0 0 0 0 0 0 0 0 0 0 0 0 0 0 0 0 0 0 0 0 0 0 0 0 0 0 0 0 0 0 0 5985
0 0 0 0 0 0 0 0 0 0 0 0 0 0 0 0 0 0 0 0 0 0 0 0 0 0 0 0 0 0 0 0 0 0 0 0 0 0 0 0 0 0 0 0 0 0 0 0 0 0 0 0 0 0 0 0 0 0 0 0 0 0 0 0 0 0 0 0 0 0 0 0 0 0
0 0 0 0 0 0 0 0 0 0 0 0 0 0 0 0 0 0 0 0 0 0 0 0 0 0 0 0 0 0 0 0 0 0 0 0 0 0 0 0 0 0 0 0 0 0 0 0 0 0 0 0 0 0 0 0 0 0 0 0 0 0 0 0 0 0 0 0 0 0 0 0 0 3075
0 0 0 0 0 0 0 0 0 0 0 0 0 0 0 0 0 0 0 0 0 0 0 0 0 0 0 0 0 0 0 0 0 0 0 0 0 0 0 0 0 0 0 0 0 0 0 0 0 0 0 0 0 0 0 0 0 0 0 0 0 0 0 0 0 0 0 0 0 0 0 0 0 0
9073 10169 3043 11268 8838 8424 8810 13447 11693 11706 11644 9874 9111 11253 9295 8299 13537 9461 11547 8776 9474 13227 8786 9979 10464 10189 9636 5733 8613 13108 9089 8559 11951 8011 10544 11519 8727 12007 9052 11240 11814 12534 12393 10129 11987 10923 14135 12737 11797 9717 4929 11294 13300 11497 9863 9454 11774 11544 5921 13002 10895 9779 11744 13787 8854 8360 6253 9512 9317 10001 8613 9049 5170 0
