**************************
conv1.bias: torch.Size([8])
conv1.bias,Parameter containing:
tensor([0., 0., 0., 0., 0., 0., 0., 0.], requires_grad=True)
**************************
conv1.lin.weight: torch.Size([8, 14])
conv1.lin.weight,Parameter containing:
tensor([[-0.1625,  0.4303,  0.1048, -0.3189, -0.2695, -0.2383, -0.2706,  0.0983,
         -0.2452,  0.3716,  0.2788,  0.3829,  0.0093,  0.4719],
        [-0.4372, -0.2818, -0.2972,  0.2440, -0.4966, -0.2475,  0.2082,  0.4887,
          0.3398,  0.2159, -0.3688,  0.1585, -0.1902,  0.0303],
        [-0.0669,  0.4887,  0.3407,  0.0546, -0.5078,  0.4092,  0.3582,  0.1775,
         -0.5161, -0.3470,  0.2749, -0.4900,  0.2229,  0.0603],
        [ 0.4773,  0.1788,  0.2759,  0.1687, -0.2465, -0.2837, -0.5064, -0.0815,
          0.0078, -0.1687,  0.1442,  0.3663,  0.0425, -0.2029],
        [-0.4550, -0.2684,  0.1608, -0.4863, -0.5189,  0.0284,  0.0134, -0.4106,
          0.1233,  0.2284, -0.4065, -0.0775,  0.3094,  0.4658],
        [-0.3653, -0.2807, -0.2958, -0.2658, -0.3385,  0.4007, -0.0265, -0.3972,
         -0.3701, -0.4440, -0.4908,  0.0302,  0.0558,  0.3001],
        [ 0.4322,  0.3683,  0.4545, -0.2027, -0.3932, -0.0482, -0.1124, -0.0248,
          0.0125, -0.2938, -0.4459, -0.2148,  0.0981,  0.2675],
        [-0.4684, -0.4690, -0.0299, -0.2002, -0.2129, -0.5050,  0.2346, -0.0879,
          0.4119, -0.3354, -0.4745, -0.0068,  0.1240,  0.3044]],
       requires_grad=True)
**************************
conv2.bias: torch.Size([2])
conv2.bias,Parameter containing:
tensor([0., 0.], requires_grad=True)
**************************
conv2.lin.weight: torch.Size([2, 8])
conv2.lin.weight,Parameter containing:
tensor([[-0.4934,  0.6644, -0.6736, -0.6843, -0.0419, -0.5472, -0.3375,  0.4473],
        [ 0.0035, -0.0880, -0.7191, -0.2530, -0.2587,  0.5708,  0.3046, -0.0710]],
       requires_grad=True)