0 41865 109220 78419 83186 122480 9509 6126 66088 45112 32088 47364 37485 47098 44653 18033 3048 3909 1013 20447 8304 638 11916 7242 118 2954 278 1309 596 969 1489 10383 231 10128 764 1668 35366 0 610 286 1091 2348 948 146 484 155 122 2238 0 298 4510 2841 776 283 381 2476 169 0 391 580 4520 253 384 0 283 0 404 927 366 0 190 113 509 815 539 128 400 923 344 6199 583 0 743 237 170 397 470 201 188 301 2421 799 431 917 147 2186 1252 207 816 601 387 467 768 820 236 472 494 0 484 804 2000 396 134 221 622 495 132 259 1237 0 0 6826 0 0 913 599 126 161 2857 320 2231 240 594 1705 0 123 462 157 146 266 119 120 136 182 261 1285921
22104 0 21081 15136 16056 23641 1835 1182 12756 8707 6194 9142 7235 9091 8619 3481 588 755 196 3947 1603 123 2300 1398 0 570 0 253 115 187 287 2004 0 1955 148 322 6826 0 118 0 211 453 183 0 0 0 0 432 0 0 870 548 150 0 0 478 0 0 0 112 872 0 0 0 0 0 0 179 0 0 0 0 0 157 0 0 0 178 0 1197 112 0 143 0 0 0 0 0 0 0 467 154 0 177 0 422 242 0 157 116 0 0 148 158 0 0 0 0 0 155 386 0 0 0 120 0 0 0 239 0 0 1318 0 0 176 116 0 0 551 0 431 0 115 329 0 0 0 0 0 0 0 0 0 0 0 269608
59321 21686 0 63470 67328 99132 4926 3173 53490 23368 16622 24535 19417 24397 23130 9341 2960 3797 984 19859 8065 330 6173 7033 114 2869 270 1272 579 941 1446 10085 224 9836 742 1620 28624 0 593 278 1060 2281 920 142 470 151 118 2173 0 289 4380 2759 753 274 370 2405 164 0 380 563 4390 245 373 0 274 0 393 900 355 0 185 110 494 791 524 124 388 897 334 6021 566 0 722 231 165 386 457 195 182 293 2351 776 419 890 143 2123 1216 201 792 584 376 454 746 797 229 459 480 0 471 781 1942 385 130 215 604 481 128 251 1202 0 0 6630 0 0 886 582 123 156 2775 310 2167 233 577 1656 0 119 449 153 141 259 115 116 132 177 254 907634
68998 25224 102819 0 78311 115302 5729 3691 62215 27180 19333 28537 22585 28376 26903 10865 3443 4416 1144 23098 9381 384 7179 8181 133 3337 315 1479 674 1094 1682 11730 261 11441 863 1884 33293 0 690 324 1233 2653 1071 165 546 176 138 2528 116 337 5094 3209 876 319 430 2797 191 0 441 655 5106 285 434 108 319 108 457 1047 413 0 215 127 575 920 609 144 452 1043 388 7003 658 0 840 268 192 449 531 227 212 340 2735 902 487 1036 166 2469 1415 234 922 679 437 528 867 927 266 534 558 0 547 909 2259 447 151 250 703 559 149 292 1398 0 0 7711 119 0 1031 677 143 182 3227 361 2520 271 672 1926 120 138 522 178 164 301 134 135 153 206 295 1092589
72279 26423 107708 77334 0 120785 6001 3866 65173 28472 20252 29894 23658 29726 28183 11381 3607 4626 1199 24197 9827 402 7521 8570 140 3495 330 1550 706 1146 1762 12288 273 11985 904 1974 34877 0 722 339 1291 2779 1122 173 572 184 144 2648 122 353 5337 3362 918 334 451 2930 200 0 462 686 5348 299 455 113 334 113 478 1097 433 108 225 133 602 964 638 151 473 1093 407 7336 689 0 880 281 202 470 557 238 222 357 2865 945 510 1085 174 2586 1482 245 966 711 458 553 909 971 279 559 584 0 573 952 2366 468 158 262 736 586 156 306 1464 0 108 8078 124 0 1080 709 150 190 3381 378 2640 284 704 2018 126 145 547 186 172 315 140 141 160 216 309 1138251
54662 19983 81456 58485 62040 0 4539 2924 49289 21533 15316 22608 17892 22481 21314 8607 2728 3499 907 18299 7432 304 5688 6481 0 2643 249 1172 534 867 1332 9293 206 9064 684 1493 26376 0 546 256 976 2102 848 131 433 139 109 2002 0 267 4036 2542 694 253 341 2216 152 0 350 519 4045 226 344 0 253 0 362 830 327 0 170 0 455 729 483 114 358 826 308 5548 521 0 665 212 152 355 421 180 168 270 2167 715 386 820 131 1956 1121 186 730 538 346 418 687 734 211 423 442 0 434 720 1790 354 120 198 557 443 118 232 1107 0 0 6109 0 0 817 536 113 144 2557 286 1997 215 532 1526 0 110 414 141 130 238 0 107 121 163 234 823881
84166 30768 80270 57633 61136 90015 0 4502 48571 33155 23583 34810 27549 34614 32817 13253 2240 2873 744 15027 6103 469 8758 5322 0 2171 205 962 438 712 1094 7631 169 7443 562 1226 25992 0 449 211 802 1726 697 108 356 114 0 1644 0 219 3314 2088 570 208 280 1820 124 0 287 426 3322 186 282 0 208 0 297 681 269 0 140 0 374 599 396 0 294 679 253 4556 428 0 546 174 125 292 346 148 138 222 1779 587 317 674 108 1606 920 152 600 442 285 343 564 603 173 347 363 0 356 591 1470 291 0 162 457 364 0 190 909 0 0 5017 0 0 671 440 0 118 2100 235 1640 177 437 1253 0 0 340 116 107 196 0 0 0 134 192 1045809
23716 8670 22618 16240 17227 25364 1969 0 13686 9342 6645 9809 7763 9753 9247 3734 631 810 210 4234 1720 132 2468 1500 0 612 0 271 124 201 308 2150 0 2097 158 345 7324 0 126 0 226 486 196 0 0 0 0 463 0 0 934 588 161 0 0 513 0 0 0 120 936 0 0 0 0 0 0 192 0 0 0 0 0 169 112 0 0 191 0 1284 121 0 154 0 0 0 0 0 0 0 501 165 0 190 0 453 259 0 169 124 0 0 159 170 0 0 0 0 0 167 414 0 0 0 129 0 0 0 256 0 0 1414 0 0 189 124 0 0 592 0 462 0 123 353 0 0 0 0 0 0 0 0 0 0 0 298714
56553 20674 84275 60509 64187 94506 4696 3025 0 22278 15846 23390 18511 23258 22051 8905 2822 3620 938 18932 7689 315 5885 6705 109 2735 258 1212 552 897 1379 9614 214 9377 708 1544 27289 0 565 265 1010 2174 878 136 448 144 113 2072 0 276 4176 2630 718 262 353 2293 157 0 362 537 4185 234 356 0 262 0 374 858 339 0 176 0 471 754 499 118 370 855 318 5740 539 0 688 220 158 368 436 186 174 279 2242 739 399 849 136 2024 1159 192 755 556 358 432 711 760 218 437 457 0 449 745 1852 367 124 205 576 458 122 240 1146 0 0 6320 0 0 845 555 117 149 2645 296 2066 222 550 1579 0 113 428 146 135 247 110 111 126 169 242 908396
67627 24722 64497 46308 49123 72327 5615 3617 39027 0 18949 27970 22136 27813 26369 10649 1800 2308 598 12074 4904 377 7037 4276 0 1744 164 773 352 572 879 6132 136 5981 451 985 20884 0 360 169 644 1387 560 0 286 0 0 1321 0 176 2663 1677 458 167 225 1462 0 0 231 342 2669 149 227 0 167 0 239 547 216 0 112 0 300 481 318 0 236 545 203 3661 344 0 439 140 0 234 278 119 111 178 1430 472 254 541 0 1291 739 122 482 355 229 276 453 484 139 279 292 0 286 475 1181 234 0 131 367 292 0 153 731 0 0 4031 0 0 539 354 0 0 1687 189 1317 142 351 1007 0 0 273 0 0 157 0 0 0 108 154 813878
20656 7551 19700 14144 15004 22091 1715 1105 11920 8137 0 8543 6761 8495 8054 3253 550 705 183 3688 1498 115 2149 1306 0 533 0 236 108 175 269 1873 0 1827 138 301 6379 0 110 0 197 424 171 0 0 0 0 404 0 0 813 512 140 0 0 447 0 0 0 0 815 0 0 0 0 0 0 167 0 0 0 0 0 147 0 0 0 167 0 1118 0 0 134 0 0 0 0 0 0 0 437 144 0 165 0 394 226 0 147 108 0 0 138 148 0 0 0 0 0 145 361 0 0 0 112 0 0 0 223 0 0 1231 0 0 165 108 0 0 515 0 402 0 107 308 0 0 0 0 0 0 0 0 0 0 0 254427
66307 24240 63238 45405 48164 70916 5506 3547 38265 26120 18579 0 21704 27270 25854 10441 1765 2263 587 11839 4808 369 6899 4193 0 1710 161 758 345 561 862 6012 134 5864 442 966 20477 0 353 166 632 1360 549 0 280 0 0 1296 0 172 2611 1645 449 164 221 1434 0 0 226 336 2617 146 223 0 164 0 234 537 212 0 110 0 294 472 312 0 231 535 199 3589 337 0 430 137 0 230 272 116 109 175 1402 462 250 531 0 1265 725 120 472 348 224 270 445 475 136 274 286 0 281 466 1158 229 0 128 360 287 0 150 716 0 0 3952 0 0 528 347 0 0 1654 185 1292 139 344 987 0 0 268 0 0 154 0 0 0 0 151 796414
37536 13722 35798 25703 27265 40144 3117 2008 21661 14786 10517 15524 0 15437 14636 5910 999 1281 332 6702 2722 209 3906 2373 0 968 0 429 195 317 488 3403 0 3319 250 547 11592 0 200 0 358 770 311 0 159 0 0 733 0 0 1478 931 254 0 125 812 0 0 128 190 1481 0 126 0 0 0 132 304 120 0 0 0 167 267 177 0 131 303 113 2032 191 0 244 0 0 130 154 0 0 0 793 262 141 300 0 716 410 0 267 197 127 153 252 269 0 155 162 0 159 264 655 130 0 0 204 162 0 0 406 0 0 2237 0 0 299 196 0 0 936 0 731 0 195 559 0 0 152 0 0 0 0 0 0 0 0 456675
50149 18333 47828 34340 36427 53634 4164 2683 28940 19755 14052 20741 16415 0 19554 7897 1335 1712 444 8954 3636 279 5218 3171 0 1293 122 573 261 424 652 4547 0 4435 335 730 15487 0 267 125 478 1028 415 0 212 0 0 980 0 130 1975 1244 340 124 167 1084 0 0 171 254 1979 111 168 0 124 0 177 406 160 0 0 0 223 357 236 0 175 404 150 2715 255 0 325 0 0 174 206 0 0 132 1060 350 189 401 0 957 548 0 357 263 170 205 336 359 0 207 216 0 212 352 876 173 0 0 272 217 0 113 542 0 0 2989 0 0 400 262 0 0 1251 140 977 0 260 747 0 0 202 0 0 117 0 0 0 0 114 603343
43490 15899 41477 29780 31590 46512 3611 2326 25097 17132 12186 17987 14235 17886 0 6848 1157 1485 385 7765 3153 242 4525 2750 0 1122 0 497 226 368 565 3943 0 3846 290 633 13430 0 232 109 414 892 360 0 184 0 0 850 0 113 1713 1079 295 107 145 940 0 0 148 220 1716 0 146 0 107 0 153 352 139 0 0 0 193 309 205 0 152 351 130 2354 221 0 282 0 0 151 179 0 0 114 919 303 164 348 0 830 476 0 310 228 147 177 292 311 0 179 188 0 184 305 759 150 0 0 236 188 0 0 470 0 0 2592 0 0 347 228 0 0 1085 121 847 0 226 647 0 0 176 0 0 0 0 0 0 0 0 524926
13668 4997 13035 9359 9928 14618 1135 731 7888 5384 3830 5653 4474 5621 5329 0 364 467 121 2440 991 0 1422 864 0 353 0 156 0 116 178 1239 0 1209 0 199 4221 0 0 0 130 280 113 0 0 0 0 267 0 0 538 339 0 0 0 296 0 0 0 0 539 0 0 0 0 0 0 111 0 0 0 0 0 0 0 0 0 110 0 740 0 0 0 0 0 0 0 0 0 0 289 0 0 109 0 261 149 0 0 0 0 0 0 0 0 0 0 0 0 0 239 0 0 0 0 0 0 0 148 0 0 815 0 0 109 0 0 0 341 0 266 0 0 203 0 0 0 0 0 0 0 0 0 0 0 171880
851 311 1521 1092 1159 1706 0 0 921 335 238 352 278 350 332 134 0 181 0 949 386 0 0 336 0 137 0 0 0 0 0 482 0 470 0 0 493 0 0 0 0 109 0 0 0 0 0 0 0 0 209 132 0 0 0 115 0 0 0 0 210 0 0 0 0 0 0 0 0 0 0 0 0 0 0 0 0 0 0 288 0 0 0 0 0 0 0 0 0 0 112 0 0 0 0 0 0 0 0 0 0 0 0 0 0 0 0 0 0 0 0 0 0 0 0 0 0 0 0 0 0 317 0 0 0 0 0 0 133 0 0 0 0 0 0 0 0 0 0 0 0 0 0 0 0 25324
1288 471 2303 1653 1754 2582 107 0 1393 507 361 533 421 530 502 203 214 0 0 1437 584 0 134 509 0 208 0 0 0 0 0 730 0 712 0 117 746 0 0 0 0 165 0 0 0 0 0 157 0 0 317 200 0 0 0 174 0 0 0 0 318 0 0 0 0 0 0 0 0 0 0 0 0 0 0 0 0 0 0 436 0 0 0 0 0 0 0 0 0 0 170 0 0 0 0 154 0 0 0 0 0 0 0 0 0 0 0 0 0 0 141 0 0 0 0 0 0 0 0 0 0 480 0 0 0 0 0 0 201 0 157 0 0 120 0 0 0 0 0 0 0 0 0 0 0 37167
196 0 350 251 266 392 0 0 212 0 0 0 0 0 0 0 0 0 0 218 0 0 0 0 0 0 0 0 0 0 0 111 0 108 0 0 113 0 0 0 0 0 0 0 0 0 0 0 0 0 0 0 0 0 0 0 0 0 0 0 0 0 0 0 0 0 0 0 0 0 0 0 0 0 0 0 0 0 0 0 0 0 0 0 0 0 0 0 0 0 0 0 0 0 0 0 0 0 0 0 0 0 0 0 0 0 0 0 0 0 0 0 0 0 0 0 0 0 0 0 0 0 0 0 0 0 0 0 0 0 0 0 0 0 0 0 0 0 0 0 0 0 0 0 0 7021
8502 3108 15203 10916 11579 17049 706 455 9199 3349 2382 3516 2783 3497 3315 1339 1414 1814 470 0 3853 0 885 3360 0 1371 129 608 277 449 691 4818 107 4699 355 774 4923 0 283 133 506 1090 440 0 224 0 0 1038 0 138 2092 1318 360 131 177 1149 0 0 181 269 2097 117 178 0 131 0 188 430 170 0 0 0 236 378 250 0 186 428 159 2876 270 0 345 110 0 184 218 0 0 140 1123 371 200 425 0 1014 581 0 379 279 180 217 356 381 109 219 229 0 225 373 928 184 0 0 289 230 0 120 574 0 0 3167 0 0 423 278 0 0 1326 148 1035 111 276 791 0 0 215 0 0 124 0 0 0 0 121 217361
7155 2616 12794 9186 9744 14347 594 383 7742 2818 2005 2959 2342 2942 2790 1127 1190 1526 396 7984 0 0 744 2828 0 1153 109 511 233 378 581 4054 0 3955 298 651 4143 0 238 112 426 917 370 0 189 0 0 874 0 116 1761 1109 303 110 149 967 0 0 153 226 1765 0 150 0 110 0 158 362 143 0 0 0 199 318 211 0 156 360 134 2420 227 0 290 0 0 155 184 0 0 118 945 312 168 358 0 853 489 0 319 235 151 182 300 320 0 184 193 0 189 314 781 155 0 0 243 193 0 0 483 0 0 2665 0 0 356 234 0 0 1115 125 871 0 232 666 0 0 181 0 0 0 0 0 0 0 0 189815
5160 1886 4921 3534 3748 5519 428 276 2978 2033 1446 2134 1689 2122 2012 813 137 176 0 921 374 0 537 326 0 133 0 0 0 0 0 468 0 456 0 0 1594 0 0 0 0 0 0 0 0 0 0 0 0 0 203 128 0 0 0 112 0 0 0 0 204 0 0 0 0 0 0 0 0 0 0 0 0 0 0 0 0 0 0 279 0 0 0 0 0 0 0 0 0 0 109 0 0 0 0 0 0 0 0 0 0 0 0 0 0 0 0 0 0 0 0 0 0 0 0 0 0 0 0 0 0 308 0 0 0 0 0 0 129 0 0 0 0 0 0 0 0 0 0 0 0 0 0 0 0 67110
17960 6565 17128 12298 13045 19208 1491 961 10364 7075 5032 7428 5879 7386 7003 2828 478 613 159 3207 1302 0 0 1136 0 463 0 205 0 152 233 1628 0 1588 120 262 5546 0 0 0 171 368 149 0 0 0 0 351 0 0 707 445 122 0 0 388 0 0 0 0 709 0 0 0 0 0 0 145 0 0 0 0 0 128 0 0 0 145 0 972 0 0 117 0 0 0 0 0 0 0 380 125 0 144 0 343 196 0 128 0 0 0 120 129 0 0 0 0 0 126 314 0 0 0 0 0 0 0 194 0 0 1070 0 0 143 0 0 0 448 0 350 0 0 267 0 0 0 0 0 0 0 0 0 0 0 225972
1385 506 2477 1779 1887 2778 115 0 1499 546 388 573 453 570 540 218 230 296 0 1546 628 0 144 0 0 223 0 0 0 0 113 785 0 766 0 126 802 0 0 0 0 178 0 0 0 0 0 169 0 0 341 215 0 0 0 187 0 0 0 0 342 0 0 0 0 0 0 0 0 0 0 0 0 0 0 0 0 0 0 469 0 0 0 0 0 0 0 0 0 0 183 0 0 0 0 165 0 0 0 0 0 0 0 0 0 0 0 0 0 0 151 0 0 0 0 0 0 0 0 0 0 516 0 0 0 0 0 0 216 0 169 0 0 129 0 0 0 0 0 0 0 0 0 0 0 39547
2173 794 3885 2789 2959 4357 180 116 2351 856 609 899 711 894 847 342 361 464 120 2424 985 0 226 859 0 350 0 155 0 115 177 1231 0 1201 0 198 1258 0 0 0 129 278 112 0 0 0 0 265 0 0 535 337 0 0 0 294 0 0 0 0 536 0 0 0 0 0 0 110 0 0 0 0 0 0 0 0 0 109 0 735 0 0 0 0 0 0 0 0 0 0 287 0 0 109 0 259 148 0 0 0 0 0 0 0 0 0 0 0 0 0 237 0 0 0 0 0 0 0 147 0 0 809 0 0 108 0 0 0 339 0 265 0 0 202 0 0 0 0 0 0 0 0 0 0 0 61618
149 0 267 192 203 299 0 0 161 0 0 0 0 0 0 0 0 0 0 166 0 0 0 0 0 0 0 0 0 0 0 0 0 0 0 0 0 0 0 0 0 0 0 0 0 0 0 0 0 0 0 0 0 0 0 0 0 0 0 0 0 0 0 0 0 0 0 0 0 0 0 0 0 0 0 0 0 0 0 0 0 0 0 0 0 0 0 0 0 0 0 0 0 0 0 0 0 0 0 0 0 0 0 0 0 0 0 0 0 0 0 0 0 0 0 0 0 0 0 0 0 0 0 0 0 0 0 0 0 0 0 0 0 0 0 0 0 0 0 0 0 0 0 0 0 5572
345 126 617 443 470 692 0 0 373 136 0 143 113 142 135 0 0 0 0 385 156 0 0 136 0 0 0 0 0 0 0 195 0 191 0 0 200 0 0 0 0 0 0 0 0 0 0 0 0 0 0 0 0 0 0 0 0 0 0 0 0 0 0 0 0 0 0 0 0 0 0 0 0 0 0 0 0 0 0 117 0 0 0 0 0 0 0 0 0 0 0 0 0 0 0 0 0 0 0 0 0 0 0 0 0 0 0 0 0 0 0 0 0 0 0 0 0 0 0 0 0 129 0 0 0 0 0 0 0 0 0 0 0 0 0 0 0 0 0 0 0 0 0 0 0 11082
202 0 360 259 274 404 0 0 218 0 0 0 0 0 0 0 0 0 0 225 0 0 0 0 0 0 0 0 0 0 0 114 0 111 0 0 117 0 0 0 0 0 0 0 0 0 0 0 0 0 0 0 0 0 0 0 0 0 0 0 0 0 0 0 0 0 0 0 0 0 0 0 0 0 0 0 0 0 0 0 0 0 0 0 0 0 0 0 0 0 0 0 0 0 0 0 0 0 0 0 0 0 0 0 0 0 0 0 0 0 0 0 0 0 0 0 0 0 0 0 0 0 0 0 0 0 0 0 0 0 0 0 0 0 0 0 0 0 0 0 0 0 0 0 0 7226
0 0 0 0 0 0 0 0 0 0 0 0 0 0 0 0 0 0 0 0 0 0 0 0 0 0 0 0 0 0 0 0 0 0 0 0 0 0 0 0 0 0 0 0 0 0 0 0 0 0 0 0 0 0 0 0 0 0 0 0 0 0 0 0 0 0 0 0 0 0 0 0 0 0 0 0 0 0 0 0 0 0 0 0 0 0 0 0 0 0 0 0 0 0 0 0 0 0 0 0 0 0 0 0 0 0 0 0 0 0 0 0 0 0 0 0 0 0 0 0 0 0 0 0 0 0 0 0 0 0 0 0 0 0 0 0 0 0 0 0 0 0 0 0 0 1866
182 0 325 233 247 364 0 0 196 0 0 0 0 0 0 0 0 0 0 203 0 0 0 0 0 0 0 0 0 0 0 0 0 0 0 0 0 0 0 0 0 0 0 0 0 0 0 0 0 0 0 0 0 0 0 0 0 0 0 0 0 0 0 0 0 0 0 0 0 0 0 0 0 0 0 0 0 0 0 0 0 0 0 0 0 0 0 0 0 0 0 0 0 0 0 0 0 0 0 0 0 0 0 0 0 0 0 0 0 0 0 0 0 0 0 0 0 0 0 0 0 0 0 0 0 0 0 0 0 0 0 0 0 0 0 0 0 0 0 0 0 0 0 0 0 6825
1351 494 2416 1735 1840 2709 112 0 1462 532 379 559 442 556 527 213 225 288 0 1508 612 0 141 534 0 218 0 0 0 0 0 766 0 747 0 123 782 0 0 0 0 173 0 0 0 0 0 165 0 0 332 209 0 0 0 183 0 0 0 0 333 0 0 0 0 0 0 0 0 0 0 0 0 0 0 0 0 0 0 457 0 0 0 0 0 0 0 0 0 0 178 0 0 0 0 161 0 0 0 0 0 0 0 0 0 0 0 0 0 0 147 0 0 0 0 0 0 0 0 0 0 503 0 0 0 0 0 0 211 0 164 0 0 126 0 0 0 0 0 0 0 0 0 0 0 39114
2715 992 4855 3486 3697 5444 225 145 2938 1069 761 1123 889 1117 1059 427 452 579 150 3029 1230 0 282 1073 0 438 0 194 0 144 221 0 0 1501 113 247 1572 0 0 0 162 348 140 0 0 0 0 332 0 0 668 421 115 0 0 367 0 0 0 0 670 0 0 0 0 0 0 137 0 0 0 0 0 121 0 0 0 137 0 918 0 0 110 0 0 0 0 0 0 0 359 118 0 136 0 324 186 0 121 0 0 0 114 122 0 0 0 0 0 119 296 0 0 0 0 0 0 0 183 0 0 1011 0 0 135 0 0 0 423 0 331 0 0 253 0 0 0 0 0 0 0 0 0 0 0 73997
617 225 1103 792 840 1237 0 0 667 243 173 255 202 254 240 0 0 132 0 688 280 0 0 244 0 0 0 0 0 0 0 350 0 341 0 0 357 0 0 0 0 0 0 0 0 0 0 0 0 0 152 0 0 0 0 0 0 0 0 0 152 0 0 0 0 0 0 0 0 0 0 0 0 0 0 0 0 0 0 209 0 0 0 0 0 0 0 0 0 0 0 0 0 0 0 0 0 0 0 0 0 0 0 0 0 0 0 0 0 0 0 0 0 0 0 0 0 0 0 0 0 230 0 0 0 0 0 0 0 0 0 0 0 0 0 0 0 0 0 0 0 0 0 0 0 19209
593 217 1060 761 807 1189 0 0 641 233 166 245 194 244 231 0 0 126 0 661 269 0 0 234 0 0 0 0 0 0 0 336 0 0 0 0 343 0 0 0 0 0 0 0 0 0 0 0 0 0 146 0 0 0 0 0 0 0 0 0 146 0 0 0 0 0 0 0 0 0 0 0 0 0 0 0 0 0 0 201 0 0 0 0 0 0 0 0 0 0 0 0 0 0 0 0 0 0 0 0 0 0 0 0 0 0 0 0 0 0 0 0 0 0 0 0 0 0 0 0 0 221 0 0 0 0 0 0 0 0 0 0 0 0 0 0 0 0 0 0 0 0 0 0 0 18054
593 217 1060 761 807 1189 0 0 641 234 166 245 194 244 231 0 0 126 0 661 269 0 0 234 0 0 0 0 0 0 0 336 0 328 0 0 343 0 0 0 0 0 0 0 0 0 0 0 0 0 146 0 0 0 0 0 0 0 0 0 146 0 0 0 0 0 0 0 0 0 0 0 0 0 0 0 0 0 0 201 0 0 0 0 0 0 0 0 0 0 0 0 0 0 0 0 0 0 0 0 0 0 0 0 0 0 0 0 0 0 0 0 0 0 0 0 0 0 0 0 0 221 0 0 0 0 0 0 0 0 0 0 0 0 0 0 0 0 0 0 0 0 0 0 0 18422
1684 616 3012 2163 2294 3378 140 0 1823 664 472 697 551 693 657 265 280 359 0 1880 763 0 175 666 0 272 0 120 0 0 137 955 0 931 0 0 975 0 0 0 0 216 0 0 0 0 0 206 0 0 415 261 0 0 0 228 0 0 0 0 415 0 0 0 0 0 0 0 0 0 0 0 0 0 0 0 0 0 0 570 0 0 0 0 0 0 0 0 0 0 223 0 0 0 0 201 115 0 0 0 0 0 0 0 0 0 0 0 0 0 184 0 0 0 0 0 0 0 114 0 0 627 0 0 0 0 0 0 263 0 205 0 0 157 0 0 0 0 0 0 0 0 0 0 0 48398
10063 3679 14996 10767 11421 16817 836 538 9074 3964 2820 4162 3294 4139 3924 1585 502 644 167 3369 1368 0 1047 1193 0 487 0 216 0 160 245 1711 0 1669 126 275 0 0 0 0 180 387 156 0 0 0 0 369 0 0 743 468 128 0 0 408 0 0 0 0 745 0 0 0 0 0 0 153 0 0 0 0 0 134 0 0 0 152 0 1021 0 0 122 0 0 0 0 0 0 0 399 132 0 151 0 360 206 0 134 0 0 0 126 135 0 0 0 0 0 133 329 0 0 0 0 0 0 0 204 0 0 1125 0 0 150 0 0 0 471 0 368 0 0 281 0 0 0 0 0 0 0 0 0 0 0 170720
231 0 414 297 315 464 0 0 250 0 0 0 0 0 0 0 0 0 0 258 0 0 0 0 0 0 0 0 0 0 0 131 0 128 0 0 134 0 0 0 0 0 0 0 0 0 0 0 0 0 0 0 0 0 0 0 0 0 0 0 0 0 0 0 0 0 0 0 0 0 0 0 0 0 0 0 0 0 0 0 0 0 0 0 0 0 0 0 0 0 0 0 0 0 0 0 0 0 0 0 0 0 0 0 0 0 0 0 0 0 0 0 0 0 0 0 0 0 0 0 0 0 0 0 0 0 0 0 0 0 0 0 0 0 0 0 0 0 0 0 0 0 0 0 0 8328
229 0 410 295 312 460 0 0 248 0 0 0 0 0 0 0 0 0 0 256 0 0 0 0 0 0 0 0 0 0 0 130 0 127 0 0 133 0 0 0 0 0 0 0 0 0 0 0 0 0 0 0 0 0 0 0 0 0 0 0 0 0 0 0 0 0 0 0 0 0 0 0 0 0 0 0 0 0 0 0 0 0 0 0 0 0 0 0 0 0 0 0 0 0 0 0 0 0 0 0 0 0 0 0 0 0 0 0 0 0 0 0 0 0 0 0 0 0 0 0 0 0 0 0 0 0 0 0 0 0 0 0 0 0 0 0 0 0 0 0 0 0 0 0 0 8247
844 309 1510 1084 1150 1693 0 0 913 333 237 349 276 347 329 133 140 180 0 942 383 0 0 334 0 136 0 0 0 0 0 478 0 467 0 0 489 0 0 0 0 108 0 0 0 0 0 0 0 0 208 131 0 0 0 114 0 0 0 0 208 0 0 0 0 0 0 0 0 0 0 0 0 0 0 0 0 0 0 286 0 0 0 0 0 0 0 0 0 0 112 0 0 0 0 0 0 0 0 0 0 0 0 0 0 0 0 0 0 0 0 0 0 0 0 0 0 0 0 0 0 314 0 0 0 0 0 0 132 0 0 0 0 0 0 0 0 0 0 0 0 0 0 0 0 25279
0 0 126 0 0 141 0 0 0 0 0 0 0 0 0 0 0 0 0 0 0 0 0 0 0 0 0 0 0 0 0 0 0 0 0 0 0 0 0 0 0 0 0 0 0 0 0 0 0 0 0 0 0 0 0 0 0 0 0 0 0 0 0 0 0 0 0 0 0 0 0 0 0 0 0 0 0 0 0 0 0 0 0 0 0 0 0 0 0 0 0 0 0 0 0 0 0 0 0 0 0 0 0 0 0 0 0 0 0 0 0 0 0 0 0 0 0 0 0 0 0 0 0 0 0 0 0 0 0 0 0 0 0 0 0 0 0 0 0 0 0 0 0 0 0 3060
362 132 648 465 493 726 0 0 392 143 0 150 119 149 141 0 0 0 0 404 164 0 0 143 0 0 0 0 0 0 0 205 0 200 0 0 210 0 0 0 0 0 0 0 0 0 0 0 0 0 0 0 0 0 0 0 0 0 0 0 0 0 0 0 0 0 0 0 0 0 0 0 0 0 0 0 0 0 0 123 0 0 0 0 0 0 0 0 0 0 0 0 0 0 0 0 0 0 0 0 0 0 0 0 0 0 0 0 0 0 0 0 0 0 0 0 0 0 0 0 0 135 0 0 0 0 0 0 0 0 0 0 0 0 0 0 0 0 0 0 0 0 0 0 0 11539
478 175 855 614 651 958 0 0 517 188 134 198 156 197 186 0 0 0 0 533 217 0 0 189 0 0 0 0 0 0 0 271 0 264 0 0 277 0 0 0 0 0 0 0 0 0 0 0 0 0 118 0 0 0 0 0 0 0 0 0 118 0 0 0 0 0 0 0 0 0 0 0 0 0 0 0 0 0 0 162 0 0 0 0 0 0 0 0 0 0 0 0 0 0 0 0 0 0 0 0 0 0 0 0 0 0 0 0 0 0 0 0 0 0 0 0 0 0 0 0 0 178 0 0 0 0 0 0 0 0 0 0 0 0 0 0 0 0 0 0 0 0 0 0 0 14944
132 0 235 169 179 264 0 0 142 0 0 0 0 0 0 0 0 0 0 147 0 0 0 0 0 0 0 0 0 0 0 0 0 0 0 0 0 0 0 0 0 0 0 0 0 0 0 0 0 0 0 0 0 0 0 0 0 0 0 0 0 0 0 0 0 0 0 0 0 0 0 0 0 0 0 0 0 0 0 0 0 0 0 0 0 0 0 0 0 0 0 0 0 0 0 0 0 0 0 0 0 0 0 0 0 0 0 0 0 0 0 0 0 0 0 0 0 0 0 0 0 0 0 0 0 0 0 0 0 0 0 0 0 0 0 0 0 0 0 0 0 0 0 0 0 4960
171 0 305 219 233 343 0 0 185 0 0 0 0 0 0 0 0 0 0 191 0 0 0 0 0 0 0 0 0 0 0 0 0 0 0 0 0 0 0 0 0 0 0 0 0 0 0 0 0 0 0 0 0 0 0 0 0 0 0 0 0 0 0 0 0 0 0 0 0 0 0 0 0 0 0 0 0 0 0 0 0 0 0 0 0 0 0 0 0 0 0 0 0 0 0 0 0 0 0 0 0 0 0 0 0 0 0 0 0 0 0 0 0 0 0 0 0 0 0 0 0 0 0 0 0 0 0 0 0 0 0 0 0 0 0 0 0 0 0 0 0 0 0 0 0 6433
0 0 0 0 0 0 0 0 0 0 0 0 0 0 0 0 0 0 0 0 0 0 0 0 0 0 0 0 0 0 0 0 0 0 0 0 0 0 0 0 0 0 0 0 0 0 0 0 0 0 0 0 0 0 0 0 0 0 0 0 0 0 0 0 0 0 0 0 0 0 0 0 0 0 0 0 0 0 0 0 0 0 0 0 0 0 0 0 0 0 0 0 0 0 0 0 0 0 0 0 0 0 0 0 0 0 0 0 0 0 0 0 0 0 0 0 0 0 0 0 0 0 0 0 0 0 0 0 0 0 0 0 0 0 0 0 0 0 0 0 0 0 0 0 0 288
174 0 312 224 237 349 0 0 189 0 0 0 0 0 0 0 0 0 0 194 0 0 0 0 0 0 0 0 0 0 0 0 0 0 0 0 0 0 0 0 0 0 0 0 0 0 0 0 0 0 0 0 0 0 0 0 0 0 0 0 0 0 0 0 0 0 0 0 0 0 0 0 0 0 0 0 0 0 0 0 0 0 0 0 0 0 0 0 0 0 0 0 0 0 0 0 0 0 0 0 0 0 0 0 0 0 0 0 0 0 0 0 0 0 0 0 0 0 0 0 0 0 0 0 0 0 0 0 0 0 0 0 0 0 0 0 0 0 0 0 0 0 0 0 0 6570
425 155 760 545 578 852 0 0 460 167 119 176 139 175 166 0 0 0 0 474 192 0 0 168 0 0 0 0 0 0 0 241 0 235 0 0 246 0 0 0 0 0 0 0 0 0 0 0 0 0 0 0 0 0 0 0 0 0 0 0 0 0 0 0 0 0 0 0 0 0 0 0 0 0 0 0 0 0 0 144 0 0 0 0 0 0 0 0 0 0 0 0 0 0 0 0 0 0 0 0 0 0 0 0 0 0 0 0 0 0 0 0 0 0 0 0 0 0 0 0 0 158 0 0 0 0 0 0 0 0 0 0 0 0 0 0 0 0 0 0 0 0 0 0 0 13421
0 0 0 0 0 0 0 0 0 0 0 0 0 0 0 0 0 0 0 0 0 0 0 0 0 0 0 0 0 0 0 0 0 0 0 0 0 0 0 0 0 0 0 0 0 0 0 0 0 0 0 0 0 0 0 0 0 0 0 0 0 0 0 0 0 0 0 0 0 0 0 0 0 0 0 0 0 0 0 0 0 0 0 0 0 0 0 0 0 0 0 0 0 0 0 0 0 0 0 0 0 0 0 0 0 0 0 0 0 0 0 0 0 0 0 0 0 0 0 0 0 0 0 0 0 0 0 0 0 0 0 0 0 0 0 0 0 0 0 0 0 0 0 0 0 453
173 0 310 223 236 348 0 0 188 0 0 0 0 0 0 0 0 0 0 193 0 0 0 0 0 0 0 0 0 0 0 0 0 0 0 0 0 0 0 0 0 0 0 0 0 0 0 0 0 0 0 0 0 0 0 0 0 0 0 0 0 0 0 0 0 0 0 0 0 0 0 0 0 0 0 0 0 0 0 0 0 0 0 0 0 0 0 0 0 0 0 0 0 0 0 0 0 0 0 0 0 0 0 0 0 0 0 0 0 0 0 0 0 0 0 0 0 0 0 0 0 0 0 0 0 0 0 0 0 0 0 0 0 0 0 0 0 0 0 0 0 0 0 0 0 6531
2225 813 3978 2856 3030 4461 185 119 2407 876 623 920 728 915 867 350 370 475 123 2482 1008 0 231 879 0 359 0 159 0 118 181 1261 0 1230 0 202 1288 0 0 0 132 285 115 0 0 0 0 272 0 0 0 345 0 0 0 301 0 0 0 0 549 0 0 0 0 0 0 113 0 0 0 0 0 0 0 0 0 112 0 753 0 0 0 0 0 0 0 0 0 0 294 0 0 111 0 265 152 0 0 0 0 0 0 0 0 0 0 0 0 0 243 0 0 0 0 0 0 0 150 0 0 829 0 0 111 0 0 0 347 0 271 0 0 207 0 0 0 0 0 0 0 0 0 0 0 62419
319 117 570 409 434 639 0 0 345 126 0 132 0 131 124 0 0 0 0 356 144 0 0 126 0 0 0 0 0 0 0 181 0 176 0 0 185 0 0 0 0 0 0 0 0 0 0 0 0 0 0 0 0 0 0 0 0 0 0 0 0 0 0 0 0 0 0 0 0 0 0 0 0 0 0 0 0 0 0 108 0 0 0 0 0 0 0 0 0 0 0 0 0 0 0 0 0 0 0 0 0 0 0 0 0 0 0 0 0 0 0 0 0 0 0 0 0 0 0 0 0 119 0 0 0 0 0 0 0 0 0 0 0 0 0 0 0 0 0 0 0 0 0 0 0 10241
2471 903 4418 3172 3365 4955 205 132 2673 973 692 1022 809 1016 963 389 411 527 137 2757 1120 0 257 976 0 398 0 177 0 131 201 1400 0 1366 0 225 1431 0 0 0 147 317 128 0 0 0 0 302 0 0 608 383 0 0 0 334 0 0 0 0 609 0 0 0 0 0 0 125 0 0 0 0 0 110 0 0 0 124 0 836 0 0 0 0 0 0 0 0 0 0 326 108 0 124 0 295 169 0 110 0 0 0 0 111 0 0 0 0 0 108 270 0 0 0 0 0 0 0 167 0 0 920 0 0 123 0 0 0 385 0 301 0 0 230 0 0 0 0 0 0 0 0 0 0 0 69325
0 0 0 0 0 0 0 0 0 0 0 0 0 0 0 0 0 0 0 0 0 0 0 0 0 0 0 0 0 0 0 0 0 0 0 0 0 0 0 0 0 0 0 0 0 0 0 0 0 0 0 0 0 0 0 0 0 0 0 0 0 0 0 0 0 0 0 0 0 0 0 0 0 0 0 0 0 0 0 0 0 0 0 0 0 0 0 0 0 0 0 0 0 0 0 0 0 0 0 0 0 0 0 0 0 0 0 0 0 0 0 0 0 0 0 0 0 0 0 0 0 0 0 0 0 0 0 0 0 0 0 0 0 0 0 0 0 0 0 0 0 0 0 0 0 1123
0 0 0 0 0 0 0 0 0 0 0 0 0 0 0 0 0 0 0 0 0 0 0 0 0 0 0 0 0 0 0 0 0 0 0 0 0 0 0 0 0 0 0 0 0 0 0 0 0 0 0 0 0 0 0 0 0 0 0 0 0 0 0 0 0 0 0 0 0 0 0 0 0 0 0 0 0 0 0 0 0 0 0 0 0 0 0 0 0 0 0 0 0 0 0 0 0 0 0 0 0 0 0 0 0 0 0 0 0 0 0 0 0 0 0 0 0 0 0 0 0 0 0 0 0 0 0 0 0 0 0 0 0 0 0 0 0 0 0 0 0 0 0 0 0 1507
1884 689 3370 2420 2567 3779 156 0 2039 742 528 779 617 775 735 297 313 402 0 2103 854 0 196 745 0 304 0 135 0 0 153 1068 0 1042 0 172 1091 0 0 0 112 242 0 0 0 0 0 230 0 0 464 292 0 0 0 0 0 0 0 0 465 0 0 0 0 0 0 0 0 0 0 0 0 0 0 0 0 0 0 638 0 0 0 0 0 0 0 0 0 0 249 0 0 0 0 225 129 0 0 0 0 0 0 0 0 0 0 0 0 0 206 0 0 0 0 0 0 0 127 0 0 702 0 0 0 0 0 0 294 0 229 0 0 175 0 0 0 0 0 0 0 0 0 0 0 53927
0 0 0 0 0 0 0 0 0 0 0 0 0 0 0 0 0 0 0 0 0 0 0 0 0 0 0 0 0 0 0 0 0 0 0 0 0 0 0 0 0 0 0 0 0 0 0 0 0 0 0 0 0 0 0 0 0 0 0 0 0 0 0 0 0 0 0 0 0 0 0 0 0 0 0 0 0 0 0 0 0 0 0 0 0 0 0 0 0 0 0 0 0 0 0 0 0 0 0 0 0 0 0 0 0 0 0 0 0 0 0 0 0 0 0 0 0 0 0 0 0 0 0 0 0 0 0 0 0 0 0 0 0 0 0 0 0 0 0 0 0 0 0 0 0 1016
0 0 125 0 0 140 0 0 0 0 0 0 0 0 0 0 0 0 0 0 0 0 0 0 0 0 0 0 0 0 0 0 0 0 0 0 0 0 0 0 0 0 0 0 0 0 0 0 0 0 0 0 0 0 0 0 0 0 0 0 0 0 0 0 0 0 0 0 0 0 0 0 0 0 0 0 0 0 0 0 0 0 0 0 0 0 0 0 0 0 0 0 0 0 0 0 0 0 0 0 0 0 0 0 0 0 0 0 0 0 0 0 0 0 0 0 0 0 0 0 0 0 0 0 0 0 0 0 0 0 0 0 0 0 0 0 0 0 0 0 0 0 0 0 0 3049
480 175 858 616 653 962 0 0 519 189 134 198 157 197 187 0 0 0 0 535 217 0 0 190 0 0 0 0 0 0 0 272 0 265 0 0 278 0 0 0 0 0 0 0 0 0 0 0 0 0 118 0 0 0 0 0 0 0 0 0 118 0 0 0 0 0 0 0 0 0 0 0 0 0 0 0 0 0 0 162 0 0 0 0 0 0 0 0 0 0 0 0 0 0 0 0 0 0 0 0 0 0 0 0 0 0 0 0 0 0 0 0 0 0 0 0 0 0 0 0 0 179 0 0 0 0 0 0 0 0 0 0 0 0 0 0 0 0 0 0 0 0 0 0 0 15033
0 0 0 0 0 0 0 0 0 0 0 0 0 0 0 0 0 0 0 0 0 0 0 0 0 0 0 0 0 0 0 0 0 0 0 0 0 0 0 0 0 0 0 0 0 0 0 0 0 0 0 0 0 0 0 0 0 0 0 0 0 0 0 0 0 0 0 0 0 0 0 0 0 0 0 0 0 0 0 0 0 0 0 0 0 0 0 0 0 0 0 0 0 0 0 0 0 0 0 0 0 0 0 0 0 0 0 0 0 0 0 0 0 0 0 0 0 0 0 0 0 0 0 0 0 0 0 0 0 0 0 0 0 0 0 0 0 0 0 0 0 0 0 0 0 1505
1453 531 2599 1866 1979 2914 121 0 1572 572 407 601 476 598 567 229 242 310 0 1622 659 0 151 574 0 234 0 0 0 0 118 824 0 803 0 132 841 0 0 0 0 186 0 0 0 0 0 177 0 0 358 225 0 0 0 196 0 0 0 0 0 0 0 0 0 0 0 0 0 0 0 0 0 0 0 0 0 0 0 492 0 0 0 0 0 0 0 0 0 0 192 0 0 0 0 173 0 0 0 0 0 0 0 0 0 0 0 0 0 0 159 0 0 0 0 0 0 0 0 0 0 541 0 0 0 0 0 0 227 0 177 0 0 135 0 0 0 0 0 0 0 0 0 0 0 41766
0 0 0 0 0 0 0 0 0 0 0 0 0 0 0 0 0 0 0 0 0 0 0 0 0 0 0 0 0 0 0 0 0 0 0 0 0 0 0 0 0 0 0 0 0 0 0 0 0 0 0 0 0 0 0 0 0 0 0 0 0 0 0 0 0 0 0 0 0 0 0 0 0 0 0 0 0 0 0 0 0 0 0 0 0 0 0 0 0 0 0 0 0 0 0 0 0 0 0 0 0 0 0 0 0 0 0 0 0 0 0 0 0 0 0 0 0 0 0 0 0 0 0 0 0 0 0 0 0 0 0 0 0 0 0 0 0 0 0 0 0 0 0 0 0 403
341 125 610 438 465 684 0 0 369 134 0 141 112 140 133 0 0 0 0 381 155 0 0 135 0 0 0 0 0 0 0 193 0 189 0 0 198 0 0 0 0 0 0 0 0 0 0 0 0 0 0 0 0 0 0 0 0 0 0 0 0 0 0 0 0 0 0 0 0 0 0 0 0 0 0 0 0 0 0 115 0 0 0 0 0 0 0 0 0 0 0 0 0 0 0 0 0 0 0 0 0 0 0 0 0 0 0 0 0 0 0 0 0 0 0 0 0 0 0 0 0 127 0 0 0 0 0 0 0 0 0 0 0 0 0 0 0 0 0 0 0 0 0 0 0 10958
143 0 256 184 195 287 0 0 155 0 0 0 0 0 0 0 0 0 0 160 0 0 0 0 0 0 0 0 0 0 0 0 0 0 0 0 0 0 0 0 0 0 0 0 0 0 0 0 0 0 0 0 0 0 0 0 0 0 0 0 0 0 0 0 0 0 0 0 0 0 0 0 0 0 0 0 0 0 0 0 0 0 0 0 0 0 0 0 0 0 0 0 0 0 0 0 0 0 0 0 0 0 0 0 0 0 0 0 0 0 0 0 0 0 0 0 0 0 0 0 0 0 0 0 0 0 0 0 0 0 0 0 0 0 0 0 0 0 0 0 0 0 0 0 0 5401
0 0 0 0 0 0 0 0 0 0 0 0 0 0 0 0 0 0 0 0 0 0 0 0 0 0 0 0 0 0 0 0 0 0 0 0 0 0 0 0 0 0 0 0 0 0 0 0 0 0 0 0 0 0 0 0 0 0 0 0 0 0 0 0 0 0 0 0 0 0 0 0 0 0 0 0 0 0 0 0 0 0 0 0 0 0 0 0 0 0 0 0 0 0 0 0 0 0 0 0 0 0 0 0 0 0 0 0 0 0 0 0 0 0 0 0 0 0 0 0 0 0 0 0 0 0 0 0 0 0 0 0 0 0 0 0 0 0 0 0 0 0 0 0 0 81
0 0 0 0 0 0 0 0 0 0 0 0 0 0 0 0 0 0 0 0 0 0 0 0 0 0 0 0 0 0 0 0 0 0 0 0 0 0 0 0 0 0 0 0 0 0 0 0 0 0 0 0 0 0 0 0 0 0 0 0 0 0 0 0 0 0 0 0 0 0 0 0 0 0 0 0 0 0 0 0 0 0 0 0 0 0 0 0 0 0 0 0 0 0 0 0 0 0 0 0 0 0 0 0 0 0 0 0 0 0 0 0 0 0 0 0 0 0 0 0 0 0 0 0 0 0 0 0 0 0 0 0 0 0 0 0 0 0 0 0 0 0 0 0 0 67
272 0 486 349 370 545 0 0 294 107 0 112 0 112 0 0 0 0 0 303 123 0 0 107 0 0 0 0 0 0 0 154 0 150 0 0 157 0 0 0 0 0 0 0 0 0 0 0 0 0 0 0 0 0 0 0 0 0 0 0 0 0 0 0 0 0 0 0 0 0 0 0 0 0 0 0 0 0 0 0 0 0 0 0 0 0 0 0 0 0 0 0 0 0 0 0 0 0 0 0 0 0 0 0 0 0 0 0 0 0 0 0 0 0 0 0 0 0 0 0 0 0 0 0 0 0 0 0 0 0 0 0 0 0 0 0 0 0 0 0 0 0 0 0 0 9216
1437 525 2570 1845 1958 2882 119 0 1555 566 403 594 470 591 560 226 239 307 0 1604 651 0 150 568 0 232 0 0 0 0 117 814 0 794 0 131 832 0 0 0 0 184 0 0 0 0 0 176 0 0 354 223 0 0 0 194 0 0 0 0 355 0 0 0 0 0 0 0 0 0 0 0 0 0 0 0 0 0 0 486 0 0 0 0 0 0 0 0 0 0 190 0 0 0 0 171 0 0 0 0 0 0 0 0 0 0 0 0 0 0 157 0 0 0 0 0 0 0 0 0 0 535 0 0 0 0 0 0 224 0 175 0 0 134 0 0 0 0 0 0 0 0 0 0 0 41598
286 0 512 367 390 574 0 0 310 113 0 118 0 118 112 0 0 0 0 319 130 0 0 113 0 0 0 0 0 0 0 162 0 158 0 0 166 0 0 0 0 0 0 0 0 0 0 0 0 0 0 0 0 0 0 0 0 0 0 0 0 0 0 0 0 0 0 0 0 0 0 0 0 0 0 0 0 0 0 0 0 0 0 0 0 0 0 0 0 0 0 0 0 0 0 0 0 0 0 0 0 0 0 0 0 0 0 0 0 0 0 0 0 0 0 0 0 0 0 0 0 0 0 0 0 0 0 0 0 0 0 0 0 0 0 0 0 0 0 0 0 0 0 0 0 9589
219 0 392 281 298 439 0 0 237 0 0 0 0 0 0 0 0 0 0 244 0 0 0 0 0 0 0 0 0 0 0 124 0 121 0 0 127 0 0 0 0 0 0 0 0 0 0 0 0 0 0 0 0 0 0 0 0 0 0 0 0 0 0 0 0 0 0 0 0 0 0 0 0 0 0 0 0 0 0 0 0 0 0 0 0 0 0 0 0 0 0 0 0 0 0 0 0 0 0 0 0 0 0 0 0 0 0 0 0 0 0 0 0 0 0 0 0 0 0 0 0 0 0 0 0 0 0 0 0 0 0 0 0 0 0 0 0 0 0 0 0 0 0 0 0 7888
171 0 305 219 232 342 0 0 185 0 0 0 0 0 0 0 0 0 0 190 0 0 0 0 0 0 0 0 0 0 0 0 0 0 0 0 0 0 0 0 0 0 0 0 0 0 0 0 0 0 0 0 0 0 0 0 0 0 0 0 0 0 0 0 0 0 0 0 0 0 0 0 0 0 0 0 0 0 0 0 0 0 0 0 0 0 0 0 0 0 0 0 0 0 0 0 0 0 0 0 0 0 0 0 0 0 0 0 0 0 0 0 0 0 0 0 0 0 0 0 0 0 0 0 0 0 0 0 0 0 0 0 0 0 0 0 0 0 0 0 0 0 0 0 0 6431
624 228 1115 801 849 1250 0 0 675 246 175 258 204 256 243 0 0 133 0 696 283 0 0 246 0 0 0 0 0 0 0 353 0 345 0 0 361 0 0 0 0 0 0 0 0 0 0 0 0 0 153 0 0 0 0 0 0 0 0 0 154 0 0 0 0 0 0 0 0 0 0 0 0 0 0 0 0 0 0 211 0 0 0 0 0 0 0 0 0 0 0 0 0 0 0 0 0 0 0 0 0 0 0 0 0 0 0 0 0 0 0 0 0 0 0 0 0 0 0 0 0 232 0 0 0 0 0 0 0 0 0 0 0 0 0 0 0 0 0 0 0 0 0 0 0 19428
334 122 598 429 455 670 0 0 362 132 0 138 109 137 130 0 0 0 0 373 151 0 0 132 0 0 0 0 0 0 0 189 0 185 0 0 194 0 0 0 0 0 0 0 0 0 0 0 0 0 0 0 0 0 0 0 0 0 0 0 0 0 0 0 0 0 0 0 0 0 0 0 0 0 0 0 0 0 0 113 0 0 0 0 0 0 0 0 0 0 0 0 0 0 0 0 0 0 0 0 0 0 0 0 0 0 0 0 0 0 0 0 0 0 0 0 0 0 0 0 0 125 0 0 0 0 0 0 0 0 0 0 0 0 0 0 0 0 0 0 0 0 0 0 0 10727
133 0 238 171 181 267 0 0 144 0 0 0 0 0 0 0 0 0 0 148 0 0 0 0 0 0 0 0 0 0 0 0 0 0 0 0 0 0 0 0 0 0 0 0 0 0 0 0 0 0 0 0 0 0 0 0 0 0 0 0 0 0 0 0 0 0 0 0 0 0 0 0 0 0 0 0 0 0 0 0 0 0 0 0 0 0 0 0 0 0 0 0 0 0 0 0 0 0 0 0 0 0 0 0 0 0 0 0 0 0 0 0 0 0 0 0 0 0 0 0 0 0 0 0 0 0 0 0 0 0 0 0 0 0 0 0 0 0 0 0 0 0 0 0 0 5004
449 164 803 577 612 900 0 0 486 177 126 186 147 185 175 0 0 0 0 501 203 0 0 177 0 0 0 0 0 0 0 254 0 248 0 0 260 0 0 0 0 0 0 0 0 0 0 0 0 0 111 0 0 0 0 0 0 0 0 0 111 0 0 0 0 0 0 0 0 0 0 0 0 0 0 0 0 0 0 152 0 0 0 0 0 0 0 0 0 0 0 0 0 0 0 0 0 0 0 0 0 0 0 0 0 0 0 0 0 0 0 0 0 0 0 0 0 0 0 0 0 167 0 0 0 0 0 0 0 0 0 0 0 0 0 0 0 0 0 0 0 0 0 0 0 14063
1102 403 1970 1414 1500 2209 0 0 1192 434 309 456 361 453 430 173 183 235 0 1229 499 0 115 435 0 178 0 0 0 0 0 624 0 609 0 0 638 0 0 0 0 141 0 0 0 0 0 135 0 0 271 171 0 0 0 149 0 0 0 0 272 0 0 0 0 0 0 0 0 0 0 0 0 0 0 0 0 0 0 373 0 0 0 0 0 0 0 0 0 0 146 0 0 0 0 131 0 0 0 0 0 0 0 0 0 0 0 0 0 0 120 0 0 0 0 0 0 0 0 0 0 410 0 0 0 0 0 0 172 0 134 0 0 0 0 0 0 0 0 0 0 0 0 0 0 32377
248 0 444 318 338 497 0 0 268 0 0 0 0 0 0 0 0 0 0 277 112 0 0 0 0 0 0 0 0 0 0 141 0 137 0 0 144 0 0 0 0 0 0 0 0 0 0 0 0 0 0 0 0 0 0 0 0 0 0 0 0 0 0 0 0 0 0 0 0 0 0 0 0 0 0 0 0 0 0 0 0 0 0 0 0 0 0 0 0 0 0 0 0 0 0 0 0 0 0 0 0 0 0 0 0 0 0 0 0 0 0 0 0 0 0 0 0 0 0 0 0 0 0 0 0 0 0 0 0 0 0 0 0 0 0 0 0 0 0 0 0 0 0 0 0 8810
951 348 1700 1221 1295 1907 0 0 1029 375 266 393 311 391 371 150 158 203 0 1061 431 0 0 376 0 153 0 0 0 0 0 539 0 525 0 0 551 0 0 0 0 122 0 0 0 0 0 116 0 0 234 147 0 0 0 128 0 0 0 0 235 0 0 0 0 0 0 0 0 0 0 0 0 0 0 0 0 0 0 322 0 0 0 0 0 0 0 0 0 0 126 0 0 0 0 113 0 0 0 0 0 0 0 0 0 0 0 0 0 0 0 0 0 0 0 0 0 0 0 0 0 354 0 0 0 0 0 0 148 0 116 0 0 0 0 0 0 0 0 0 0 0 0 0 0 28050
233 0 417 299 317 467 0 0 252 0 0 0 0 0 0 0 0 0 0 260 0 0 0 0 0 0 0 0 0 0 0 132 0 129 0 0 135 0 0 0 0 0 0 0 0 0 0 0 0 0 0 0 0 0 0 0 0 0 0 0 0 0 0 0 0 0 0 0 0 0 0 0 0 0 0 0 0 0 0 0 0 0 0 0 0 0 0 0 0 0 0 0 0 0 0 0 0 0 0 0 0 0 0 0 0 0 0 0 0 0 0 0 0 0 0 0 0 0 0 0 0 0 0 0 0 0 0 0 0 0 0 0 0 0 0 0 0 0 0 0 0 0 0 0 0 8380
7456 2726 13332 9573 10154 14951 619 399 8067 2937 2089 3084 2440 3066 2907 1174 1240 1591 412 8320 3379 0 776 2947 0 1202 113 533 243 394 606 4225 0 4121 311 679 4317 0 248 117 444 956 386 0 197 0 0 910 0 121 1835 1156 316 115 155 1008 0 0 159 236 1839 0 156 0 115 0 164 377 149 0 0 0 207 331 219 0 163 376 140 0 237 0 302 0 0 162 191 0 0 123 985 325 175 373 0 889 510 0 332 245 158 190 312 334 0 192 201 0 197 327 814 161 0 0 253 201 0 0 503 0 0 2777 0 0 371 244 0 0 1162 130 908 0 242 694 0 0 188 0 0 108 0 0 0 0 0 198801
700 256 1252 899 953 1404 0 0 757 276 196 289 229 288 273 110 116 149 0 781 317 0 0 277 0 113 0 0 0 0 0 397 0 387 0 0 405 0 0 0 0 0 0 0 0 0 0 0 0 0 172 109 0 0 0 0 0 0 0 0 173 0 0 0 0 0 0 0 0 0 0 0 0 0 0 0 0 0 0 237 0 0 0 0 0 0 0 0 0 0 0 0 0 0 0 0 0 0 0 0 0 0 0 0 0 0 0 0 0 0 0 0 0 0 0 0 0 0 0 0 0 261 0 0 0 0 0 0 109 0 0 0 0 0 0 0 0 0 0 0 0 0 0 0 0 21212
120 0 214 154 163 240 0 0 129 0 0 0 0 0 0 0 0 0 0 133 0 0 0 0 0 0 0 0 0 0 0 0 0 0 0 0 0 0 0 0 0 0 0 0 0 0 0 0 0 0 0 0 0 0 0 0 0 0 0 0 0 0 0 0 0 0 0 0 0 0 0 0 0 0 0 0 0 0 0 0 0 0 0 0 0 0 0 0 0 0 0 0 0 0 0 0 0 0 0 0 0 0 0 0 0 0 0 0 0 0 0 0 0 0 0 0 0 0 0 0 0 0 0 0 0 0 0 0 0 0 0 0 0 0 0 0 0 0 0 0 0 0 0 0 0 4509
696 254 1244 893 948 1395 0 0 753 274 195 288 228 286 271 110 116 148 0 777 315 0 0 275 0 112 0 0 0 0 0 394 0 385 0 0 403 0 0 0 0 0 0 0 0 0 0 0 0 0 171 108 0 0 0 0 0 0 0 0 172 0 0 0 0 0 0 0 0 0 0 0 0 0 0 0 0 0 0 235 0 0 0 0 0 0 0 0 0 0 0 0 0 0 0 0 0 0 0 0 0 0 0 0 0 0 0 0 0 0 0 0 0 0 0 0 0 0 0 0 0 259 0 0 0 0 0 0 108 0 0 0 0 0 0 0 0 0 0 0 0 0 0 0 0 21075
563 206 1007 723 767 1129 0 0 609 222 158 233 184 232 220 0 0 120 0 628 255 0 0 223 0 0 0 0 0 0 0 319 0 311 0 0 326 0 0 0 0 0 0 0 0 0 0 0 0 0 139 0 0 0 0 0 0 0 0 0 139 0 0 0 0 0 0 0 0 0 0 0 0 0 0 0 0 0 0 190 0 0 0 0 0 0 0 0 0 0 0 0 0 0 0 0 0 0 0 0 0 0 0 0 0 0 0 0 0 0 0 0 0 0 0 0 0 0 0 0 0 210 0 0 0 0 0 0 0 0 0 0 0 0 0 0 0 0 0 0 0 0 0 0 0 17536
164 0 294 211 224 330 0 0 178 0 0 0 0 0 0 0 0 0 0 183 0 0 0 0 0 0 0 0 0 0 0 0 0 0 0 0 0 0 0 0 0 0 0 0 0 0 0 0 0 0 0 0 0 0 0 0 0 0 0 0 0 0 0 0 0 0 0 0 0 0 0 0 0 0 0 0 0 0 0 0 0 0 0 0 0 0 0 0 0 0 0 0 0 0 0 0 0 0 0 0 0 0 0 0 0 0 0 0 0 0 0 0 0 0 0 0 0 0 0 0 0 0 0 0 0 0 0 0 0 0 0 0 0 0 0 0 0 0 0 0 0 0 0 0 0 6199
388 142 694 498 528 778 0 0 420 153 109 160 127 160 151 0 0 0 0 433 176 0 0 153 0 0 0 0 0 0 0 220 0 214 0 0 225 0 0 0 0 0 0 0 0 0 0 0 0 0 0 0 0 0 0 0 0 0 0 0 0 0 0 0 0 0 0 0 0 0 0 0 0 0 0 0 0 0 0 131 0 0 0 0 0 0 0 0 0 0 0 0 0 0 0 0 0 0 0 0 0 0 0 0 0 0 0 0 0 0 0 0 0 0 0 0 0 0 0 0 0 144 0 0 0 0 0 0 0 0 0 0 0 0 0 0 0 0 0 0 0 0 0 0 0 12346
168 0 301 216 229 337 0 0 182 0 0 0 0 0 0 0 0 0 0 188 0 0 0 0 0 0 0 0 0 0 0 0 0 0 0 0 0 0 0 0 0 0 0 0 0 0 0 0 0 0 0 0 0 0 0 0 0 0 0 0 0 0 0 0 0 0 0 0 0 0 0 0 0 0 0 0 0 0 0 0 0 0 0 0 0 0 0 0 0 0 0 0 0 0 0 0 0 0 0 0 0 0 0 0 0 0 0 0 0 0 0 0 0 0 0 0 0 0 0 0 0 0 0 0 0 0 0 0 0 0 0 0 0 0 0 0 0 0 0 0 0 0 0 0 0 6330
118 0 212 152 161 237 0 0 128 0 0 0 0 0 0 0 0 0 0 132 0 0 0 0 0 0 0 0 0 0 0 0 0 0 0 0 0 0 0 0 0 0 0 0 0 0 0 0 0 0 0 0 0 0 0 0 0 0 0 0 0 0 0 0 0 0 0 0 0 0 0 0 0 0 0 0 0 0 0 0 0 0 0 0 0 0 0 0 0 0 0 0 0 0 0 0 0 0 0 0 0 0 0 0 0 0 0 0 0 0 0 0 0 0 0 0 0 0 0 0 0 0 0 0 0 0 0 0 0 0 0 0 0 0 0 0 0 0 0 0 0 0 0 0 0 4463
0 0 141 0 107 158 0 0 0 0 0 0 0 0 0 0 0 0 0 0 0 0 0 0 0 0 0 0 0 0 0 0 0 0 0 0 0 0 0 0 0 0 0 0 0 0 0 0 0 0 0 0 0 0 0 0 0 0 0 0 0 0 0 0 0 0 0 0 0 0 0 0 0 0 0 0 0 0 0 0 0 0 0 0 0 0 0 0 0 0 0 0 0 0 0 0 0 0 0 0 0 0 0 0 0 0 0 0 0 0 0 0 0 0 0 0 0 0 0 0 0 0 0 0 0 0 0 0 0 0 0 0 0 0 0 0 0 0 0 0 0 0 0 0 0 3327
746 273 1334 958 1016 1496 0 0 807 294 209 309 244 307 291 117 124 159 0 832 338 0 0 295 0 120 0 0 0 0 0 423 0 412 0 0 432 0 0 0 0 0 0 0 0 0 0 0 0 0 184 116 0 0 0 0 0 0 0 0 184 0 0 0 0 0 0 0 0 0 0 0 0 0 0 0 0 0 0 252 0 0 0 0 0 0 0 0 0 0 0 0 0 0 0 0 0 0 0 0 0 0 0 0 0 0 0 0 0 0 0 0 0 0 0 0 0 0 0 0 0 278 0 0 0 0 0 0 116 0 0 0 0 0 0 0 0 0 0 0 0 0 0 0 0 22632
392 143 701 503 534 786 0 0 424 154 110 162 128 161 153 0 0 0 0 437 178 0 0 155 0 0 0 0 0 0 0 222 0 217 0 0 227 0 0 0 0 0 0 0 0 0 0 0 0 0 0 0 0 0 0 0 0 0 0 0 0 0 0 0 0 0 0 0 0 0 0 0 0 0 0 0 0 0 0 133 0 0 0 0 0 0 0 0 0 0 0 0 0 0 0 0 0 0 0 0 0 0 0 0 0 0 0 0 0 0 0 0 0 0 0 0 0 0 0 0 0 146 0 0 0 0 0 0 0 0 0 0 0 0 0 0 0 0 0 0 0 0 0 0 0 12380
0 0 143 0 109 160 0 0 0 0 0 0 0 0 0 0 0 0 0 0 0 0 0 0 0 0 0 0 0 0 0 0 0 0 0 0 0 0 0 0 0 0 0 0 0 0 0 0 0 0 0 0 0 0 0 0 0 0 0 0 0 0 0 0 0 0 0 0 0 0 0 0 0 0 0 0 0 0 0 0 0 0 0 0 0 0 0 0 0 0 0 0 0 0 0 0 0 0 0 0 0 0 0 0 0 0 0 0 0 0 0 0 0 0 0 0 0 0 0 0 0 0 0 0 0 0 0 0 0 0 0 0 0 0 0 0 0 0 0 0 0 0 0 0 0 3363
203 0 364 261 277 408 0 0 220 0 0 0 0 0 0 0 0 0 0 227 0 0 0 0 0 0 0 0 0 0 0 115 0 112 0 0 118 0 0 0 0 0 0 0 0 0 0 0 0 0 0 0 0 0 0 0 0 0 0 0 0 0 0 0 0 0 0 0 0 0 0 0 0 0 0 0 0 0 0 0 0 0 0 0 0 0 0 0 0 0 0 0 0 0 0 0 0 0 0 0 0 0 0 0 0 0 0 0 0 0 0 0 0 0 0 0 0 0 0 0 0 0 0 0 0 0 0 0 0 0 0 0 0 0 0 0 0 0 0 0 0 0 0 0 0 7319
204 0 364 261 277 408 0 0 220 0 0 0 0 0 0 0 0 0 0 227 0 0 0 0 0 0 0 0 0 0 0 115 0 112 0 0 118 0 0 0 0 0 0 0 0 0 0 0 0 0 0 0 0 0 0 0 0 0 0 0 0 0 0 0 0 0 0 0 0 0 0 0 0 0 0 0 0 0 0 0 0 0 0 0 0 0 0 0 0 0 0 0 0 0 0 0 0 0 0 0 0 0 0 0 0 0 0 0 0 0 0 0 0 0 0 0 0 0 0 0 0 0 0 0 0 0 0 0 0 0 0 0 0 0 0 0 0 0 0 0 0 0 0 0 0 7308
0 0 0 0 0 0 0 0 0 0 0 0 0 0 0 0 0 0 0 0 0 0 0 0 0 0 0 0 0 0 0 0 0 0 0 0 0 0 0 0 0 0 0 0 0 0 0 0 0 0 0 0 0 0 0 0 0 0 0 0 0 0 0 0 0 0 0 0 0 0 0 0 0 0 0 0 0 0 0 0 0 0 0 0 0 0 0 0 0 0 0 0 0 0 0 0 0 0 0 0 0 0 0 0 0 0 0 0 0 0 0 0 0 0 0 0 0 0 0 0 0 0 0 0 0 0 0 0 0 0 0 0 0 0 0 0 0 0 0 0 0 0 0 0 0 1013
664 243 1188 853 905 1332 0 0 719 262 186 275 217 273 259 0 111 142 0 741 301 0 0 263 0 107 0 0 0 0 0 376 0 367 0 0 385 0 0 0 0 0 0 0 0 0 0 0 0 0 164 0 0 0 0 0 0 0 0 0 164 0 0 0 0 0 0 0 0 0 0 0 0 0 0 0 0 0 0 225 0 0 0 0 0 0 0 0 0 0 0 0 0 0 0 0 0 0 0 0 0 0 0 0 0 0 0 0 0 0 0 0 0 0 0 0 0 0 0 0 0 247 0 0 0 0 0 0 0 0 0 0 0 0 0 0 0 0 0 0 0 0 0 0 0 20312
536 196 958 688 729 1074 0 0 579 211 150 221 175 220 209 0 0 114 0 598 243 0 0 212 0 0 0 0 0 0 0 303 0 296 0 0 310 0 0 0 0 0 0 0 0 0 0 0 0 0 132 0 0 0 0 0 0 0 0 0 132 0 0 0 0 0 0 0 0 0 0 0 0 0 0 0 0 0 0 181 0 0 0 0 0 0 0 0 0 0 0 0 0 0 0 0 0 0 0 0 0 0 0 0 0 0 0 0 0 0 0 0 0 0 0 0 0 0 0 0 0 199 0 0 0 0 0 0 0 0 0 0 0 0 0 0 0 0 0 0 0 0 0 0 0 16611
116 0 208 149 158 233 0 0 126 0 0 0 0 0 0 0 0 0 0 130 0 0 0 0 0 0 0 0 0 0 0 0 0 0 0 0 0 0 0 0 0 0 0 0 0 0 0 0 0 0 0 0 0 0 0 0 0 0 0 0 0 0 0 0 0 0 0 0 0 0 0 0 0 0 0 0 0 0 0 0 0 0 0 0 0 0 0 0 0 0 0 0 0 0 0 0 0 0 0 0 0 0 0 0 0 0 0 0 0 0 0 0 0 0 0 0 0 0 0 0 0 0 0 0 0 0 0 0 0 0 0 0 0 0 0 0 0 0 0 0 0 0 0 0 0 4380
0 0 0 0 0 0 0 0 0 0 0 0 0 0 0 0 0 0 0 0 0 0 0 0 0 0 0 0 0 0 0 0 0 0 0 0 0 0 0 0 0 0 0 0 0 0 0 0 0 0 0 0 0 0 0 0 0 0 0 0 0 0 0 0 0 0 0 0 0 0 0 0 0 0 0 0 0 0 0 0 0 0 0 0 0 0 0 0 0 0 0 0 0 0 0 0 0 0 0 0 0 0 0 0 0 0 0 0 0 0 0 0 0 0 0 0 0 0 0 0 0 0 0 0 0 0 0 0 0 0 0 0 0 0 0 0 0 0 0 0 0 0 0 0 0 2321
0 0 0 0 0 118 0 0 0 0 0 0 0 0 0 0 0 0 0 0 0 0 0 0 0 0 0 0 0 0 0 0 0 0 0 0 0 0 0 0 0 0 0 0 0 0 0 0 0 0 0 0 0 0 0 0 0 0 0 0 0 0 0 0 0 0 0 0 0 0 0 0 0 0 0 0 0 0 0 0 0 0 0 0 0 0 0 0 0 0 0 0 0 0 0 0 0 0 0 0 0 0 0 0 0 0 0 0 0 0 0 0 0 0 0 0 0 0 0 0 0 0 0 0 0 0 0 0 0 0 0 0 0 0 0 0 0 0 0 0 0 0 0 0 0 2673
0 0 148 0 112 166 0 0 0 0 0 0 0 0 0 0 0 0 0 0 0 0 0 0 0 0 0 0 0 0 0 0 0 0 0 0 0 0 0 0 0 0 0 0 0 0 0 0 0 0 0 0 0 0 0 0 0 0 0 0 0 0 0 0 0 0 0 0 0 0 0 0 0 0 0 0 0 0 0 0 0 0 0 0 0 0 0 0 0 0 0 0 0 0 0 0 0 0 0 0 0 0 0 0 0 0 0 0 0 0 0 0 0 0 0 0 0 0 0 0 0 0 0 0 0 0 0 0 0 0 0 0 0 0 0 0 0 0 0 0 0 0 0 0 0 3479
178 0 317 228 242 356 0 0 192 0 0 0 0 0 0 0 0 0 0 198 0 0 0 0 0 0 0 0 0 0 0 0 0 0 0 0 0 0 0 0 0 0 0 0 0 0 0 0 0 0 0 0 0 0 0 0 0 0 0 0 0 0 0 0 0 0 0 0 0 0 0 0 0 0 0 0 0 0 0 0 0 0 0 0 0 0 0 0 0 0 0 0 0 0 0 0 0 0 0 0 0 0 0 0 0 0 0 0 0 0 0 0 0 0 0 0 0 0 0 0 0 0 0 0 0 0 0 0 0 0 0 0 0 0 0 0 0 0 0 0 0 0 0 0 0 6685
757 277 1354 972 1031 1519 0 0 819 298 212 313 248 311 295 119 126 162 0 845 343 0 0 299 0 122 0 0 0 0 0 429 0 419 0 0 439 0 0 0 0 0 0 0 0 0 0 0 0 0 186 117 0 0 0 0 0 0 0 0 187 0 0 0 0 0 0 0 0 0 0 0 0 0 0 0 0 0 0 256 0 0 0 0 0 0 0 0 0 0 0 0 0 0 0 0 0 0 0 0 0 0 0 0 0 0 0 0 0 0 0 0 0 0 0 0 0 0 0 0 0 282 0 0 0 0 0 0 118 0 0 0 0 0 0 0 0 0 0 0 0 0 0 0 0 22933
177 0 316 227 240 354 0 0 191 0 0 0 0 0 0 0 0 0 0 197 0 0 0 0 0 0 0 0 0 0 0 0 0 0 0 0 0 0 0 0 0 0 0 0 0 0 0 0 0 0 0 0 0 0 0 0 0 0 0 0 0 0 0 0 0 0 0 0 0 0 0 0 0 0 0 0 0 0 0 0 0 0 0 0 0 0 0 0 0 0 0 0 0 0 0 0 0 0 0 0 0 0 0 0 0 0 0 0 0 0 0 0 0 0 0 0 0 0 0 0 0 0 0 0 0 0 0 0 0 0 0 0 0 0 0 0 0 0 0 0 0 0 0 0 0 6640
0 0 107 0 0 120 0 0 0 0 0 0 0 0 0 0 0 0 0 0 0 0 0 0 0 0 0 0 0 0 0 0 0 0 0 0 0 0 0 0 0 0 0 0 0 0 0 0 0 0 0 0 0 0 0 0 0 0 0 0 0 0 0 0 0 0 0 0 0 0 0 0 0 0 0 0 0 0 0 0 0 0 0 0 0 0 0 0 0 0 0 0 0 0 0 0 0 0 0 0 0 0 0 0 0 0 0 0 0 0 0 0 0 0 0 0 0 0 0 0 0 0 0 0 0 0 0 0 0 0 0 0 0 0 0 0 0 0 0 0 0 0 0 0 0 2610
295 108 527 379 402 592 0 0 319 116 0 122 0 121 115 0 0 0 0 329 134 0 0 117 0 0 0 0 0 0 0 167 0 163 0 0 171 0 0 0 0 0 0 0 0 0 0 0 0 0 0 0 0 0 0 0 0 0 0 0 0 0 0 0 0 0 0 0 0 0 0 0 0 0 0 0 0 0 0 0 0 0 0 0 0 0 0 0 0 0 0 0 0 0 0 0 0 0 0 0 0 0 0 0 0 0 0 0 0 0 0 0 0 0 0 0 0 0 0 0 0 110 0 0 0 0 0 0 0 0 0 0 0 0 0 0 0 0 0 0 0 0 0 0 0 9665
1098 402 1964 1410 1496 2202 0 0 1188 433 308 454 359 452 428 173 183 234 0 1226 498 0 114 434 0 177 0 0 0 0 0 622 0 607 0 0 636 0 0 0 0 141 0 0 0 0 0 134 0 0 270 170 0 0 0 148 0 0 0 0 271 0 0 0 0 0 0 0 0 0 0 0 0 0 0 0 0 0 0 372 0 0 0 0 0 0 0 0 0 0 145 0 0 0 0 131 0 0 0 0 0 0 0 0 0 0 0 0 0 0 120 0 0 0 0 0 0 0 0 0 0 409 0 0 0 0 0 0 171 0 134 0 0 0 0 0 0 0 0 0 0 0 0 0 0 32229
210 0 375 269 285 420 0 0 227 0 0 0 0 0 0 0 0 0 0 234 0 0 0 0 0 0 0 0 0 0 0 119 0 116 0 0 121 0 0 0 0 0 0 0 0 0 0 0 0 0 0 0 0 0 0 0 0 0 0 0 0 0 0 0 0 0 0 0 0 0 0 0 0 0 0 0 0 0 0 0 0 0 0 0 0 0 0 0 0 0 0 0 0 0 0 0 0 0 0 0 0 0 0 0 0 0 0 0 0 0 0 0 0 0 0 0 0 0 0 0 0 0 0 0 0 0 0 0 0 0 0 0 0 0 0 0 0 0 0 0 0 0 0 0 0 7547
311 114 556 399 423 623 0 0 336 122 0 129 0 128 121 0 0 0 0 347 141 0 0 123 0 0 0 0 0 0 0 176 0 172 0 0 180 0 0 0 0 0 0 0 0 0 0 0 0 0 0 0 0 0 0 0 0 0 0 0 0 0 0 0 0 0 0 0 0 0 0 0 0 0 0 0 0 0 0 0 0 0 0 0 0 0 0 0 0 0 0 0 0 0 0 0 0 0 0 0 0 0 0 0 0 0 0 0 0 0 0 0 0 0 0 0 0 0 0 0 0 116 0 0 0 0 0 0 0 0 0 0 0 0 0 0 0 0 0 0 0 0 0 0 0 10182
224 0 400 288 305 449 0 0 242 0 0 0 0 0 0 0 0 0 0 250 0 0 0 0 0 0 0 0 0 0 0 127 0 124 0 0 130 0 0 0 0 0 0 0 0 0 0 0 0 0 0 0 0 0 0 0 0 0 0 0 0 0 0 0 0 0 0 0 0 0 0 0 0 0 0 0 0 0 0 0 0 0 0 0 0 0 0 0 0 0 0 0 0 0 0 0 0 0 0 0 0 0 0 0 0 0 0 0 0 0 0 0 0 0 0 0 0 0 0 0 0 0 0 0 0 0 0 0 0 0 0 0 0 0 0 0 0 0 0 0 0 0 0 0 0 8044
474 173 848 609 646 951 0 0 513 187 133 196 155 195 185 0 0 0 0 529 215 0 0 187 0 0 0 0 0 0 0 269 0 262 0 0 274 0 0 0 0 0 0 0 0 0 0 0 0 0 117 0 0 0 0 0 0 0 0 0 117 0 0 0 0 0 0 0 0 0 0 0 0 0 0 0 0 0 0 160 0 0 0 0 0 0 0 0 0 0 0 0 0 0 0 0 0 0 0 0 0 0 0 0 0 0 0 0 0 0 0 0 0 0 0 0 0 0 0 0 0 177 0 0 0 0 0 0 0 0 0 0 0 0 0 0 0 0 0 0 0 0 0 0 0 14759
543 199 971 697 740 1089 0 0 588 214 152 225 178 223 212 0 0 116 0 606 246 0 0 215 0 0 0 0 0 0 0 308 0 300 0 0 315 0 0 0 0 0 0 0 0 0 0 0 0 0 134 0 0 0 0 0 0 0 0 0 134 0 0 0 0 0 0 0 0 0 0 0 0 0 0 0 0 0 0 184 0 0 0 0 0 0 0 0 0 0 0 0 0 0 0 0 0 0 0 0 0 0 0 0 0 0 0 0 0 0 0 0 0 0 0 0 0 0 0 0 0 202 0 0 0 0 0 0 0 0 0 0 0 0 0 0 0 0 0 0 0 0 0 0 0 16907
0 0 0 0 0 0 0 0 0 0 0 0 0 0 0 0 0 0 0 0 0 0 0 0 0 0 0 0 0 0 0 0 0 0 0 0 0 0 0 0 0 0 0 0 0 0 0 0 0 0 0 0 0 0 0 0 0 0 0 0 0 0 0 0 0 0 0 0 0 0 0 0 0 0 0 0 0 0 0 0 0 0 0 0 0 0 0 0 0 0 0 0 0 0 0 0 0 0 0 0 0 0 0 0 0 0 0 0 0 0 0 0 0 0 0 0 0 0 0 0 0 0 0 0 0 0 0 0 0 0 0 0 0 0 0 0 0 0 0 0 0 0 0 0 0 14
0 0 0 0 0 0 0 0 0 0 0 0 0 0 0 0 0 0 0 0 0 0 0 0 0 0 0 0 0 0 0 0 0 0 0 0 0 0 0 0 0 0 0 0 0 0 0 0 0 0 0 0 0 0 0 0 0 0 0 0 0 0 0 0 0 0 0 0 0 0 0 0 0 0 0 0 0 0 0 0 0 0 0 0 0 0 0 0 0 0 0 0 0 0 0 0 0 0 0 0 0 0 0 0 0 0 0 0 0 0 0 0 0 0 0 0 0 0 0 0 0 0 0 0 0 0 0 0 0 0 0 0 0 0 0 0 0 0 0 0 0 0 0 0 0 1114
358 131 639 459 487 717 0 0 387 141 0 148 117 147 139 0 0 0 0 399 162 0 0 141 0 0 0 0 0 0 0 203 0 198 0 0 207 0 0 0 0 0 0 0 0 0 0 0 0 0 0 0 0 0 0 0 0 0 0 0 0 0 0 0 0 0 0 0 0 0 0 0 0 0 0 0 0 0 0 121 0 0 0 0 0 0 0 0 0 0 0 0 0 0 0 0 0 0 0 0 0 0 0 0 0 0 0 0 0 0 0 0 0 0 0 0 0 0 0 0 0 133 0 0 0 0 0 0 0 0 0 0 0 0 0 0 0 0 0 0 0 0 0 0 0 11473
152 0 272 195 207 305 0 0 164 0 0 0 0 0 0 0 0 0 0 170 0 0 0 0 0 0 0 0 0 0 0 0 0 0 0 0 0 0 0 0 0 0 0 0 0 0 0 0 0 0 0 0 0 0 0 0 0 0 0 0 0 0 0 0 0 0 0 0 0 0 0 0 0 0 0 0 0 0 0 0 0 0 0 0 0 0 0 0 0 0 0 0 0 0 0 0 0 0 0 0 0 0 0 0 0 0 0 0 0 0 0 0 0 0 0 0 0 0 0 0 0 0 0 0 0 0 0 0 0 0 0 0 0 0 0 0 0 0 0 0 0 0 0 0 0 5721
0 0 0 0 0 0 0 0 0 0 0 0 0 0 0 0 0 0 0 0 0 0 0 0 0 0 0 0 0 0 0 0 0 0 0 0 0 0 0 0 0 0 0 0 0 0 0 0 0 0 0 0 0 0 0 0 0 0 0 0 0 0 0 0 0 0 0 0 0 0 0 0 0 0 0 0 0 0 0 0 0 0 0 0 0 0 0 0 0 0 0 0 0 0 0 0 0 0 0 0 0 0 0 0 0 0 0 0 0 0 0 0 0 0 0 0 0 0 0 0 0 0 0 0 0 0 0 0 0 0 0 0 0 0 0 0 0 0 0 0 0 0 0 0 0 11
0 0 0 0 0 0 0 0 0 0 0 0 0 0 0 0 0 0 0 0 0 0 0 0 0 0 0 0 0 0 0 0 0 0 0 0 0 0 0 0 0 0 0 0 0 0 0 0 0 0 0 0 0 0 0 0 0 0 0 0 0 0 0 0 0 0 0 0 0 0 0 0 0 0 0 0 0 0 0 0 0 0 0 0 0 0 0 0 0 0 0 0 0 0 0 0 0 0 0 0 0 0 0 0 0 0 0 0 0 0 0 0 0 0 0 0 0 0 0 0 0 0 0 0 0 0 0 0 0 0 0 0 0 0 0 0 0 0 0 0 0 0 0 0 0 972
965 353 1726 1239 1314 1935 0 0 1044 380 270 399 316 397 376 152 160 206 0 1077 437 0 0 381 0 156 0 0 0 0 0 547 0 533 0 0 559 0 0 0 0 124 0 0 0 0 0 118 0 0 237 150 0 0 0 130 0 0 0 0 238 0 0 0 0 0 0 0 0 0 0 0 0 0 0 0 0 0 0 326 0 0 0 0 0 0 0 0 0 0 127 0 0 0 0 115 0 0 0 0 0 0 0 0 0 0 0 0 0 0 0 0 0 0 0 0 0 0 0 0 0 359 0 0 0 0 0 0 150 0 117 0 0 0 0 0 0 0 0 0 0 0 0 0 0 28432
0 0 120 0 0 135 0 0 0 0 0 0 0 0 0 0 0 0 0 0 0 0 0 0 0 0 0 0 0 0 0 0 0 0 0 0 0 0 0 0 0 0 0 0 0 0 0 0 0 0 0 0 0 0 0 0 0 0 0 0 0 0 0 0 0 0 0 0 0 0 0 0 0 0 0 0 0 0 0 0 0 0 0 0 0 0 0 0 0 0 0 0 0 0 0 0 0 0 0 0 0 0 0 0 0 0 0 0 0 0 0 0 0 0 0 0 0 0 0 0 0 0 0 0 0 0 0 0 0 0 0 0 0 0 0 0 0 0 0 0 0 0 0 0 0 2925
0 0 0 0 0 0 0 0 0 0 0 0 0 0 0 0 0 0 0 0 0 0 0 0 0 0 0 0 0 0 0 0 0 0 0 0 0 0 0 0 0 0 0 0 0 0 0 0 0 0 0 0 0 0 0 0 0 0 0 0 0 0 0 0 0 0 0 0 0 0 0 0 0 0 0 0 0 0 0 0 0 0 0 0 0 0 0 0 0 0 0 0 0 0 0 0 0 0 0 0 0 0 0 0 0 0 0 0 0 0 0 0 0 0 0 0 0 0 0 0 0 0 0 0 0 0 0 0 0 0 0 0 0 0 0 0 0 0 0 0 0 0 0 0 0 1233
1911 699 3418 2454 2603 3833 159 0 2068 753 536 790 626 786 745 301 318 408 0 2133 866 0 199 755 0 308 0 137 0 0 155 1083 0 1056 0 174 1107 0 0 0 114 245 0 0 0 0 0 233 0 0 470 296 0 0 0 258 0 0 0 0 471 0 0 0 0 0 0 0 0 0 0 0 0 0 0 0 0 0 0 647 0 0 0 0 0 0 0 0 0 0 253 0 0 0 0 228 131 0 0 0 0 0 0 0 0 0 0 0 0 0 209 0 0 0 0 0 0 0 129 0 0 0 0 0 0 0 0 0 298 0 233 0 0 178 0 0 0 0 0 0 0 0 0 0 0 54106
0 0 0 0 0 0 0 0 0 0 0 0 0 0 0 0 0 0 0 0 0 0 0 0 0 0 0 0 0 0 0 0 0 0 0 0 0 0 0 0 0 0 0 0 0 0 0 0 0 0 0 0 0 0 0 0 0 0 0 0 0 0 0 0 0 0 0 0 0 0 0 0 0 0 0 0 0 0 0 0 0 0 0 0 0 0 0 0 0 0 0 0 0 0 0 0 0 0 0 0 0 0 0 0 0 0 0 0 0 0 0 0 0 0 0 0 0 0 0 0 0 0 0 0 0 0 0 0 0 0 0 0 0 0 0 0 0 0 0 0 0 0 0 0 0 7
182 0 326 234 248 365 0 0 197 0 0 0 0 0 0 0 0 0 0 203 0 0 0 0 0 0 0 0 0 0 0 0 0 0 0 0 0 0 0 0 0 0 0 0 0 0 0 0 0 0 0 0 0 0 0 0 0 0 0 0 0 0 0 0 0 0 0 0 0 0 0 0 0 0 0 0 0 0 0 0 0 0 0 0 0 0 0 0 0 0 0 0 0 0 0 0 0 0 0 0 0 0 0 0 0 0 0 0 0 0 0 0 0 0 0 0 0 0 0 0 0 0 0 0 0 0 0 0 0 0 0 0 0 0 0 0 0 0 0 0 0 0 0 0 0 6869
0 0 183 131 139 205 0 0 110 0 0 0 0 0 0 0 0 0 0 114 0 0 0 0 0 0 0 0 0 0 0 0 0 0 0 0 0 0 0 0 0 0 0 0 0 0 0 0 0 0 0 0 0 0 0 0 0 0 0 0 0 0 0 0 0 0 0 0 0 0 0 0 0 0 0 0 0 0 0 0 0 0 0 0 0 0 0 0 0 0 0 0 0 0 0 0 0 0 0 0 0 0 0 0 0 0 0 0 0 0 0 0 0 0 0 0 0 0 0 0 0 0 0 0 0 0 0 0 0 0 0 0 0 0 0 0 0 0 0 0 0 0 0 0 0 3942
0 0 135 0 0 152 0 0 0 0 0 0 0 0 0 0 0 0 0 0 0 0 0 0 0 0 0 0 0 0 0 0 0 0 0 0 0 0 0 0 0 0 0 0 0 0 0 0 0 0 0 0 0 0 0 0 0 0 0 0 0 0 0 0 0 0 0 0 0 0 0 0 0 0 0 0 0 0 0 0 0 0 0 0 0 0 0 0 0 0 0 0 0 0 0 0 0 0 0 0 0 0 0 0 0 0 0 0 0 0 0 0 0 0 0 0 0 0 0 0 0 0 0 0 0 0 0 0 0 0 0 0 0 0 0 0 0 0 0 0 0 0 0 0 0 3293
0 0 0 0 0 0 0 0 0 0 0 0 0 0 0 0 0 0 0 0 0 0 0 0 0 0 0 0 0 0 0 0 0 0 0 0 0 0 0 0 0 0 0 0 0 0 0 0 0 0 0 0 0 0 0 0 0 0 0 0 0 0 0 0 0 0 0 0 0 0 0 0 0 0 0 0 0 0 0 0 0 0 0 0 0 0 0 0 0 0 0 0 0 0 0 0 0 0 0 0 0 0 0 0 0 0 0 0 0 0 0 0 0 0 0 0 0 0 0 0 0 0 0 0 0 0 0 0 0 0 0 0 0 0 0 0 0 0 0 0 0 0 0 0 0 0
0 0 0 0 0 0 0 0 0 0 0 0 0 0 0 0 0 0 0 0 0 0 0 0 0 0 0 0 0 0 0 0 0 0 0 0 0 0 0 0 0 0 0 0 0 0 0 0 0 0 0 0 0 0 0 0 0 0 0 0 0 0 0 0 0 0 0 0 0 0 0 0 0 0 0 0 0 0 0 0 0 0 0 0 0 0 0 0 0 0 0 0 0 0 0 0 0 0 0 0 0 0 0 0 0 0 0 0 0 0 0 0 0 0 0 0 0 0 0 0 0 0 0 0 0 0 0 0 0 0 0 0 0 0 0 0 0 0 0 0 0 0 0 0 0 10
1158 423 2071 1487 1577 2323 0 0 1253 456 325 479 379 476 452 182 193 247 0 1292 525 0 121 458 0 187 0 0 0 0 0 656 0 640 0 0 671 0 0 0 0 148 0 0 0 0 0 141 0 0 285 180 0 0 0 157 0 0 0 0 286 0 0 0 0 0 0 0 0 0 0 0 0 0 0 0 0 0 0 392 0 0 0 0 0 0 0 0 0 0 153 0 0 0 0 138 0 0 0 0 0 0 0 0 0 0 0 0 0 0 126 0 0 0 0 0 0 0 0 0 0 431 0 0 0 0 0 0 0 0 141 0 0 108 0 0 0 0 0 0 0 0 0 0 0 33717
220 0 394 283 300 441 0 0 238 0 0 0 0 0 0 0 0 0 0 246 0 0 0 0 0 0 0 0 0 0 0 125 0 122 0 0 127 0 0 0 0 0 0 0 0 0 0 0 0 0 0 0 0 0 0 0 0 0 0 0 0 0 0 0 0 0 0 0 0 0 0 0 0 0 0 0 0 0 0 0 0 0 0 0 0 0 0 0 0 0 0 0 0 0 0 0 0 0 0 0 0 0 0 0 0 0 0 0 0 0 0 0 0 0 0 0 0 0 0 0 0 0 0 0 0 0 0 0 0 0 0 0 0 0 0 0 0 0 0 0 0 0 0 0 0 7921
1583 579 2831 2033 2156 3175 131 0 1713 624 444 655 518 651 617 249 263 338 0 1767 717 0 165 626 0 255 0 113 0 0 129 897 0 875 0 144 917 0 0 0 0 203 0 0 0 0 0 193 0 0 390 245 0 0 0 214 0 0 0 0 391 0 0 0 0 0 0 0 0 0 0 0 0 0 0 0 0 0 0 536 0 0 0 0 0 0 0 0 0 0 209 0 0 0 0 189 108 0 0 0 0 0 0 0 0 0 0 0 0 0 173 0 0 0 0 0 0 0 107 0 0 590 0 0 0 0 0 0 247 0 0 0 0 147 0 0 0 0 0 0 0 0 0 0 0 45426
0 0 0 0 0 0 0 0 0 0 0 0 0 0 0 0 0 0 0 0 0 0 0 0 0 0 0 0 0 0 0 0 0 0 0 0 0 0 0 0 0 0 0 0 0 0 0 0 0 0 0 0 0 0 0 0 0 0 0 0 0 0 0 0 0 0 0 0 0 0 0 0 0 0 0 0 0 0 0 0 0 0 0 0 0 0 0 0 0 0 0 0 0 0 0 0 0 0 0 0 0 0 0 0 0 0 0 0 0 0 0 0 0 0 0 0 0 0 0 0 0 0 0 0 0 0 0 0 0 0 0 0 0 0 0 0 0 0 0 0 0 0 0 0 0 755
199 0 355 255 271 398 0 0 215 0 0 0 0 0 0 0 0 0 0 222 0 0 0 0 0 0 0 0 0 0 0 113 0 110 0 0 115 0 0 0 0 0 0 0 0 0 0 0 0 0 0 0 0 0 0 0 0 0 0 0 0 0 0 0 0 0 0 0 0 0 0 0 0 0 0 0 0 0 0 0 0 0 0 0 0 0 0 0 0 0 0 0 0 0 0 0 0 0 0 0 0 0 0 0 0 0 0 0 0 0 0 0 0 0 0 0 0 0 0 0 0 0 0 0 0 0 0 0 0 0 0 0 0 0 0 0 0 0 0 0 0 0 0 0 0 7140
431 158 771 553 587 864 0 0 466 170 121 178 141 177 168 0 0 0 0 481 195 0 0 170 0 0 0 0 0 0 0 244 0 238 0 0 250 0 0 0 0 0 0 0 0 0 0 0 0 0 0 0 0 0 0 0 0 0 0 0 0 0 0 0 0 0 0 0 0 0 0 0 0 0 0 0 0 0 0 146 0 0 0 0 0 0 0 0 0 0 0 0 0 0 0 0 0 0 0 0 0 0 0 0 0 0 0 0 0 0 0 0 0 0 0 0 0 0 0 0 0 161 0 0 0 0 0 0 0 0 0 0 0 0 0 0 0 0 0 0 0 0 0 0 0 13650
0 0 0 0 0 0 0 0 0 0 0 0 0 0 0 0 0 0 0 0 0 0 0 0 0 0 0 0 0 0 0 0 0 0 0 0 0 0 0 0 0 0 0 0 0 0 0 0 0 0 0 0 0 0 0 0 0 0 0 0 0 0 0 0 0 0 0 0 0 0 0 0 0 0 0 0 0 0 0 0 0 0 0 0 0 0 0 0 0 0 0 0 0 0 0 0 0 0 0 0 0 0 0 0 0 0 0 0 0 0 0 0 0 0 0 0 0 0 0 0 0 0 0 0 0 0 0 0 0 0 0 0 0 0 0 0 0 0 0 0 0 0 0 0 0 235
0 0 0 0 0 0 0 0 0 0 0 0 0 0 0 0 0 0 0 0 0 0 0 0 0 0 0 0 0 0 0 0 0 0 0 0 0 0 0 0 0 0 0 0 0 0 0 0 0 0 0 0 0 0 0 0 0 0 0 0 0 0 0 0 0 0 0 0 0 0 0 0 0 0 0 0 0 0 0 0 0 0 0 0 0 0 0 0 0 0 0 0 0 0 0 0 0 0 0 0 0 0 0 0 0 0 0 0 0 0 0 0 0 0 0 0 0 0 0 0 0 0 0 0 0 0 0 0 0 0 0 0 0 0 0 0 0 0 0 0 0 0 0 0 0 0
0 0 183 131 139 205 0 0 111 0 0 0 0 0 0 0 0 0 0 114 0 0 0 0 0 0 0 0 0 0 0 0 0 0 0 0 0 0 0 0 0 0 0 0 0 0 0 0 0 0 0 0 0 0 0 0 0 0 0 0 0 0 0 0 0 0 0 0 0 0 0 0 0 0 0 0 0 0 0 0 0 0 0 0 0 0 0 0 0 0 0 0 0 0 0 0 0 0 0 0 0 0 0 0 0 0 0 0 0 0 0 0 0 0 0 0 0 0 0 0 0 0 0 0 0 0 0 0 0 0 0 0 0 0 0 0 0 0 0 0 0 0 0 0 0 3955
0 0 0 0 0 0 0 0 0 0 0 0 0 0 0 0 0 0 0 0 0 0 0 0 0 0 0 0 0 0 0 0 0 0 0 0 0 0 0 0 0 0 0 0 0 0 0 0 0 0 0 0 0 0 0 0 0 0 0 0 0 0 0 0 0 0 0 0 0 0 0 0 0 0 0 0 0 0 0 0 0 0 0 0 0 0 0 0 0 0 0 0 0 0 0 0 0 0 0 0 0 0 0 0 0 0 0 0 0 0 0 0 0 0 0 0 0 0 0 0 0 0 0 0 0 0 0 0 0 0 0 0 0 0 0 0 0 0 0 0 0 0 0 0 0 395
0 0 0 0 0 0 0 0 0 0 0 0 0 0 0 0 0 0 0 0 0 0 0 0 0 0 0 0 0 0 0 0 0 0 0 0 0 0 0 0 0 0 0 0 0 0 0 0 0 0 0 0 0 0 0 0 0 0 0 0 0 0 0 0 0 0 0 0 0 0 0 0 0 0 0 0 0 0 0 0 0 0 0 0 0 0 0 0 0 0 0 0 0 0 0 0 0 0 0 0 0 0 0 0 0 0 0 0 0 0 0 0 0 0 0 0 0 0 0 0 0 0 0 0 0 0 0 0 0 0 0 0 0 0 0 0 0 0 0 0 0 0 0 0 0 874
0 0 0 0 0 0 0 0 0 0 0 0 0 0 0 0 0 0 0 0 0 0 0 0 0 0 0 0 0 0 0 0 0 0 0 0 0 0 0 0 0 0 0 0 0 0 0 0 0 0 0 0 0 0 0 0 0 0 0 0 0 0 0 0 0 0 0 0 0 0 0 0 0 0 0 0 0 0 0 0 0 0 0 0 0 0 0 0 0 0 0 0 0 0 0 0 0 0 0 0 0 0 0 0 0 0 0 0 0 0 0 0 0 0 0 0 0 0 0 0 0 0 0 0 0 0 0 0 0 0 0 0 0 0 0 0 0 0 0 0 0 0 0 0 0 2300
0 0 0 0 0 0 0 0 0 0 0 0 0 0 0 0 0 0 0 0 0 0 0 0 0 0 0 0 0 0 0 0 0 0 0 0 0 0 0 0 0 0 0 0 0 0 0 0 0 0 0 0 0 0 0 0 0 0 0 0 0 0 0 0 0 0 0 0 0 0 0 0 0 0 0 0 0 0 0 0 0 0 0 0 0 0 0 0 0 0 0 0 0 0 0 0 0 0 0 0 0 0 0 0 0 0 0 0 0 0 0 0 0 0 0 0 0 0 0 0 0 0 0 0 0 0 0 0 0 0 0 0 0 0 0 0 0 0 0 0 0 0 0 0 0 0
0 0 0 0 0 0 0 0 0 0 0 0 0 0 0 0 0 0 0 0 0 0 0 0 0 0 0 0 0 0 0 0 0 0 0 0 0 0 0 0 0 0 0 0 0 0 0 0 0 0 0 0 0 0 0 0 0 0 0 0 0 0 0 0 0 0 0 0 0 0 0 0 0 0 0 0 0 0 0 0 0 0 0 0 0 0 0 0 0 0 0 0 0 0 0 0 0 0 0 0 0 0 0 0 0 0 0 0 0 0 0 0 0 0 0 0 0 0 0 0 0 0 0 0 0 0 0 0 0 0 0 0 0 0 0 0 0 0 0 0 0 0 0 0 0 3
0 0 0 0 0 0 0 0 0 0 0 0 0 0 0 0 0 0 0 0 0 0 0 0 0 0 0 0 0 0 0 0 0 0 0 0 0 0 0 0 0 0 0 0 0 0 0 0 0 0 0 0 0 0 0 0 0 0 0 0 0 0 0 0 0 0 0 0 0 0 0 0 0 0 0 0 0 0 0 0 0 0 0 0 0 0 0 0 0 0 0 0 0 0 0 0 0 0 0 0 0 0 0 0 0 0 0 0 0 0 0 0 0 0 0 0 0 0 0 0 0 0 0 0 0 0 0 0 0 0 0 0 0 0 0 0 0 0 0 0 0 0 0 0 0 0
0 0 0 0 0 0 0 0 0 0 0 0 0 0 0 0 0 0 0 0 0 0 0 0 0 0 0 0 0 0 0 0 0 0 0 0 0 0 0 0 0 0 0 0 0 0 0 0 0 0 0 0 0 0 0 0 0 0 0 0 0 0 0 0 0 0 0 0 0 0 0 0 0 0 0 0 0 0 0 0 0 0 0 0 0 0 0 0 0 0 0 0 0 0 0 0 0 0 0 0 0 0 0 0 0 0 0 0 0 0 0 0 0 0 0 0 0 0 0 0 0 0 0 0 0 0 0 0 0 0 0 0 0 0 0 0 0 0 0 0 0 0 0 0 0 1909
0 0 0 0 0 0 0 0 0 0 0 0 0 0 0 0 0 0 0 0 0 0 0 0 0 0 0 0 0 0 0 0 0 0 0 0 0 0 0 0 0 0 0 0 0 0 0 0 0 0 0 0 0 0 0 0 0 0 0 0 0 0 0 0 0 0 0 0 0 0 0 0 0 0 0 0 0 0 0 0 0 0 0 0 0 0 0 0 0 0 0 0 0 0 0 0 0 0 0 0 0 0 0 0 0 0 0 0 0 0 0 0 0 0 0 0 0 0 0 0 0 0 0 0 0 0 0 0 0 0 0 0 0 0 0 0 0 0 0 0 0 0 0 0 0 8
1470 2796 1218 1625 1395 1247 2360 2268 1369 2793 2889 2932 2806 2916 2870 2923 2977 2950 2379 1412 3100 650 2609 2802 1060 2861 1279 2570 1981 2276 2482 2421 1340 2361 2156 2663 2474 1084 2021 1199 2344 2810 2211 1094 1884 1163 1000 2876 1236 1258 2940 2828 2109 1195 1487 2900 1266 595 1515 2031 2947 1366 1493 1142 1195 1147 1572 2115 1422 1198 1198 1128 1976 2209 1980 1041 1555 2130 1337 2792 2019 544 2093 1380 1273 1541 1832 1268 1183 1263 2783 2168 1677 2153 1098 2781 2435 1307 2216 1995 1510 1819 2159 2222 1377 1836 1898 890 1883 2177 2774 1534 1100 1395 2055 1929 1085 1399 2377 966 1195 2849 1262 178 2148 1988 1039 1204 2894 1349 2920 1404 1969 2574 1278 1007 1802 1178 1088 1331 1081 982 1114 1256 1413 0
