0 41865 109219 78419 83185 122480 9508 6125 66088 45112 32088 47364 37485 47098 44653 18032 3047 3909 1012 20446 8303 637 11916 7241 117 2953 278 1309 596 968 1488 10383 230 10127 764 1667 35366 0 610 286 1091 2348 947 146 483 155 121 2237 0 297 4509 2840 775 282 381 2476 169 0 390 579 4519 252 384 0 282 0 404 927 365 0 190 112 508 814 539 127 399 923 343 6198 582 0 743 237 170 397 470 201 187 301 2420 798 430 916 146 2185 1252 207 815 600 387 467 767 820 235 472 493 0 484 804 1999 395 133 221 622 495 132 258 1237 0 0 6825 0 0 912 599 126 160 2856 319 2230 240 594 1705 0 122 462 157 145 266 118 119 135 182 261
22104 0 21081 15136 16056 23640 1835 1182 12756 8707 6193 9142 7235 9090 8618 3480 588 754 195 3946 1602 123 2300 1397 0 570 0 252 115 186 287 2004 0 1954 147 321 6826 0 117 0 210 453 182 0 0 0 0 431 0 0 870 548 149 0 0 477 0 0 0 111 872 0 0 0 0 0 0 178 0 0 0 0 0 157 0 0 0 178 0 1196 112 0 143 0 0 0 0 0 0 0 467 154 0 176 0 421 241 0 157 115 0 0 148 158 0 0 0 0 0 155 385 0 0 0 120 0 0 0 238 0 0 1317 0 0 176 115 0 0 551 0 430 0 114 329 0 0 0 0 0 0 0 0 0 0 0
59321 21686 0 63469 67327 99131 4925 3173 53489 23367 16621 24534 19417 24396 23130 9340 2960 3796 983 19858 8065 330 6172 7033 114 2868 270 1271 579 940 1445 10084 223 9836 742 1619 28624 0 592 278 1059 2280 920 142 469 150 118 2173 0 289 4379 2758 753 274 370 2404 164 0 379 563 4389 245 373 0 274 0 392 900 355 0 184 109 493 791 523 124 388 896 333 6020 565 0 721 230 165 385 456 195 182 292 2351 775 418 890 142 2122 1216 201 792 583 376 453 745 796 228 458 479 0 470 781 1942 384 130 214 604 480 128 251 1201 0 0 6629 0 0 886 581 122 156 2774 310 2166 233 577 1655 0 119 448 152 141 258 115 116 131 177 253
68997 25223 102819 0 78310 115302 5729 3690 62215 27179 19332 28536 22584 28376 26903 10864 3442 4416 1144 23098 9380 384 7179 8180 133 3336 314 1479 673 1094 1681 11729 260 11441 863 1884 33293 0 689 323 1232 2652 1070 165 546 175 137 2527 116 336 5094 3208 876 319 430 2797 191 0 441 655 5105 285 434 107 319 107 456 1047 413 0 214 127 574 920 609 144 451 1042 388 7002 658 0 839 268 192 448 531 227 211 340 2734 902 486 1035 165 2468 1414 234 921 678 437 527 867 926 266 533 557 0 547 908 2258 447 151 249 702 559 149 292 1397 0 0 7710 118 0 1030 676 142 181 3227 361 2520 271 671 1926 120 138 522 177 164 300 134 135 153 206 295
72278 26422 107708 77333 0 120784 6001 3866 65173 28472 20252 29893 23658 29725 28182 11381 3606 4626 1198 24196 9826 402 7520 8569 139 3495 329 1549 705 1146 1761 12287 272 11985 904 1973 34876 0 722 338 1291 2779 1121 173 572 183 144 2647 121 352 5336 3361 918 334 450 2930 200 0 462 686 5348 298 454 112 334 113 478 1097 432 107 224 133 601 964 638 151 473 1092 406 7335 689 0 879 280 201 469 556 237 221 356 2864 945 509 1084 173 2586 1481 245 965 711 458 552 908 970 278 559 584 0 573 951 2366 468 158 261 736 585 156 306 1464 0 107 8077 124 0 1079 708 149 190 3380 378 2640 284 703 2017 125 145 547 186 172 315 140 141 160 215 309
54662 19982 81456 58485 62039 0 4538 2923 49288 21532 15316 22607 17892 22480 21313 8607 2727 3498 906 18299 7431 304 5687 6480 0 2643 249 1171 533 866 1332 9292 206 9063 683 1492 26376 0 546 256 976 2101 848 131 432 139 109 2002 0 266 4035 2542 694 252 341 2216 151 0 349 519 4044 225 344 0 252 0 361 829 327 0 170 0 455 729 482 114 357 826 307 5547 521 0 665 212 152 355 421 179 167 269 2166 714 385 820 131 1955 1120 185 730 537 346 417 687 734 210 422 441 0 433 719 1789 354 119 197 556 443 118 231 1107 0 0 6108 0 0 816 536 113 144 2556 286 1996 215 532 1525 0 109 413 140 130 238 0 107 121 163 233
84165 30768 80269 57633 61136 90015 0 4502 48570 33154 23582 34809 27549 34614 32817 13252 2239 2873 744 15027 6102 468 8757 5322 0 2170 204 962 438 711 1094 7631 169 7443 561 1225 25991 0 448 210 801 1725 696 107 355 114 0 1644 0 218 3314 2087 570 207 280 1819 124 0 287 426 3321 185 282 0 207 0 297 681 268 0 139 0 373 598 396 0 293 678 252 4555 428 0 546 174 125 291 345 147 137 221 1779 586 316 673 107 1606 920 152 599 441 284 343 564 602 173 347 362 0 356 591 1469 290 0 162 457 363 0 190 909 0 0 5016 0 0 670 440 0 118 2099 234 1639 176 436 1253 0 0 339 115 106 195 0 0 0 134 192
23715 8669 22618 16239 17226 25364 1969 0 13686 9342 6645 9808 7762 9753 9247 3734 631 809 209 4234 1719 132 2467 1499 0 611 0 271 123 200 308 2150 0 2097 158 345 7323 0 126 0 225 486 196 0 0 0 0 463 0 0 933 588 160 0 0 512 0 0 0 120 935 0 0 0 0 0 0 191 0 0 0 0 0 168 111 0 0 191 0 1283 120 0 153 0 0 0 0 0 0 0 501 165 0 189 0 452 259 0 168 124 0 0 158 169 0 0 0 0 0 166 414 0 0 0 128 0 0 0 256 0 0 1413 0 0 188 124 0 0 591 0 462 0 123 353 0 0 0 0 0 0 0 0 0 0 0
56553 20674 84274 60508 64186 94506 4695 3025 0 22277 15846 23389 18511 23258 22051 8905 2821 3619 937 18932 7688 314 5884 6705 109 2734 257 1212 552 896 1378 9614 213 9377 707 1544 27288 0 565 265 1010 2174 877 135 447 143 112 2071 0 275 4175 2630 718 261 352 2292 156 0 361 536 4184 233 355 0 261 0 374 858 338 0 176 0 470 754 499 118 370 854 318 5739 539 0 688 219 157 367 435 186 173 279 2241 739 399 848 135 2023 1159 192 755 556 358 432 710 759 218 437 457 0 448 744 1851 366 123 204 576 458 122 239 1145 0 0 6320 0 0 845 554 117 148 2645 295 2065 222 550 1578 0 113 428 145 134 246 109 110 125 168 241
67627 24722 64496 46308 49123 72327 5615 3617 39026 0 18948 27969 22135 27812 26368 10648 1799 2308 598 12074 4903 376 7036 4276 0 1744 164 773 352 571 879 6131 136 5980 451 984 20884 0 360 169 644 1386 559 0 285 0 0 1321 0 175 2663 1677 458 166 225 1462 0 0 230 342 2668 149 226 0 166 0 238 547 215 0 112 0 300 481 318 0 236 545 202 3660 344 0 438 140 0 234 277 118 110 177 1429 471 254 541 0 1290 739 122 481 354 228 275 453 484 139 278 291 0 286 474 1180 233 0 130 367 292 0 152 730 0 0 4030 0 0 538 353 0 0 1686 188 1317 141 351 1006 0 0 272 0 0 157 0 0 0 107 154
20655 7551 19699 14144 15003 22091 1715 1104 11920 8136 0 8543 6761 8494 8054 3252 549 705 182 3687 1497 115 2149 1306 0 532 0 236 107 174 268 1872 0 1826 137 300 6378 0 110 0 196 423 170 0 0 0 0 403 0 0 813 512 139 0 0 446 0 0 0 0 815 0 0 0 0 0 0 167 0 0 0 0 0 146 0 0 0 166 0 1118 0 0 134 0 0 0 0 0 0 0 436 144 0 165 0 394 225 0 147 108 0 0 138 147 0 0 0 0 0 145 360 0 0 0 112 0 0 0 223 0 0 1231 0 0 164 108 0 0 515 0 402 0 107 307 0 0 0 0 0 0 0 0 0 0 0
66307 24239 63238 45404 48164 70915 5505 3546 38264 26119 18579 0 21703 27269 25854 10440 1764 2263 586 11838 4807 369 6899 4192 0 1710 161 758 345 560 862 6011 133 5863 442 965 20476 0 353 165 631 1359 548 0 280 0 0 1295 0 172 2611 1644 449 163 220 1433 0 0 226 335 2616 146 222 0 163 0 234 536 211 0 110 0 294 471 312 0 231 534 198 3589 337 0 430 137 0 229 272 116 108 174 1401 462 249 530 0 1265 725 120 472 347 224 270 444 474 136 273 285 0 280 465 1157 229 0 127 360 286 0 149 716 0 0 3952 0 0 528 346 0 0 1654 185 1291 139 344 987 0 0 267 0 0 154 0 0 0 0 151
37535 13721 35798 25702 27265 40144 3116 2007 21661 14786 10517 15524 0 15437 14635 5910 998 1281 332 6701 2721 208 3905 2373 0 968 0 429 195 317 487 3403 0 3319 250 546 11591 0 200 0 357 769 310 0 158 0 0 733 0 0 1478 931 254 0 124 811 0 0 128 190 1481 0 125 0 0 0 132 303 119 0 0 0 166 267 176 0 131 302 112 2031 190 0 243 0 0 130 154 0 0 0 793 261 141 300 0 716 410 0 267 196 126 153 251 268 0 154 161 0 158 263 655 129 0 0 203 162 0 0 405 0 0 2237 0 0 299 196 0 0 936 0 731 0 194 558 0 0 151 0 0 0 0 0 0 0 0
50148 18332 47827 34340 36427 53634 4163 2682 28940 19754 14051 20741 16414 0 19553 7896 1334 1711 443 8953 3636 279 5218 3171 0 1293 121 573 261 424 651 4546 0 4434 334 730 15486 0 267 125 477 1028 415 0 211 0 0 979 0 130 1974 1243 339 123 166 1084 0 0 171 253 1979 110 168 0 123 0 176 405 160 0 0 0 222 356 236 0 175 404 150 2714 255 0 325 0 0 173 206 0 0 131 1060 349 188 401 0 957 548 0 357 263 169 204 336 359 0 206 216 0 212 352 875 173 0 0 272 216 0 113 541 0 0 2989 0 0 399 262 0 0 1250 139 976 0 260 746 0 0 202 0 0 116 0 0 0 0 114
43489 15898 41476 29780 31590 46512 3611 2326 25097 17131 12185 17986 14235 17885 0 6848 1157 1484 384 7764 3153 242 4525 2749 0 1121 0 497 226 367 565 3943 0 3846 290 633 13430 0 231 108 414 891 359 0 183 0 0 849 0 113 1712 1078 294 107 144 940 0 0 148 220 1716 0 145 0 107 0 153 352 138 0 0 0 193 309 204 0 151 350 130 2354 221 0 282 0 0 150 178 0 0 114 919 303 163 348 0 829 475 0 309 228 147 177 291 311 0 179 187 0 183 305 759 150 0 0 236 188 0 0 469 0 0 2592 0 0 346 227 0 0 1084 121 847 0 225 647 0 0 175 0 0 0 0 0 0 0 0
13668 4996 13035 9359 9928 14618 1134 731 7887 5384 3829 5652 4473 5621 5329 0 363 466 120 2440 991 0 1422 864 0 352 0 156 0 115 177 1239 0 1208 0 199 4220 0 0 0 130 280 113 0 0 0 0 267 0 0 538 339 0 0 0 295 0 0 0 0 539 0 0 0 0 0 0 110 0 0 0 0 0 0 0 0 0 110 0 739 0 0 0 0 0 0 0 0 0 0 288 0 0 109 0 260 149 0 0 0 0 0 0 0 0 0 0 0 0 0 238 0 0 0 0 0 0 0 147 0 0 814 0 0 108 0 0 0 340 0 266 0 0 203 0 0 0 0 0 0 0 0 0 0 0
850 310 1521 1092 1158 1705 0 0 920 335 238 351 278 349 331 133 0 181 0 949 385 0 0 336 0 137 0 0 0 0 0 482 0 470 0 0 492 0 0 0 0 109 0 0 0 0 0 0 0 0 209 131 0 0 0 114 0 0 0 0 209 0 0 0 0 0 0 0 0 0 0 0 0 0 0 0 0 0 0 287 0 0 0 0 0 0 0 0 0 0 112 0 0 0 0 0 0 0 0 0 0 0 0 0 0 0 0 0 0 0 0 0 0 0 0 0 0 0 0 0 0 316 0 0 0 0 0 0 132 0 0 0 0 0 0 0 0 0 0 0 0 0 0 0 0
1287 470 2302 1653 1753 2582 106 0 1393 507 360 532 421 529 502 202 214 0 0 1436 583 0 133 508 0 207 0 0 0 0 0 729 0 711 0 117 745 0 0 0 0 165 0 0 0 0 0 157 0 0 316 199 0 0 0 174 0 0 0 0 317 0 0 0 0 0 0 0 0 0 0 0 0 0 0 0 0 0 0 435 0 0 0 0 0 0 0 0 0 0 170 0 0 0 0 153 0 0 0 0 0 0 0 0 0 0 0 0 0 0 140 0 0 0 0 0 0 0 0 0 0 479 0 0 0 0 0 0 200 0 156 0 0 119 0 0 0 0 0 0 0 0 0 0 0
195 0 349 251 266 392 0 0 211 0 0 0 0 0 0 0 0 0 0 218 0 0 0 0 0 0 0 0 0 0 0 110 0 108 0 0 113 0 0 0 0 0 0 0 0 0 0 0 0 0 0 0 0 0 0 0 0 0 0 0 0 0 0 0 0 0 0 0 0 0 0 0 0 0 0 0 0 0 0 0 0 0 0 0 0 0 0 0 0 0 0 0 0 0 0 0 0 0 0 0 0 0 0 0 0 0 0 0 0 0 0 0 0 0 0 0 0 0 0 0 0 0 0 0 0 0 0 0 0 0 0 0 0 0 0 0 0 0 0 0 0 0 0 0 0
8502 3108 15203 10915 11579 17049 705 454 9199 3349 2382 3516 2782 3496 3315 1338 1414 1813 470 0 3852 0 884 3360 0 1370 129 607 276 449 690 4817 106 4699 354 773 4922 0 283 132 506 1089 439 0 224 0 0 1038 0 138 2092 1318 359 131 176 1148 0 0 181 269 2097 117 178 0 131 0 187 430 169 0 0 0 235 377 250 0 185 428 159 2876 270 0 344 110 0 184 218 0 0 139 1123 370 199 425 0 1014 581 0 378 278 179 216 356 380 109 219 229 0 224 373 927 183 0 0 288 229 0 120 574 0 0 3167 0 0 423 277 0 0 1325 148 1035 111 275 791 0 0 214 0 0 123 0 0 0 0 121
7154 2615 12794 9186 9744 14347 594 382 7741 2818 2004 2959 2341 2942 2789 1126 1190 1526 395 7983 0 0 744 2827 0 1153 108 511 232 378 581 4054 0 3954 298 651 4142 0 238 111 426 916 370 0 188 0 0 873 0 116 1760 1109 302 110 148 966 0 0 152 226 1764 0 150 0 110 0 157 362 142 0 0 0 198 318 210 0 156 360 134 2420 227 0 290 0 0 155 183 0 0 117 945 311 168 357 0 853 488 0 318 234 151 182 299 320 0 184 192 0 189 314 780 154 0 0 242 193 0 0 483 0 0 2665 0 0 356 233 0 0 1115 124 871 0 232 665 0 0 180 0 0 0 0 0 0 0 0
5160 1886 4921 3533 3748 5518 428 276 2977 2032 1445 2134 1689 2122 2012 812 137 176 0 921 374 0 536 326 0 133 0 0 0 0 0 467 0 456 0 0 1593 0 0 0 0 0 0 0 0 0 0 0 0 0 203 127 0 0 0 111 0 0 0 0 203 0 0 0 0 0 0 0 0 0 0 0 0 0 0 0 0 0 0 279 0 0 0 0 0 0 0 0 0 0 109 0 0 0 0 0 0 0 0 0 0 0 0 0 0 0 0 0 0 0 0 0 0 0 0 0 0 0 0 0 0 307 0 0 0 0 0 0 128 0 0 0 0 0 0 0 0 0 0 0 0 0 0 0 0
17959 6565 17128 12297 13045 19207 1491 960 10364 7074 5032 7427 5878 7386 7002 2827 477 613 158 3206 1302 0 0 1135 0 463 0 205 0 151 233 1628 0 1588 119 261 5546 0 0 0 171 368 148 0 0 0 0 350 0 0 707 445 121 0 0 388 0 0 0 0 708 0 0 0 0 0 0 145 0 0 0 0 0 127 0 0 0 144 0 972 0 0 116 0 0 0 0 0 0 0 379 125 0 143 0 342 196 0 127 0 0 0 120 128 0 0 0 0 0 126 313 0 0 0 0 0 0 0 194 0 0 1070 0 0 143 0 0 0 447 0 349 0 0 267 0 0 0 0 0 0 0 0 0 0 0
1385 506 2477 1778 1886 2778 115 0 1498 545 388 572 453 569 540 218 230 295 0 1545 627 0 144 0 0 223 0 0 0 0 112 785 0 765 0 126 802 0 0 0 0 177 0 0 0 0 0 169 0 0 340 214 0 0 0 187 0 0 0 0 341 0 0 0 0 0 0 0 0 0 0 0 0 0 0 0 0 0 0 468 0 0 0 0 0 0 0 0 0 0 183 0 0 0 0 165 0 0 0 0 0 0 0 0 0 0 0 0 0 0 151 0 0 0 0 0 0 0 0 0 0 516 0 0 0 0 0 0 215 0 168 0 0 128 0 0 0 0 0 0 0 0 0 0 0
2172 794 3885 2789 2958 4356 180 116 2350 855 608 898 711 893 847 342 361 463 120 2424 984 0 226 858 0 350 0 155 0 114 176 1231 0 1200 0 197 1257 0 0 0 129 278 112 0 0 0 0 265 0 0 534 336 0 0 0 293 0 0 0 0 535 0 0 0 0 0 0 109 0 0 0 0 0 0 0 0 0 109 0 735 0 0 0 0 0 0 0 0 0 0 287 0 0 108 0 259 148 0 0 0 0 0 0 0 0 0 0 0 0 0 237 0 0 0 0 0 0 0 146 0 0 809 0 0 108 0 0 0 338 0 264 0 0 202 0 0 0 0 0 0 0 0 0 0 0
149 0 266 191 203 299 0 0 161 0 0 0 0 0 0 0 0 0 0 166 0 0 0 0 0 0 0 0 0 0 0 0 0 0 0 0 0 0 0 0 0 0 0 0 0 0 0 0 0 0 0 0 0 0 0 0 0 0 0 0 0 0 0 0 0 0 0 0 0 0 0 0 0 0 0 0 0 0 0 0 0 0 0 0 0 0 0 0 0 0 0 0 0 0 0 0 0 0 0 0 0 0 0 0 0 0 0 0 0 0 0 0 0 0 0 0 0 0 0 0 0 0 0 0 0 0 0 0 0 0 0 0 0 0 0 0 0 0 0 0 0 0 0 0 0
344 126 616 442 469 691 0 0 373 135 0 142 112 141 134 0 0 0 0 384 156 0 0 136 0 0 0 0 0 0 0 195 0 190 0 0 199 0 0 0 0 0 0 0 0 0 0 0 0 0 0 0 0 0 0 0 0 0 0 0 0 0 0 0 0 0 0 0 0 0 0 0 0 0 0 0 0 0 0 116 0 0 0 0 0 0 0 0 0 0 0 0 0 0 0 0 0 0 0 0 0 0 0 0 0 0 0 0 0 0 0 0 0 0 0 0 0 0 0 0 0 128 0 0 0 0 0 0 0 0 0 0 0 0 0 0 0 0 0 0 0 0 0 0 0
201 0 360 258 274 404 0 0 218 0 0 0 0 0 0 0 0 0 0 224 0 0 0 0 0 0 0 0 0 0 0 114 0 111 0 0 116 0 0 0 0 0 0 0 0 0 0 0 0 0 0 0 0 0 0 0 0 0 0 0 0 0 0 0 0 0 0 0 0 0 0 0 0 0 0 0 0 0 0 0 0 0 0 0 0 0 0 0 0 0 0 0 0 0 0 0 0 0 0 0 0 0 0 0 0 0 0 0 0 0 0 0 0 0 0 0 0 0 0 0 0 0 0 0 0 0 0 0 0 0 0 0 0 0 0 0 0 0 0 0 0 0 0 0 0
0 0 0 0 0 0 0 0 0 0 0 0 0 0 0 0 0 0 0 0 0 0 0 0 0 0 0 0 0 0 0 0 0 0 0 0 0 0 0 0 0 0 0 0 0 0 0 0 0 0 0 0 0 0 0 0 0 0 0 0 0 0 0 0 0 0 0 0 0 0 0 0 0 0 0 0 0 0 0 0 0 0 0 0 0 0 0 0 0 0 0 0 0 0 0 0 0 0 0 0 0 0 0 0 0 0 0 0 0 0 0 0 0 0 0 0 0 0 0 0 0 0 0 0 0 0 0 0 0 0 0 0 0 0 0 0 0 0 0 0 0 0 0 0 0
181 0 324 233 247 363 0 0 196 0 0 0 0 0 0 0 0 0 0 202 0 0 0 0 0 0 0 0 0 0 0 0 0 0 0 0 0 0 0 0 0 0 0 0 0 0 0 0 0 0 0 0 0 0 0 0 0 0 0 0 0 0 0 0 0 0 0 0 0 0 0 0 0 0 0 0 0 0 0 0 0 0 0 0 0 0 0 0 0 0 0 0 0 0 0 0 0 0 0 0 0 0 0 0 0 0 0 0 0 0 0 0 0 0 0 0 0 0 0 0 0 0 0 0 0 0 0 0 0 0 0 0 0 0 0 0 0 0 0 0 0 0 0 0 0
1350 493 2415 1734 1839 2709 112 0 1461 532 378 558 442 555 526 212 224 288 0 1507 612 0 140 533 0 217 0 0 0 0 0 765 0 746 0 122 782 0 0 0 0 173 0 0 0 0 0 164 0 0 332 209 0 0 0 182 0 0 0 0 333 0 0 0 0 0 0 0 0 0 0 0 0 0 0 0 0 0 0 457 0 0 0 0 0 0 0 0 0 0 178 0 0 0 0 161 0 0 0 0 0 0 0 0 0 0 0 0 0 0 147 0 0 0 0 0 0 0 0 0 0 503 0 0 0 0 0 0 210 0 164 0 0 125 0 0 0 0 0 0 0 0 0 0 0
2714 992 4854 3485 3697 5444 225 145 2937 1069 760 1122 888 1116 1058 427 451 579 150 3029 1230 0 282 1072 0 437 0 194 0 143 220 0 0 1500 113 247 1571 0 0 0 161 347 140 0 0 0 0 331 0 0 668 420 114 0 0 366 0 0 0 0 669 0 0 0 0 0 0 137 0 0 0 0 0 120 0 0 0 136 0 918 0 0 110 0 0 0 0 0 0 0 358 118 0 135 0 323 185 0 120 0 0 0 113 121 0 0 0 0 0 119 296 0 0 0 0 0 0 0 183 0 0 1011 0 0 135 0 0 0 423 0 330 0 0 252 0 0 0 0 0 0 0 0 0 0 0
616 225 1102 791 840 1236 0 0 667 242 172 255 201 253 240 0 0 131 0 688 279 0 0 243 0 0 0 0 0 0 0 349 0 340 0 0 357 0 0 0 0 0 0 0 0 0 0 0 0 0 151 0 0 0 0 0 0 0 0 0 152 0 0 0 0 0 0 0 0 0 0 0 0 0 0 0 0 0 0 208 0 0 0 0 0 0 0 0 0 0 0 0 0 0 0 0 0 0 0 0 0 0 0 0 0 0 0 0 0 0 0 0 0 0 0 0 0 0 0 0 0 229 0 0 0 0 0 0 0 0 0 0 0 0 0 0 0 0 0 0 0 0 0 0 0
592 216 1059 761 807 1188 0 0 641 233 166 245 194 243 231 0 0 126 0 661 268 0 0 234 0 0 0 0 0 0 0 335 0 0 0 0 343 0 0 0 0 0 0 0 0 0 0 0 0 0 145 0 0 0 0 0 0 0 0 0 146 0 0 0 0 0 0 0 0 0 0 0 0 0 0 0 0 0 0 200 0 0 0 0 0 0 0 0 0 0 0 0 0 0 0 0 0 0 0 0 0 0 0 0 0 0 0 0 0 0 0 0 0 0 0 0 0 0 0 0 0 220 0 0 0 0 0 0 0 0 0 0 0 0 0 0 0 0 0 0 0 0 0 0 0
592 216 1060 761 807 1188 0 0 641 233 166 245 194 243 231 0 0 126 0 661 268 0 0 234 0 0 0 0 0 0 0 335 0 327 0 0 343 0 0 0 0 0 0 0 0 0 0 0 0 0 145 0 0 0 0 0 0 0 0 0 146 0 0 0 0 0 0 0 0 0 0 0 0 0 0 0 0 0 0 200 0 0 0 0 0 0 0 0 0 0 0 0 0 0 0 0 0 0 0 0 0 0 0 0 0 0 0 0 0 0 0 0 0 0 0 0 0 0 0 0 0 220 0 0 0 0 0 0 0 0 0 0 0 0 0 0 0 0 0 0 0 0 0 0 0
1684 615 3012 2162 2294 3377 139 0 1822 663 471 696 551 692 656 265 280 359 0 1879 763 0 175 665 0 271 0 120 0 0 136 954 0 931 0 0 975 0 0 0 0 215 0 0 0 0 0 205 0 0 414 261 0 0 0 227 0 0 0 0 415 0 0 0 0 0 0 0 0 0 0 0 0 0 0 0 0 0 0 569 0 0 0 0 0 0 0 0 0 0 222 0 0 0 0 200 115 0 0 0 0 0 0 0 0 0 0 0 0 0 183 0 0 0 0 0 0 0 113 0 0 627 0 0 0 0 0 0 262 0 205 0 0 156 0 0 0 0 0 0 0 0 0 0 0
10063 3678 14996 10767 11421 16816 835 538 9073 3964 2819 4162 3293 4138 3923 1584 502 644 166 3368 1368 0 1047 1193 0 486 0 215 0 159 245 1710 0 1668 125 274 0 0 0 0 179 386 156 0 0 0 0 368 0 0 743 468 127 0 0 407 0 0 0 0 744 0 0 0 0 0 0 152 0 0 0 0 0 134 0 0 0 152 0 1021 0 0 122 0 0 0 0 0 0 0 398 131 0 151 0 360 206 0 134 0 0 0 126 135 0 0 0 0 0 132 329 0 0 0 0 0 0 0 203 0 0 1124 0 0 150 0 0 0 470 0 367 0 0 280 0 0 0 0 0 0 0 0 0 0 0
231 0 413 296 314 463 0 0 250 0 0 0 0 0 0 0 0 0 0 258 0 0 0 0 0 0 0 0 0 0 0 131 0 127 0 0 133 0 0 0 0 0 0 0 0 0 0 0 0 0 0 0 0 0 0 0 0 0 0 0 0 0 0 0 0 0 0 0 0 0 0 0 0 0 0 0 0 0 0 0 0 0 0 0 0 0 0 0 0 0 0 0 0 0 0 0 0 0 0 0 0 0 0 0 0 0 0 0 0 0 0 0 0 0 0 0 0 0 0 0 0 0 0 0 0 0 0 0 0 0 0 0 0 0 0 0 0 0 0 0 0 0 0 0 0
229 0 410 294 312 460 0 0 248 0 0 0 0 0 0 0 0 0 0 256 0 0 0 0 0 0 0 0 0 0 0 130 0 126 0 0 132 0 0 0 0 0 0 0 0 0 0 0 0 0 0 0 0 0 0 0 0 0 0 0 0 0 0 0 0 0 0 0 0 0 0 0 0 0 0 0 0 0 0 0 0 0 0 0 0 0 0 0 0 0 0 0 0 0 0 0 0 0 0 0 0 0 0 0 0 0 0 0 0 0 0 0 0 0 0 0 0 0 0 0 0 0 0 0 0 0 0 0 0 0 0 0 0 0 0 0 0 0 0 0 0 0 0 0 0
844 308 1509 1083 1149 1692 0 0 913 332 236 349 276 347 329 132 140 180 0 941 382 0 0 333 0 136 0 0 0 0 0 478 0 466 0 0 488 0 0 0 0 108 0 0 0 0 0 0 0 0 207 130 0 0 0 114 0 0 0 0 208 0 0 0 0 0 0 0 0 0 0 0 0 0 0 0 0 0 0 285 0 0 0 0 0 0 0 0 0 0 111 0 0 0 0 0 0 0 0 0 0 0 0 0 0 0 0 0 0 0 0 0 0 0 0 0 0 0 0 0 0 314 0 0 0 0 0 0 131 0 0 0 0 0 0 0 0 0 0 0 0 0 0 0 0
0 0 126 0 0 141 0 0 0 0 0 0 0 0 0 0 0 0 0 0 0 0 0 0 0 0 0 0 0 0 0 0 0 0 0 0 0 0 0 0 0 0 0 0 0 0 0 0 0 0 0 0 0 0 0 0 0 0 0 0 0 0 0 0 0 0 0 0 0 0 0 0 0 0 0 0 0 0 0 0 0 0 0 0 0 0 0 0 0 0 0 0 0 0 0 0 0 0 0 0 0 0 0 0 0 0 0 0 0 0 0 0 0 0 0 0 0 0 0 0 0 0 0 0 0 0 0 0 0 0 0 0 0 0 0 0 0 0 0 0 0 0 0 0 0
362 132 647 464 493 726 0 0 391 142 0 149 118 148 141 0 0 0 0 404 164 0 0 143 0 0 0 0 0 0 0 205 0 200 0 0 209 0 0 0 0 0 0 0 0 0 0 0 0 0 0 0 0 0 0 0 0 0 0 0 0 0 0 0 0 0 0 0 0 0 0 0 0 0 0 0 0 0 0 122 0 0 0 0 0 0 0 0 0 0 0 0 0 0 0 0 0 0 0 0 0 0 0 0 0 0 0 0 0 0 0 0 0 0 0 0 0 0 0 0 0 134 0 0 0 0 0 0 0 0 0 0 0 0 0 0 0 0 0 0 0 0 0 0 0
477 174 854 613 650 958 0 0 517 188 133 197 156 196 186 0 0 0 0 533 216 0 0 188 0 0 0 0 0 0 0 270 0 264 0 0 276 0 0 0 0 0 0 0 0 0 0 0 0 0 117 0 0 0 0 0 0 0 0 0 117 0 0 0 0 0 0 0 0 0 0 0 0 0 0 0 0 0 0 161 0 0 0 0 0 0 0 0 0 0 0 0 0 0 0 0 0 0 0 0 0 0 0 0 0 0 0 0 0 0 0 0 0 0 0 0 0 0 0 0 0 178 0 0 0 0 0 0 0 0 0 0 0 0 0 0 0 0 0 0 0 0 0 0 0
131 0 235 168 179 263 0 0 142 0 0 0 0 0 0 0 0 0 0 146 0 0 0 0 0 0 0 0 0 0 0 0 0 0 0 0 0 0 0 0 0 0 0 0 0 0 0 0 0 0 0 0 0 0 0 0 0 0 0 0 0 0 0 0 0 0 0 0 0 0 0 0 0 0 0 0 0 0 0 0 0 0 0 0 0 0 0 0 0 0 0 0 0 0 0 0 0 0 0 0 0 0 0 0 0 0 0 0 0 0 0 0 0 0 0 0 0 0 0 0 0 0 0 0 0 0 0 0 0 0 0 0 0 0 0 0 0 0 0 0 0 0 0 0 0
170 0 305 219 232 342 0 0 184 0 0 0 0 0 0 0 0 0 0 190 0 0 0 0 0 0 0 0 0 0 0 0 0 0 0 0 0 0 0 0 0 0 0 0 0 0 0 0 0 0 0 0 0 0 0 0 0 0 0 0 0 0 0 0 0 0 0 0 0 0 0 0 0 0 0 0 0 0 0 0 0 0 0 0 0 0 0 0 0 0 0 0 0 0 0 0 0 0 0 0 0 0 0 0 0 0 0 0 0 0 0 0 0 0 0 0 0 0 0 0 0 0 0 0 0 0 0 0 0 0 0 0 0 0 0 0 0 0 0 0 0 0 0 0 0
0 0 0 0 0 0 0 0 0 0 0 0 0 0 0 0 0 0 0 0 0 0 0 0 0 0 0 0 0 0 0 0 0 0 0 0 0 0 0 0 0 0 0 0 0 0 0 0 0 0 0 0 0 0 0 0 0 0 0 0 0 0 0 0 0 0 0 0 0 0 0 0 0 0 0 0 0 0 0 0 0 0 0 0 0 0 0 0 0 0 0 0 0 0 0 0 0 0 0 0 0 0 0 0 0 0 0 0 0 0 0 0 0 0 0 0 0 0 0 0 0 0 0 0 0 0 0 0 0 0 0 0 0 0 0 0 0 0 0 0 0 0 0 0 0
174 0 311 223 237 349 0 0 188 0 0 0 0 0 0 0 0 0 0 194 0 0 0 0 0 0 0 0 0 0 0 0 0 0 0 0 0 0 0 0 0 0 0 0 0 0 0 0 0 0 0 0 0 0 0 0 0 0 0 0 0 0 0 0 0 0 0 0 0 0 0 0 0 0 0 0 0 0 0 0 0 0 0 0 0 0 0 0 0 0 0 0 0 0 0 0 0 0 0 0 0 0 0 0 0 0 0 0 0 0 0 0 0 0 0 0 0 0 0 0 0 0 0 0 0 0 0 0 0 0 0 0 0 0 0 0 0 0 0 0 0 0 0 0 0
424 155 759 545 578 851 0 0 459 167 119 175 139 174 165 0 0 0 0 473 192 0 0 167 0 0 0 0 0 0 0 240 0 234 0 0 245 0 0 0 0 0 0 0 0 0 0 0 0 0 0 0 0 0 0 0 0 0 0 0 0 0 0 0 0 0 0 0 0 0 0 0 0 0 0 0 0 0 0 143 0 0 0 0 0 0 0 0 0 0 0 0 0 0 0 0 0 0 0 0 0 0 0 0 0 0 0 0 0 0 0 0 0 0 0 0 0 0 0 0 0 158 0 0 0 0 0 0 0 0 0 0 0 0 0 0 0 0 0 0 0 0 0 0 0
0 0 0 0 0 0 0 0 0 0 0 0 0 0 0 0 0 0 0 0 0 0 0 0 0 0 0 0 0 0 0 0 0 0 0 0 0 0 0 0 0 0 0 0 0 0 0 0 0 0 0 0 0 0 0 0 0 0 0 0 0 0 0 0 0 0 0 0 0 0 0 0 0 0 0 0 0 0 0 0 0 0 0 0 0 0 0 0 0 0 0 0 0 0 0 0 0 0 0 0 0 0 0 0 0 0 0 0 0 0 0 0 0 0 0 0 0 0 0 0 0 0 0 0 0 0 0 0 0 0 0 0 0 0 0 0 0 0 0 0 0 0 0 0 0
173 0 309 222 236 347 0 0 187 0 0 0 0 0 0 0 0 0 0 193 0 0 0 0 0 0 0 0 0 0 0 0 0 0 0 0 0 0 0 0 0 0 0 0 0 0 0 0 0 0 0 0 0 0 0 0 0 0 0 0 0 0 0 0 0 0 0 0 0 0 0 0 0 0 0 0 0 0 0 0 0 0 0 0 0 0 0 0 0 0 0 0 0 0 0 0 0 0 0 0 0 0 0 0 0 0 0 0 0 0 0 0 0 0 0 0 0 0 0 0 0 0 0 0 0 0 0 0 0 0 0 0 0 0 0 0 0 0 0 0 0 0 0 0 0
2224 813 3978 2856 3029 4460 184 118 2407 876 623 920 728 914 867 350 370 474 122 2482 1008 0 231 879 0 358 0 158 0 117 180 1260 0 1229 0 202 1288 0 0 0 132 285 115 0 0 0 0 271 0 0 0 344 0 0 0 300 0 0 0 0 548 0 0 0 0 0 0 112 0 0 0 0 0 0 0 0 0 112 0 752 0 0 0 0 0 0 0 0 0 0 293 0 0 111 0 265 152 0 0 0 0 0 0 0 0 0 0 0 0 0 242 0 0 0 0 0 0 0 150 0 0 828 0 0 110 0 0 0 346 0 270 0 0 207 0 0 0 0 0 0 0 0 0 0 0
318 116 569 409 434 639 0 0 344 125 0 131 0 131 124 0 0 0 0 355 144 0 0 125 0 0 0 0 0 0 0 180 0 176 0 0 184 0 0 0 0 0 0 0 0 0 0 0 0 0 0 0 0 0 0 0 0 0 0 0 0 0 0 0 0 0 0 0 0 0 0 0 0 0 0 0 0 0 0 107 0 0 0 0 0 0 0 0 0 0 0 0 0 0 0 0 0 0 0 0 0 0 0 0 0 0 0 0 0 0 0 0 0 0 0 0 0 0 0 0 0 118 0 0 0 0 0 0 0 0 0 0 0 0 0 0 0 0 0 0 0 0 0 0 0
2470 903 4418 3172 3365 4954 205 132 2673 973 692 1021 808 1016 963 389 410 527 136 2757 1119 0 257 976 0 398 0 176 0 130 200 1400 0 1365 0 224 1430 0 0 0 147 316 127 0 0 0 0 301 0 0 608 383 0 0 0 333 0 0 0 0 609 0 0 0 0 0 0 125 0 0 0 0 0 109 0 0 0 124 0 835 0 0 0 0 0 0 0 0 0 0 326 107 0 123 0 294 168 0 110 0 0 0 0 110 0 0 0 0 0 108 269 0 0 0 0 0 0 0 166 0 0 920 0 0 123 0 0 0 385 0 300 0 0 229 0 0 0 0 0 0 0 0 0 0 0
0 0 0 0 0 0 0 0 0 0 0 0 0 0 0 0 0 0 0 0 0 0 0 0 0 0 0 0 0 0 0 0 0 0 0 0 0 0 0 0 0 0 0 0 0 0 0 0 0 0 0 0 0 0 0 0 0 0 0 0 0 0 0 0 0 0 0 0 0 0 0 0 0 0 0 0 0 0 0 0 0 0 0 0 0 0 0 0 0 0 0 0 0 0 0 0 0 0 0 0 0 0 0 0 0 0 0 0 0 0 0 0 0 0 0 0 0 0 0 0 0 0 0 0 0 0 0 0 0 0 0 0 0 0 0 0 0 0 0 0 0 0 0 0 0
0 0 0 0 0 0 0 0 0 0 0 0 0 0 0 0 0 0 0 0 0 0 0 0 0 0 0 0 0 0 0 0 0 0 0 0 0 0 0 0 0 0 0 0 0 0 0 0 0 0 0 0 0 0 0 0 0 0 0 0 0 0 0 0 0 0 0 0 0 0 0 0 0 0 0 0 0 0 0 0 0 0 0 0 0 0 0 0 0 0 0 0 0 0 0 0 0 0 0 0 0 0 0 0 0 0 0 0 0 0 0 0 0 0 0 0 0 0 0 0 0 0 0 0 0 0 0 0 0 0 0 0 0 0 0 0 0 0 0 0 0 0 0 0 0
1884 688 3369 2419 2566 3778 156 0 2039 742 528 779 616 775 734 296 313 402 0 2102 854 0 196 744 0 303 0 134 0 0 153 1067 0 1041 0 171 1091 0 0 0 112 241 0 0 0 0 0 230 0 0 463 292 0 0 0 0 0 0 0 0 464 0 0 0 0 0 0 0 0 0 0 0 0 0 0 0 0 0 0 637 0 0 0 0 0 0 0 0 0 0 248 0 0 0 0 224 128 0 0 0 0 0 0 0 0 0 0 0 0 0 205 0 0 0 0 0 0 0 127 0 0 702 0 0 0 0 0 0 293 0 229 0 0 175 0 0 0 0 0 0 0 0 0 0 0
0 0 0 0 0 0 0 0 0 0 0 0 0 0 0 0 0 0 0 0 0 0 0 0 0 0 0 0 0 0 0 0 0 0 0 0 0 0 0 0 0 0 0 0 0 0 0 0 0 0 0 0 0 0 0 0 0 0 0 0 0 0 0 0 0 0 0 0 0 0 0 0 0 0 0 0 0 0 0 0 0 0 0 0 0 0 0 0 0 0 0 0 0 0 0 0 0 0 0 0 0 0 0 0 0 0 0 0 0 0 0 0 0 0 0 0 0 0 0 0 0 0 0 0 0 0 0 0 0 0 0 0 0 0 0 0 0 0 0 0 0 0 0 0 0
0 0 125 0 0 140 0 0 0 0 0 0 0 0 0 0 0 0 0 0 0 0 0 0 0 0 0 0 0 0 0 0 0 0 0 0 0 0 0 0 0 0 0 0 0 0 0 0 0 0 0 0 0 0 0 0 0 0 0 0 0 0 0 0 0 0 0 0 0 0 0 0 0 0 0 0 0 0 0 0 0 0 0 0 0 0 0 0 0 0 0 0 0 0 0 0 0 0 0 0 0 0 0 0 0 0 0 0 0 0 0 0 0 0 0 0 0 0 0 0 0 0 0 0 0 0 0 0 0 0 0 0 0 0 0 0 0 0 0 0 0 0 0 0 0
479 175 857 615 653 961 0 0 519 188 134 198 157 197 187 0 0 0 0 535 217 0 0 189 0 0 0 0 0 0 0 271 0 265 0 0 277 0 0 0 0 0 0 0 0 0 0 0 0 0 118 0 0 0 0 0 0 0 0 0 118 0 0 0 0 0 0 0 0 0 0 0 0 0 0 0 0 0 0 162 0 0 0 0 0 0 0 0 0 0 0 0 0 0 0 0 0 0 0 0 0 0 0 0 0 0 0 0 0 0 0 0 0 0 0 0 0 0 0 0 0 178 0 0 0 0 0 0 0 0 0 0 0 0 0 0 0 0 0 0 0 0 0 0 0
0 0 0 0 0 0 0 0 0 0 0 0 0 0 0 0 0 0 0 0 0 0 0 0 0 0 0 0 0 0 0 0 0 0 0 0 0 0 0 0 0 0 0 0 0 0 0 0 0 0 0 0 0 0 0 0 0 0 0 0 0 0 0 0 0 0 0 0 0 0 0 0 0 0 0 0 0 0 0 0 0 0 0 0 0 0 0 0 0 0 0 0 0 0 0 0 0 0 0 0 0 0 0 0 0 0 0 0 0 0 0 0 0 0 0 0 0 0 0 0 0 0 0 0 0 0 0 0 0 0 0 0 0 0 0 0 0 0 0 0 0 0 0 0 0
1453 531 2598 1865 1979 2914 120 0 1572 572 407 601 475 597 566 228 241 310 0 1621 658 0 151 574 0 234 0 0 0 0 118 823 0 803 0 132 841 0 0 0 0 186 0 0 0 0 0 177 0 0 357 225 0 0 0 196 0 0 0 0 0 0 0 0 0 0 0 0 0 0 0 0 0 0 0 0 0 0 0 491 0 0 0 0 0 0 0 0 0 0 192 0 0 0 0 173 0 0 0 0 0 0 0 0 0 0 0 0 0 0 158 0 0 0 0 0 0 0 0 0 0 541 0 0 0 0 0 0 226 0 176 0 0 135 0 0 0 0 0 0 0 0 0 0 0
0 0 0 0 0 0 0 0 0 0 0 0 0 0 0 0 0 0 0 0 0 0 0 0 0 0 0 0 0 0 0 0 0 0 0 0 0 0 0 0 0 0 0 0 0 0 0 0 0 0 0 0 0 0 0 0 0 0 0 0 0 0 0 0 0 0 0 0 0 0 0 0 0 0 0 0 0 0 0 0 0 0 0 0 0 0 0 0 0 0 0 0 0 0 0 0 0 0 0 0 0 0 0 0 0 0 0 0 0 0 0 0 0 0 0 0 0 0 0 0 0 0 0 0 0 0 0 0 0 0 0 0 0 0 0 0 0 0 0 0 0 0 0 0 0
341 124 610 438 464 684 0 0 369 134 0 141 111 140 133 0 0 0 0 380 154 0 0 134 0 0 0 0 0 0 0 193 0 188 0 0 197 0 0 0 0 0 0 0 0 0 0 0 0 0 0 0 0 0 0 0 0 0 0 0 0 0 0 0 0 0 0 0 0 0 0 0 0 0 0 0 0 0 0 115 0 0 0 0 0 0 0 0 0 0 0 0 0 0 0 0 0 0 0 0 0 0 0 0 0 0 0 0 0 0 0 0 0 0 0 0 0 0 0 0 0 127 0 0 0 0 0 0 0 0 0 0 0 0 0 0 0 0 0 0 0 0 0 0 0
143 0 256 183 195 287 0 0 154 0 0 0 0 0 0 0 0 0 0 159 0 0 0 0 0 0 0 0 0 0 0 0 0 0 0 0 0 0 0 0 0 0 0 0 0 0 0 0 0 0 0 0 0 0 0 0 0 0 0 0 0 0 0 0 0 0 0 0 0 0 0 0 0 0 0 0 0 0 0 0 0 0 0 0 0 0 0 0 0 0 0 0 0 0 0 0 0 0 0 0 0 0 0 0 0 0 0 0 0 0 0 0 0 0 0 0 0 0 0 0 0 0 0 0 0 0 0 0 0 0 0 0 0 0 0 0 0 0 0 0 0 0 0 0 0
0 0 0 0 0 0 0 0 0 0 0 0 0 0 0 0 0 0 0 0 0 0 0 0 0 0 0 0 0 0 0 0 0 0 0 0 0 0 0 0 0 0 0 0 0 0 0 0 0 0 0 0 0 0 0 0 0 0 0 0 0 0 0 0 0 0 0 0 0 0 0 0 0 0 0 0 0 0 0 0 0 0 0 0 0 0 0 0 0 0 0 0 0 0 0 0 0 0 0 0 0 0 0 0 0 0 0 0 0 0 0 0 0 0 0 0 0 0 0 0 0 0 0 0 0 0 0 0 0 0 0 0 0 0 0 0 0 0 0 0 0 0 0 0 0
0 0 0 0 0 0 0 0 0 0 0 0 0 0 0 0 0 0 0 0 0 0 0 0 0 0 0 0 0 0 0 0 0 0 0 0 0 0 0 0 0 0 0 0 0 0 0 0 0 0 0 0 0 0 0 0 0 0 0 0 0 0 0 0 0 0 0 0 0 0 0 0 0 0 0 0 0 0 0 0 0 0 0 0 0 0 0 0 0 0 0 0 0 0 0 0 0 0 0 0 0 0 0 0 0 0 0 0 0 0 0 0 0 0 0 0 0 0 0 0 0 0 0 0 0 0 0 0 0 0 0 0 0 0 0 0 0 0 0 0 0 0 0 0 0
271 0 486 349 370 545 0 0 294 107 0 112 0 111 0 0 0 0 0 303 123 0 0 107 0 0 0 0 0 0 0 154 0 150 0 0 157 0 0 0 0 0 0 0 0 0 0 0 0 0 0 0 0 0 0 0 0 0 0 0 0 0 0 0 0 0 0 0 0 0 0 0 0 0 0 0 0 0 0 0 0 0 0 0 0 0 0 0 0 0 0 0 0 0 0 0 0 0 0 0 0 0 0 0 0 0 0 0 0 0 0 0 0 0 0 0 0 0 0 0 0 0 0 0 0 0 0 0 0 0 0 0 0 0 0 0 0 0 0 0 0 0 0 0 0
1437 525 2570 1845 1957 2882 119 0 1555 566 402 594 470 591 560 226 239 306 0 1603 651 0 149 568 0 231 0 0 0 0 116 814 0 794 0 130 832 0 0 0 0 184 0 0 0 0 0 175 0 0 353 222 0 0 0 194 0 0 0 0 354 0 0 0 0 0 0 0 0 0 0 0 0 0 0 0 0 0 0 486 0 0 0 0 0 0 0 0 0 0 189 0 0 0 0 171 0 0 0 0 0 0 0 0 0 0 0 0 0 0 156 0 0 0 0 0 0 0 0 0 0 535 0 0 0 0 0 0 224 0 175 0 0 133 0 0 0 0 0 0 0 0 0 0 0
286 0 511 367 389 573 0 0 309 112 0 118 0 117 111 0 0 0 0 319 129 0 0 113 0 0 0 0 0 0 0 162 0 158 0 0 165 0 0 0 0 0 0 0 0 0 0 0 0 0 0 0 0 0 0 0 0 0 0 0 0 0 0 0 0 0 0 0 0 0 0 0 0 0 0 0 0 0 0 0 0 0 0 0 0 0 0 0 0 0 0 0 0 0 0 0 0 0 0 0 0 0 0 0 0 0 0 0 0 0 0 0 0 0 0 0 0 0 0 0 0 0 0 0 0 0 0 0 0 0 0 0 0 0 0 0 0 0 0 0 0 0 0 0 0
219 0 391 281 298 439 0 0 237 0 0 0 0 0 0 0 0 0 0 244 0 0 0 0 0 0 0 0 0 0 0 124 0 121 0 0 126 0 0 0 0 0 0 0 0 0 0 0 0 0 0 0 0 0 0 0 0 0 0 0 0 0 0 0 0 0 0 0 0 0 0 0 0 0 0 0 0 0 0 0 0 0 0 0 0 0 0 0 0 0 0 0 0 0 0 0 0 0 0 0 0 0 0 0 0 0 0 0 0 0 0 0 0 0 0 0 0 0 0 0 0 0 0 0 0 0 0 0 0 0 0 0 0 0 0 0 0 0 0 0 0 0 0 0 0
170 0 305 219 232 342 0 0 184 0 0 0 0 0 0 0 0 0 0 190 0 0 0 0 0 0 0 0 0 0 0 0 0 0 0 0 0 0 0 0 0 0 0 0 0 0 0 0 0 0 0 0 0 0 0 0 0 0 0 0 0 0 0 0 0 0 0 0 0 0 0 0 0 0 0 0 0 0 0 0 0 0 0 0 0 0 0 0 0 0 0 0 0 0 0 0 0 0 0 0 0 0 0 0 0 0 0 0 0 0 0 0 0 0 0 0 0 0 0 0 0 0 0 0 0 0 0 0 0 0 0 0 0 0 0 0 0 0 0 0 0 0 0 0 0
623 227 1114 800 849 1250 0 0 674 245 174 257 204 256 243 0 0 133 0 695 282 0 0 246 0 0 0 0 0 0 0 353 0 344 0 0 361 0 0 0 0 0 0 0 0 0 0 0 0 0 153 0 0 0 0 0 0 0 0 0 153 0 0 0 0 0 0 0 0 0 0 0 0 0 0 0 0 0 0 210 0 0 0 0 0 0 0 0 0 0 0 0 0 0 0 0 0 0 0 0 0 0 0 0 0 0 0 0 0 0 0 0 0 0 0 0 0 0 0 0 0 232 0 0 0 0 0 0 0 0 0 0 0 0 0 0 0 0 0 0 0 0 0 0 0
334 122 597 429 455 670 0 0 361 131 0 138 109 137 130 0 0 0 0 372 151 0 0 132 0 0 0 0 0 0 0 189 0 184 0 0 193 0 0 0 0 0 0 0 0 0 0 0 0 0 0 0 0 0 0 0 0 0 0 0 0 0 0 0 0 0 0 0 0 0 0 0 0 0 0 0 0 0 0 113 0 0 0 0 0 0 0 0 0 0 0 0 0 0 0 0 0 0 0 0 0 0 0 0 0 0 0 0 0 0 0 0 0 0 0 0 0 0 0 0 0 124 0 0 0 0 0 0 0 0 0 0 0 0 0 0 0 0 0 0 0 0 0 0 0
133 0 237 170 181 266 0 0 143 0 0 0 0 0 0 0 0 0 0 148 0 0 0 0 0 0 0 0 0 0 0 0 0 0 0 0 0 0 0 0 0 0 0 0 0 0 0 0 0 0 0 0 0 0 0 0 0 0 0 0 0 0 0 0 0 0 0 0 0 0 0 0 0 0 0 0 0 0 0 0 0 0 0 0 0 0 0 0 0 0 0 0 0 0 0 0 0 0 0 0 0 0 0 0 0 0 0 0 0 0 0 0 0 0 0 0 0 0 0 0 0 0 0 0 0 0 0 0 0 0 0 0 0 0 0 0 0 0 0 0 0 0 0 0 0
449 164 802 576 611 900 0 0 485 176 125 185 146 184 175 0 0 0 0 501 203 0 0 177 0 0 0 0 0 0 0 254 0 248 0 0 260 0 0 0 0 0 0 0 0 0 0 0 0 0 110 0 0 0 0 0 0 0 0 0 110 0 0 0 0 0 0 0 0 0 0 0 0 0 0 0 0 0 0 151 0 0 0 0 0 0 0 0 0 0 0 0 0 0 0 0 0 0 0 0 0 0 0 0 0 0 0 0 0 0 0 0 0 0 0 0 0 0 0 0 0 167 0 0 0 0 0 0 0 0 0 0 0 0 0 0 0 0 0 0 0 0 0 0 0
1101 402 1969 1414 1500 2209 0 0 1192 433 308 455 360 453 429 173 183 235 0 1229 499 0 114 435 0 177 0 0 0 0 0 624 0 608 0 0 637 0 0 0 0 141 0 0 0 0 0 134 0 0 271 170 0 0 0 148 0 0 0 0 271 0 0 0 0 0 0 0 0 0 0 0 0 0 0 0 0 0 0 372 0 0 0 0 0 0 0 0 0 0 145 0 0 0 0 131 0 0 0 0 0 0 0 0 0 0 0 0 0 0 120 0 0 0 0 0 0 0 0 0 0 410 0 0 0 0 0 0 171 0 134 0 0 0 0 0 0 0 0 0 0 0 0 0 0
248 0 443 318 337 497 0 0 268 0 0 0 0 0 0 0 0 0 0 276 112 0 0 0 0 0 0 0 0 0 0 140 0 137 0 0 143 0 0 0 0 0 0 0 0 0 0 0 0 0 0 0 0 0 0 0 0 0 0 0 0 0 0 0 0 0 0 0 0 0 0 0 0 0 0 0 0 0 0 0 0 0 0 0 0 0 0 0 0 0 0 0 0 0 0 0 0 0 0 0 0 0 0 0 0 0 0 0 0 0 0 0 0 0 0 0 0 0 0 0 0 0 0 0 0 0 0 0 0 0 0 0 0 0 0 0 0 0 0 0 0 0 0 0 0
950 347 1700 1220 1294 1906 0 0 1028 374 266 393 311 391 370 149 158 202 0 1060 430 0 0 375 0 153 0 0 0 0 0 538 0 525 0 0 550 0 0 0 0 121 0 0 0 0 0 116 0 0 233 147 0 0 0 128 0 0 0 0 234 0 0 0 0 0 0 0 0 0 0 0 0 0 0 0 0 0 0 321 0 0 0 0 0 0 0 0 0 0 125 0 0 0 0 113 0 0 0 0 0 0 0 0 0 0 0 0 0 0 0 0 0 0 0 0 0 0 0 0 0 354 0 0 0 0 0 0 148 0 115 0 0 0 0 0 0 0 0 0 0 0 0 0 0
232 0 416 299 317 467 0 0 252 0 0 0 0 0 0 0 0 0 0 259 0 0 0 0 0 0 0 0 0 0 0 131 0 128 0 0 134 0 0 0 0 0 0 0 0 0 0 0 0 0 0 0 0 0 0 0 0 0 0 0 0 0 0 0 0 0 0 0 0 0 0 0 0 0 0 0 0 0 0 0 0 0 0 0 0 0 0 0 0 0 0 0 0 0 0 0 0 0 0 0 0 0 0 0 0 0 0 0 0 0 0 0 0 0 0 0 0 0 0 0 0 0 0 0 0 0 0 0 0 0 0 0 0 0 0 0 0 0 0 0 0 0 0 0 0
7455 2725 13332 9572 10154 14950 619 398 8067 2936 2089 3083 2440 3066 2907 1173 1240 1590 412 8319 3378 0 775 2946 0 1201 113 532 242 394 605 4224 0 4120 310 678 4317 0 248 116 443 955 385 0 196 0 0 910 0 121 1834 1155 315 114 155 1007 0 0 158 235 1838 0 156 0 114 0 164 377 148 0 0 0 206 331 219 0 162 375 139 0 237 0 302 0 0 161 191 0 0 122 985 324 175 373 0 889 509 0 331 244 157 190 312 333 0 192 200 0 197 327 813 161 0 0 253 201 0 0 503 0 0 2777 0 0 371 243 0 0 1162 130 907 0 241 693 0 0 188 0 0 108 0 0 0 0 0
699 255 1251 898 953 1403 0 0 757 275 196 289 229 287 272 110 116 149 0 781 317 0 0 276 0 112 0 0 0 0 0 396 0 386 0 0 405 0 0 0 0 0 0 0 0 0 0 0 0 0 172 108 0 0 0 0 0 0 0 0 172 0 0 0 0 0 0 0 0 0 0 0 0 0 0 0 0 0 0 236 0 0 0 0 0 0 0 0 0 0 0 0 0 0 0 0 0 0 0 0 0 0 0 0 0 0 0 0 0 0 0 0 0 0 0 0 0 0 0 0 0 260 0 0 0 0 0 0 109 0 0 0 0 0 0 0 0 0 0 0 0 0 0 0 0
119 0 213 153 162 239 0 0 129 0 0 0 0 0 0 0 0 0 0 133 0 0 0 0 0 0 0 0 0 0 0 0 0 0 0 0 0 0 0 0 0 0 0 0 0 0 0 0 0 0 0 0 0 0 0 0 0 0 0 0 0 0 0 0 0 0 0 0 0 0 0 0 0 0 0 0 0 0 0 0 0 0 0 0 0 0 0 0 0 0 0 0 0 0 0 0 0 0 0 0 0 0 0 0 0 0 0 0 0 0 0 0 0 0 0 0 0 0 0 0 0 0 0 0 0 0 0 0 0 0 0 0 0 0 0 0 0 0 0 0 0 0 0 0 0
695 254 1244 893 947 1395 0 0 752 274 194 287 227 286 271 109 115 148 0 776 315 0 0 275 0 112 0 0 0 0 0 394 0 384 0 0 402 0 0 0 0 0 0 0 0 0 0 0 0 0 171 107 0 0 0 0 0 0 0 0 171 0 0 0 0 0 0 0 0 0 0 0 0 0 0 0 0 0 0 235 0 0 0 0 0 0 0 0 0 0 0 0 0 0 0 0 0 0 0 0 0 0 0 0 0 0 0 0 0 0 0 0 0 0 0 0 0 0 0 0 0 259 0 0 0 0 0 0 108 0 0 0 0 0 0 0 0 0 0 0 0 0 0 0 0
563 205 1006 722 766 1129 0 0 609 221 157 232 184 231 219 0 0 120 0 628 255 0 0 222 0 0 0 0 0 0 0 319 0 311 0 0 326 0 0 0 0 0 0 0 0 0 0 0 0 0 138 0 0 0 0 0 0 0 0 0 138 0 0 0 0 0 0 0 0 0 0 0 0 0 0 0 0 0 0 190 0 0 0 0 0 0 0 0 0 0 0 0 0 0 0 0 0 0 0 0 0 0 0 0 0 0 0 0 0 0 0 0 0 0 0 0 0 0 0 0 0 209 0 0 0 0 0 0 0 0 0 0 0 0 0 0 0 0 0 0 0 0 0 0 0
164 0 294 211 223 329 0 0 177 0 0 0 0 0 0 0 0 0 0 183 0 0 0 0 0 0 0 0 0 0 0 0 0 0 0 0 0 0 0 0 0 0 0 0 0 0 0 0 0 0 0 0 0 0 0 0 0 0 0 0 0 0 0 0 0 0 0 0 0 0 0 0 0 0 0 0 0 0 0 0 0 0 0 0 0 0 0 0 0 0 0 0 0 0 0 0 0 0 0 0 0 0 0 0 0 0 0 0 0 0 0 0 0 0 0 0 0 0 0 0 0 0 0 0 0 0 0 0 0 0 0 0 0 0 0 0 0 0 0 0 0 0 0 0 0
387 141 693 497 528 777 0 0 419 152 108 160 126 159 151 0 0 0 0 432 175 0 0 153 0 0 0 0 0 0 0 219 0 214 0 0 224 0 0 0 0 0 0 0 0 0 0 0 0 0 0 0 0 0 0 0 0 0 0 0 0 0 0 0 0 0 0 0 0 0 0 0 0 0 0 0 0 0 0 131 0 0 0 0 0 0 0 0 0 0 0 0 0 0 0 0 0 0 0 0 0 0 0 0 0 0 0 0 0 0 0 0 0 0 0 0 0 0 0 0 0 144 0 0 0 0 0 0 0 0 0 0 0 0 0 0 0 0 0 0 0 0 0 0 0
168 0 300 215 228 337 0 0 181 0 0 0 0 0 0 0 0 0 0 187 0 0 0 0 0 0 0 0 0 0 0 0 0 0 0 0 0 0 0 0 0 0 0 0 0 0 0 0 0 0 0 0 0 0 0 0 0 0 0 0 0 0 0 0 0 0 0 0 0 0 0 0 0 0 0 0 0 0 0 0 0 0 0 0 0 0 0 0 0 0 0 0 0 0 0 0 0 0 0 0 0 0 0 0 0 0 0 0 0 0 0 0 0 0 0 0 0 0 0 0 0 0 0 0 0 0 0 0 0 0 0 0 0 0 0 0 0 0 0 0 0 0 0 0 0
118 0 211 152 161 237 0 0 128 0 0 0 0 0 0 0 0 0 0 132 0 0 0 0 0 0 0 0 0 0 0 0 0 0 0 0 0 0 0 0 0 0 0 0 0 0 0 0 0 0 0 0 0 0 0 0 0 0 0 0 0 0 0 0 0 0 0 0 0 0 0 0 0 0 0 0 0 0 0 0 0 0 0 0 0 0 0 0 0 0 0 0 0 0 0 0 0 0 0 0 0 0 0 0 0 0 0 0 0 0 0 0 0 0 0 0 0 0 0 0 0 0 0 0 0 0 0 0 0 0 0 0 0 0 0 0 0 0 0 0 0 0 0 0 0
0 0 141 0 107 158 0 0 0 0 0 0 0 0 0 0 0 0 0 0 0 0 0 0 0 0 0 0 0 0 0 0 0 0 0 0 0 0 0 0 0 0 0 0 0 0 0 0 0 0 0 0 0 0 0 0 0 0 0 0 0 0 0 0 0 0 0 0 0 0 0 0 0 0 0 0 0 0 0 0 0 0 0 0 0 0 0 0 0 0 0 0 0 0 0 0 0 0 0 0 0 0 0 0 0 0 0 0 0 0 0 0 0 0 0 0 0 0 0 0 0 0 0 0 0 0 0 0 0 0 0 0 0 0 0 0 0 0 0 0 0 0 0 0 0
745 272 1333 957 1015 1495 0 0 807 293 209 308 244 306 290 117 124 159 0 832 338 0 0 294 0 120 0 0 0 0 0 422 0 412 0 0 431 0 0 0 0 0 0 0 0 0 0 0 0 0 183 115 0 0 0 0 0 0 0 0 183 0 0 0 0 0 0 0 0 0 0 0 0 0 0 0 0 0 0 252 0 0 0 0 0 0 0 0 0 0 0 0 0 0 0 0 0 0 0 0 0 0 0 0 0 0 0 0 0 0 0 0 0 0 0 0 0 0 0 0 0 277 0 0 0 0 0 0 116 0 0 0 0 0 0 0 0 0 0 0 0 0 0 0 0
392 143 701 503 533 786 0 0 424 154 109 162 128 161 152 0 0 0 0 437 177 0 0 154 0 0 0 0 0 0 0 222 0 216 0 0 227 0 0 0 0 0 0 0 0 0 0 0 0 0 0 0 0 0 0 0 0 0 0 0 0 0 0 0 0 0 0 0 0 0 0 0 0 0 0 0 0 0 0 132 0 0 0 0 0 0 0 0 0 0 0 0 0 0 0 0 0 0 0 0 0 0 0 0 0 0 0 0 0 0 0 0 0 0 0 0 0 0 0 0 0 146 0 0 0 0 0 0 0 0 0 0 0 0 0 0 0 0 0 0 0 0 0 0 0
0 0 142 0 108 160 0 0 0 0 0 0 0 0 0 0 0 0 0 0 0 0 0 0 0 0 0 0 0 0 0 0 0 0 0 0 0 0 0 0 0 0 0 0 0 0 0 0 0 0 0 0 0 0 0 0 0 0 0 0 0 0 0 0 0 0 0 0 0 0 0 0 0 0 0 0 0 0 0 0 0 0 0 0 0 0 0 0 0 0 0 0 0 0 0 0 0 0 0 0 0 0 0 0 0 0 0 0 0 0 0 0 0 0 0 0 0 0 0 0 0 0 0 0 0 0 0 0 0 0 0 0 0 0 0 0 0 0 0 0 0 0 0 0 0
203 0 363 261 277 408 0 0 220 0 0 0 0 0 0 0 0 0 0 227 0 0 0 0 0 0 0 0 0 0 0 115 0 112 0 0 117 0 0 0 0 0 0 0 0 0 0 0 0 0 0 0 0 0 0 0 0 0 0 0 0 0 0 0 0 0 0 0 0 0 0 0 0 0 0 0 0 0 0 0 0 0 0 0 0 0 0 0 0 0 0 0 0 0 0 0 0 0 0 0 0 0 0 0 0 0 0 0 0 0 0 0 0 0 0 0 0 0 0 0 0 0 0 0 0 0 0 0 0 0 0 0 0 0 0 0 0 0 0 0 0 0 0 0 0
203 0 363 261 277 408 0 0 220 0 0 0 0 0 0 0 0 0 0 227 0 0 0 0 0 0 0 0 0 0 0 115 0 112 0 0 117 0 0 0 0 0 0 0 0 0 0 0 0 0 0 0 0 0 0 0 0 0 0 0 0 0 0 0 0 0 0 0 0 0 0 0 0 0 0 0 0 0 0 0 0 0 0 0 0 0 0 0 0 0 0 0 0 0 0 0 0 0 0 0 0 0 0 0 0 0 0 0 0 0 0 0 0 0 0 0 0 0 0 0 0 0 0 0 0 0 0 0 0 0 0 0 0 0 0 0 0 0 0 0 0 0 0 0 0
0 0 0 0 0 0 0 0 0 0 0 0 0 0 0 0 0 0 0 0 0 0 0 0 0 0 0 0 0 0 0 0 0 0 0 0 0 0 0 0 0 0 0 0 0 0 0 0 0 0 0 0 0 0 0 0 0 0 0 0 0 0 0 0 0 0 0 0 0 0 0 0 0 0 0 0 0 0 0 0 0 0 0 0 0 0 0 0 0 0 0 0 0 0 0 0 0 0 0 0 0 0 0 0 0 0 0 0 0 0 0 0 0 0 0 0 0 0 0 0 0 0 0 0 0 0 0 0 0 0 0 0 0 0 0 0 0 0 0 0 0 0 0 0 0
664 242 1188 853 904 1332 0 0 718 261 186 274 217 273 259 0 110 141 0 741 301 0 0 262 0 107 0 0 0 0 0 376 0 367 0 0 384 0 0 0 0 0 0 0 0 0 0 0 0 0 163 0 0 0 0 0 0 0 0 0 163 0 0 0 0 0 0 0 0 0 0 0 0 0 0 0 0 0 0 224 0 0 0 0 0 0 0 0 0 0 0 0 0 0 0 0 0 0 0 0 0 0 0 0 0 0 0 0 0 0 0 0 0 0 0 0 0 0 0 0 0 247 0 0 0 0 0 0 0 0 0 0 0 0 0 0 0 0 0 0 0 0 0 0 0
535 195 957 687 729 1073 0 0 579 210 150 221 175 220 208 0 0 114 0 597 242 0 0 211 0 0 0 0 0 0 0 303 0 295 0 0 310 0 0 0 0 0 0 0 0 0 0 0 0 0 131 0 0 0 0 0 0 0 0 0 132 0 0 0 0 0 0 0 0 0 0 0 0 0 0 0 0 0 0 181 0 0 0 0 0 0 0 0 0 0 0 0 0 0 0 0 0 0 0 0 0 0 0 0 0 0 0 0 0 0 0 0 0 0 0 0 0 0 0 0 0 199 0 0 0 0 0 0 0 0 0 0 0 0 0 0 0 0 0 0 0 0 0 0 0
116 0 207 149 158 233 0 0 125 0 0 0 0 0 0 0 0 0 0 129 0 0 0 0 0 0 0 0 0 0 0 0 0 0 0 0 0 0 0 0 0 0 0 0 0 0 0 0 0 0 0 0 0 0 0 0 0 0 0 0 0 0 0 0 0 0 0 0 0 0 0 0 0 0 0 0 0 0 0 0 0 0 0 0 0 0 0 0 0 0 0 0 0 0 0 0 0 0 0 0 0 0 0 0 0 0 0 0 0 0 0 0 0 0 0 0 0 0 0 0 0 0 0 0 0 0 0 0 0 0 0 0 0 0 0 0 0 0 0 0 0 0 0 0 0
0 0 0 0 0 0 0 0 0 0 0 0 0 0 0 0 0 0 0 0 0 0 0 0 0 0 0 0 0 0 0 0 0 0 0 0 0 0 0 0 0 0 0 0 0 0 0 0 0 0 0 0 0 0 0 0 0 0 0 0 0 0 0 0 0 0 0 0 0 0 0 0 0 0 0 0 0 0 0 0 0 0 0 0 0 0 0 0 0 0 0 0 0 0 0 0 0 0 0 0 0 0 0 0 0 0 0 0 0 0 0 0 0 0 0 0 0 0 0 0 0 0 0 0 0 0 0 0 0 0 0 0 0 0 0 0 0 0 0 0 0 0 0 0 0
0 0 0 0 0 118 0 0 0 0 0 0 0 0 0 0 0 0 0 0 0 0 0 0 0 0 0 0 0 0 0 0 0 0 0 0 0 0 0 0 0 0 0 0 0 0 0 0 0 0 0 0 0 0 0 0 0 0 0 0 0 0 0 0 0 0 0 0 0 0 0 0 0 0 0 0 0 0 0 0 0 0 0 0 0 0 0 0 0 0 0 0 0 0 0 0 0 0 0 0 0 0 0 0 0 0 0 0 0 0 0 0 0 0 0 0 0 0 0 0 0 0 0 0 0 0 0 0 0 0 0 0 0 0 0 0 0 0 0 0 0 0 0 0 0
0 0 147 0 112 165 0 0 0 0 0 0 0 0 0 0 0 0 0 0 0 0 0 0 0 0 0 0 0 0 0 0 0 0 0 0 0 0 0 0 0 0 0 0 0 0 0 0 0 0 0 0 0 0 0 0 0 0 0 0 0 0 0 0 0 0 0 0 0 0 0 0 0 0 0 0 0 0 0 0 0 0 0 0 0 0 0 0 0 0 0 0 0 0 0 0 0 0 0 0 0 0 0 0 0 0 0 0 0 0 0 0 0 0 0 0 0 0 0 0 0 0 0 0 0 0 0 0 0 0 0 0 0 0 0 0 0 0 0 0 0 0 0 0 0
177 0 317 227 241 355 0 0 192 0 0 0 0 0 0 0 0 0 0 198 0 0 0 0 0 0 0 0 0 0 0 0 0 0 0 0 0 0 0 0 0 0 0 0 0 0 0 0 0 0 0 0 0 0 0 0 0 0 0 0 0 0 0 0 0 0 0 0 0 0 0 0 0 0 0 0 0 0 0 0 0 0 0 0 0 0 0 0 0 0 0 0 0 0 0 0 0 0 0 0 0 0 0 0 0 0 0 0 0 0 0 0 0 0 0 0 0 0 0 0 0 0 0 0 0 0 0 0 0 0 0 0 0 0 0 0 0 0 0 0 0 0 0 0 0
757 276 1354 972 1031 1518 0 0 819 298 212 313 247 311 295 119 125 161 0 845 343 0 0 299 0 122 0 0 0 0 0 429 0 418 0 0 438 0 0 0 0 0 0 0 0 0 0 0 0 0 186 117 0 0 0 0 0 0 0 0 186 0 0 0 0 0 0 0 0 0 0 0 0 0 0 0 0 0 0 256 0 0 0 0 0 0 0 0 0 0 0 0 0 0 0 0 0 0 0 0 0 0 0 0 0 0 0 0 0 0 0 0 0 0 0 0 0 0 0 0 0 282 0 0 0 0 0 0 118 0 0 0 0 0 0 0 0 0 0 0 0 0 0 0 0
176 0 315 226 240 353 0 0 190 0 0 0 0 0 0 0 0 0 0 196 0 0 0 0 0 0 0 0 0 0 0 0 0 0 0 0 0 0 0 0 0 0 0 0 0 0 0 0 0 0 0 0 0 0 0 0 0 0 0 0 0 0 0 0 0 0 0 0 0 0 0 0 0 0 0 0 0 0 0 0 0 0 0 0 0 0 0 0 0 0 0 0 0 0 0 0 0 0 0 0 0 0 0 0 0 0 0 0 0 0 0 0 0 0 0 0 0 0 0 0 0 0 0 0 0 0 0 0 0 0 0 0 0 0 0 0 0 0 0 0 0 0 0 0 0
0 0 107 0 0 120 0 0 0 0 0 0 0 0 0 0 0 0 0 0 0 0 0 0 0 0 0 0 0 0 0 0 0 0 0 0 0 0 0 0 0 0 0 0 0 0 0 0 0 0 0 0 0 0 0 0 0 0 0 0 0 0 0 0 0 0 0 0 0 0 0 0 0 0 0 0 0 0 0 0 0 0 0 0 0 0 0 0 0 0 0 0 0 0 0 0 0 0 0 0 0 0 0 0 0 0 0 0 0 0 0 0 0 0 0 0 0 0 0 0 0 0 0 0 0 0 0 0 0 0 0 0 0 0 0 0 0 0 0 0 0 0 0 0 0
294 107 527 378 401 591 0 0 319 116 0 121 0 121 115 0 0 0 0 329 133 0 0 116 0 0 0 0 0 0 0 167 0 163 0 0 170 0 0 0 0 0 0 0 0 0 0 0 0 0 0 0 0 0 0 0 0 0 0 0 0 0 0 0 0 0 0 0 0 0 0 0 0 0 0 0 0 0 0 0 0 0 0 0 0 0 0 0 0 0 0 0 0 0 0 0 0 0 0 0 0 0 0 0 0 0 0 0 0 0 0 0 0 0 0 0 0 0 0 0 0 109 0 0 0 0 0 0 0 0 0 0 0 0 0 0 0 0 0 0 0 0 0 0 0
1098 401 1963 1410 1495 2202 0 0 1188 432 307 454 359 451 428 172 182 234 0 1225 497 0 114 434 0 177 0 0 0 0 0 622 0 607 0 0 635 0 0 0 0 140 0 0 0 0 0 134 0 0 270 170 0 0 0 148 0 0 0 0 270 0 0 0 0 0 0 0 0 0 0 0 0 0 0 0 0 0 0 371 0 0 0 0 0 0 0 0 0 0 145 0 0 0 0 131 0 0 0 0 0 0 0 0 0 0 0 0 0 0 119 0 0 0 0 0 0 0 0 0 0 409 0 0 0 0 0 0 171 0 133 0 0 0 0 0 0 0 0 0 0 0 0 0 0
209 0 374 269 285 420 0 0 226 0 0 0 0 0 0 0 0 0 0 233 0 0 0 0 0 0 0 0 0 0 0 118 0 115 0 0 121 0 0 0 0 0 0 0 0 0 0 0 0 0 0 0 0 0 0 0 0 0 0 0 0 0 0 0 0 0 0 0 0 0 0 0 0 0 0 0 0 0 0 0 0 0 0 0 0 0 0 0 0 0 0 0 0 0 0 0 0 0 0 0 0 0 0 0 0 0 0 0 0 0 0 0 0 0 0 0 0 0 0 0 0 0 0 0 0 0 0 0 0 0 0 0 0 0 0 0 0 0 0 0 0 0 0 0 0
310 113 555 398 423 623 0 0 336 122 0 128 0 127 121 0 0 0 0 346 140 0 0 122 0 0 0 0 0 0 0 176 0 171 0 0 179 0 0 0 0 0 0 0 0 0 0 0 0 0 0 0 0 0 0 0 0 0 0 0 0 0 0 0 0 0 0 0 0 0 0 0 0 0 0 0 0 0 0 0 0 0 0 0 0 0 0 0 0 0 0 0 0 0 0 0 0 0 0 0 0 0 0 0 0 0 0 0 0 0 0 0 0 0 0 0 0 0 0 0 0 115 0 0 0 0 0 0 0 0 0 0 0 0 0 0 0 0 0 0 0 0 0 0 0
223 0 400 287 305 449 0 0 242 0 0 0 0 0 0 0 0 0 0 249 0 0 0 0 0 0 0 0 0 0 0 126 0 123 0 0 129 0 0 0 0 0 0 0 0 0 0 0 0 0 0 0 0 0 0 0 0 0 0 0 0 0 0 0 0 0 0 0 0 0 0 0 0 0 0 0 0 0 0 0 0 0 0 0 0 0 0 0 0 0 0 0 0 0 0 0 0 0 0 0 0 0 0 0 0 0 0 0 0 0 0 0 0 0 0 0 0 0 0 0 0 0 0 0 0 0 0 0 0 0 0 0 0 0 0 0 0 0 0 0 0 0 0 0 0
474 173 847 608 645 950 0 0 512 186 132 196 155 194 184 0 0 0 0 528 214 0 0 187 0 0 0 0 0 0 0 268 0 261 0 0 274 0 0 0 0 0 0 0 0 0 0 0 0 0 116 0 0 0 0 0 0 0 0 0 116 0 0 0 0 0 0 0 0 0 0 0 0 0 0 0 0 0 0 160 0 0 0 0 0 0 0 0 0 0 0 0 0 0 0 0 0 0 0 0 0 0 0 0 0 0 0 0 0 0 0 0 0 0 0 0 0 0 0 0 0 176 0 0 0 0 0 0 0 0 0 0 0 0 0 0 0 0 0 0 0 0 0 0 0
543 198 971 697 739 1089 0 0 587 213 152 224 177 223 211 0 0 115 0 606 246 0 0 214 0 0 0 0 0 0 0 307 0 300 0 0 314 0 0 0 0 0 0 0 0 0 0 0 0 0 133 0 0 0 0 0 0 0 0 0 133 0 0 0 0 0 0 0 0 0 0 0 0 0 0 0 0 0 0 183 0 0 0 0 0 0 0 0 0 0 0 0 0 0 0 0 0 0 0 0 0 0 0 0 0 0 0 0 0 0 0 0 0 0 0 0 0 0 0 0 0 202 0 0 0 0 0 0 0 0 0 0 0 0 0 0 0 0 0 0 0 0 0 0 0
0 0 0 0 0 0 0 0 0 0 0 0 0 0 0 0 0 0 0 0 0 0 0 0 0 0 0 0 0 0 0 0 0 0 0 0 0 0 0 0 0 0 0 0 0 0 0 0 0 0 0 0 0 0 0 0 0 0 0 0 0 0 0 0 0 0 0 0 0 0 0 0 0 0 0 0 0 0 0 0 0 0 0 0 0 0 0 0 0 0 0 0 0 0 0 0 0 0 0 0 0 0 0 0 0 0 0 0 0 0 0 0 0 0 0 0 0 0 0 0 0 0 0 0 0 0 0 0 0 0 0 0 0 0 0 0 0 0 0 0 0 0 0 0 0
0 0 0 0 0 0 0 0 0 0 0 0 0 0 0 0 0 0 0 0 0 0 0 0 0 0 0 0 0 0 0 0 0 0 0 0 0 0 0 0 0 0 0 0 0 0 0 0 0 0 0 0 0 0 0 0 0 0 0 0 0 0 0 0 0 0 0 0 0 0 0 0 0 0 0 0 0 0 0 0 0 0 0 0 0 0 0 0 0 0 0 0 0 0 0 0 0 0 0 0 0 0 0 0 0 0 0 0 0 0 0 0 0 0 0 0 0 0 0 0 0 0 0 0 0 0 0 0 0 0 0 0 0 0 0 0 0 0 0 0 0 0 0 0 0
357 130 639 459 487 717 0 0 386 140 0 147 117 147 139 0 0 0 0 399 162 0 0 141 0 0 0 0 0 0 0 202 0 197 0 0 207 0 0 0 0 0 0 0 0 0 0 0 0 0 0 0 0 0 0 0 0 0 0 0 0 0 0 0 0 0 0 0 0 0 0 0 0 0 0 0 0 0 0 120 0 0 0 0 0 0 0 0 0 0 0 0 0 0 0 0 0 0 0 0 0 0 0 0 0 0 0 0 0 0 0 0 0 0 0 0 0 0 0 0 0 133 0 0 0 0 0 0 0 0 0 0 0 0 0 0 0 0 0 0 0 0 0 0 0
151 0 271 195 206 304 0 0 164 0 0 0 0 0 0 0 0 0 0 169 0 0 0 0 0 0 0 0 0 0 0 0 0 0 0 0 0 0 0 0 0 0 0 0 0 0 0 0 0 0 0 0 0 0 0 0 0 0 0 0 0 0 0 0 0 0 0 0 0 0 0 0 0 0 0 0 0 0 0 0 0 0 0 0 0 0 0 0 0 0 0 0 0 0 0 0 0 0 0 0 0 0 0 0 0 0 0 0 0 0 0 0 0 0 0 0 0 0 0 0 0 0 0 0 0 0 0 0 0 0 0 0 0 0 0 0 0 0 0 0 0 0 0 0 0
0 0 0 0 0 0 0 0 0 0 0 0 0 0 0 0 0 0 0 0 0 0 0 0 0 0 0 0 0 0 0 0 0 0 0 0 0 0 0 0 0 0 0 0 0 0 0 0 0 0 0 0 0 0 0 0 0 0 0 0 0 0 0 0 0 0 0 0 0 0 0 0 0 0 0 0 0 0 0 0 0 0 0 0 0 0 0 0 0 0 0 0 0 0 0 0 0 0 0 0 0 0 0 0 0 0 0 0 0 0 0 0 0 0 0 0 0 0 0 0 0 0 0 0 0 0 0 0 0 0 0 0 0 0 0 0 0 0 0 0 0 0 0 0 0
0 0 0 0 0 0 0 0 0 0 0 0 0 0 0 0 0 0 0 0 0 0 0 0 0 0 0 0 0 0 0 0 0 0 0 0 0 0 0 0 0 0 0 0 0 0 0 0 0 0 0 0 0 0 0 0 0 0 0 0 0 0 0 0 0 0 0 0 0 0 0 0 0 0 0 0 0 0 0 0 0 0 0 0 0 0 0 0 0 0 0 0 0 0 0 0 0 0 0 0 0 0 0 0 0 0 0 0 0 0 0 0 0 0 0 0 0 0 0 0 0 0 0 0 0 0 0 0 0 0 0 0 0 0 0 0 0 0 0 0 0 0 0 0 0
964 352 1725 1238 1314 1935 0 0 1044 380 270 399 315 396 376 151 160 205 0 1076 437 0 0 381 0 155 0 0 0 0 0 546 0 533 0 0 558 0 0 0 0 123 0 0 0 0 0 117 0 0 237 149 0 0 0 130 0 0 0 0 238 0 0 0 0 0 0 0 0 0 0 0 0 0 0 0 0 0 0 326 0 0 0 0 0 0 0 0 0 0 127 0 0 0 0 115 0 0 0 0 0 0 0 0 0 0 0 0 0 0 0 0 0 0 0 0 0 0 0 0 0 359 0 0 0 0 0 0 150 0 117 0 0 0 0 0 0 0 0 0 0 0 0 0 0
0 0 120 0 0 134 0 0 0 0 0 0 0 0 0 0 0 0 0 0 0 0 0 0 0 0 0 0 0 0 0 0 0 0 0 0 0 0 0 0 0 0 0 0 0 0 0 0 0 0 0 0 0 0 0 0 0 0 0 0 0 0 0 0 0 0 0 0 0 0 0 0 0 0 0 0 0 0 0 0 0 0 0 0 0 0 0 0 0 0 0 0 0 0 0 0 0 0 0 0 0 0 0 0 0 0 0 0 0 0 0 0 0 0 0 0 0 0 0 0 0 0 0 0 0 0 0 0 0 0 0 0 0 0 0 0 0 0 0 0 0 0 0 0 0
0 0 0 0 0 0 0 0 0 0 0 0 0 0 0 0 0 0 0 0 0 0 0 0 0 0 0 0 0 0 0 0 0 0 0 0 0 0 0 0 0 0 0 0 0 0 0 0 0 0 0 0 0 0 0 0 0 0 0 0 0 0 0 0 0 0 0 0 0 0 0 0 0 0 0 0 0 0 0 0 0 0 0 0 0 0 0 0 0 0 0 0 0 0 0 0 0 0 0 0 0 0 0 0 0 0 0 0 0 0 0 0 0 0 0 0 0 0 0 0 0 0 0 0 0 0 0 0 0 0 0 0 0 0 0 0 0 0 0 0 0 0 0 0 0
1911 698 3417 2453 2603 3832 158 0 2068 752 535 790 625 786 745 300 317 407 0 2132 866 0 198 755 0 308 0 136 0 0 155 1083 0 1056 0 173 1106 0 0 0 113 244 0 0 0 0 0 233 0 0 470 296 0 0 0 258 0 0 0 0 471 0 0 0 0 0 0 0 0 0 0 0 0 0 0 0 0 0 0 646 0 0 0 0 0 0 0 0 0 0 252 0 0 0 0 227 130 0 0 0 0 0 0 0 0 0 0 0 0 0 208 0 0 0 0 0 0 0 129 0 0 0 0 0 0 0 0 0 297 0 232 0 0 177 0 0 0 0 0 0 0 0 0 0 0
0 0 0 0 0 0 0 0 0 0 0 0 0 0 0 0 0 0 0 0 0 0 0 0 0 0 0 0 0 0 0 0 0 0 0 0 0 0 0 0 0 0 0 0 0 0 0 0 0 0 0 0 0 0 0 0 0 0 0 0 0 0 0 0 0 0 0 0 0 0 0 0 0 0 0 0 0 0 0 0 0 0 0 0 0 0 0 0 0 0 0 0 0 0 0 0 0 0 0 0 0 0 0 0 0 0 0 0 0 0 0 0 0 0 0 0 0 0 0 0 0 0 0 0 0 0 0 0 0 0 0 0 0 0 0 0 0 0 0 0 0 0 0 0 0
182 0 325 233 248 365 0 0 197 0 0 0 0 0 0 0 0 0 0 203 0 0 0 0 0 0 0 0 0 0 0 0 0 0 0 0 0 0 0 0 0 0 0 0 0 0 0 0 0 0 0 0 0 0 0 0 0 0 0 0 0 0 0 0 0 0 0 0 0 0 0 0 0 0 0 0 0 0 0 0 0 0 0 0 0 0 0 0 0 0 0 0 0 0 0 0 0 0 0 0 0 0 0 0 0 0 0 0 0 0 0 0 0 0 0 0 0 0 0 0 0 0 0 0 0 0 0 0 0 0 0 0 0 0 0 0 0 0 0 0 0 0 0 0 0
0 0 182 131 139 204 0 0 110 0 0 0 0 0 0 0 0 0 0 113 0 0 0 0 0 0 0 0 0 0 0 0 0 0 0 0 0 0 0 0 0 0 0 0 0 0 0 0 0 0 0 0 0 0 0 0 0 0 0 0 0 0 0 0 0 0 0 0 0 0 0 0 0 0 0 0 0 0 0 0 0 0 0 0 0 0 0 0 0 0 0 0 0 0 0 0 0 0 0 0 0 0 0 0 0 0 0 0 0 0 0 0 0 0 0 0 0 0 0 0 0 0 0 0 0 0 0 0 0 0 0 0 0 0 0 0 0 0 0 0 0 0 0 0 0
0 0 135 0 0 151 0 0 0 0 0 0 0 0 0 0 0 0 0 0 0 0 0 0 0 0 0 0 0 0 0 0 0 0 0 0 0 0 0 0 0 0 0 0 0 0 0 0 0 0 0 0 0 0 0 0 0 0 0 0 0 0 0 0 0 0 0 0 0 0 0 0 0 0 0 0 0 0 0 0 0 0 0 0 0 0 0 0 0 0 0 0 0 0 0 0 0 0 0 0 0 0 0 0 0 0 0 0 0 0 0 0 0 0 0 0 0 0 0 0 0 0 0 0 0 0 0 0 0 0 0 0 0 0 0 0 0 0 0 0 0 0 0 0 0
0 0 0 0 0 0 0 0 0 0 0 0 0 0 0 0 0 0 0 0 0 0 0 0 0 0 0 0 0 0 0 0 0 0 0 0 0 0 0 0 0 0 0 0 0 0 0 0 0 0 0 0 0 0 0 0 0 0 0 0 0 0 0 0 0 0 0 0 0 0 0 0 0 0 0 0 0 0 0 0 0 0 0 0 0 0 0 0 0 0 0 0 0 0 0 0 0 0 0 0 0 0 0 0 0 0 0 0 0 0 0 0 0 0 0 0 0 0 0 0 0 0 0 0 0 0 0 0 0 0 0 0 0 0 0 0 0 0 0 0 0 0 0 0 0
0 0 0 0 0 0 0 0 0 0 0 0 0 0 0 0 0 0 0 0 0 0 0 0 0 0 0 0 0 0 0 0 0 0 0 0 0 0 0 0 0 0 0 0 0 0 0 0 0 0 0 0 0 0 0 0 0 0 0 0 0 0 0 0 0 0 0 0 0 0 0 0 0 0 0 0 0 0 0 0 0 0 0 0 0 0 0 0 0 0 0 0 0 0 0 0 0 0 0 0 0 0 0 0 0 0 0 0 0 0 0 0 0 0 0 0 0 0 0 0 0 0 0 0 0 0 0 0 0 0 0 0 0 0 0 0 0 0 0 0 0 0 0 0 0
1158 423 2071 1487 1577 2322 0 0 1253 456 324 479 379 476 451 182 192 247 0 1292 524 0 120 457 0 186 0 0 0 0 0 656 0 640 0 0 670 0 0 0 0 148 0 0 0 0 0 141 0 0 285 179 0 0 0 156 0 0 0 0 285 0 0 0 0 0 0 0 0 0 0 0 0 0 0 0 0 0 0 391 0 0 0 0 0 0 0 0 0 0 153 0 0 0 0 138 0 0 0 0 0 0 0 0 0 0 0 0 0 0 126 0 0 0 0 0 0 0 0 0 0 431 0 0 0 0 0 0 0 0 141 0 0 107 0 0 0 0 0 0 0 0 0 0 0
220 0 393 282 299 441 0 0 238 0 0 0 0 0 0 0 0 0 0 245 0 0 0 0 0 0 0 0 0 0 0 124 0 121 0 0 127 0 0 0 0 0 0 0 0 0 0 0 0 0 0 0 0 0 0 0 0 0 0 0 0 0 0 0 0 0 0 0 0 0 0 0 0 0 0 0 0 0 0 0 0 0 0 0 0 0 0 0 0 0 0 0 0 0 0 0 0 0 0 0 0 0 0 0 0 0 0 0 0 0 0 0 0 0 0 0 0 0 0 0 0 0 0 0 0 0 0 0 0 0 0 0 0 0 0 0 0 0 0 0 0 0 0 0 0
1583 578 2831 2032 2156 3174 131 0 1713 623 443 654 518 651 617 249 263 337 0 1766 717 0 164 625 0 255 0 113 0 0 128 897 0 875 0 144 916 0 0 0 0 202 0 0 0 0 0 193 0 0 389 245 0 0 0 213 0 0 0 0 390 0 0 0 0 0 0 0 0 0 0 0 0 0 0 0 0 0 0 535 0 0 0 0 0 0 0 0 0 0 209 0 0 0 0 188 108 0 0 0 0 0 0 0 0 0 0 0 0 0 172 0 0 0 0 0 0 0 106 0 0 589 0 0 0 0 0 0 246 0 0 0 0 147 0 0 0 0 0 0 0 0 0 0 0
0 0 0 0 0 0 0 0 0 0 0 0 0 0 0 0 0 0 0 0 0 0 0 0 0 0 0 0 0 0 0 0 0 0 0 0 0 0 0 0 0 0 0 0 0 0 0 0 0 0 0 0 0 0 0 0 0 0 0 0 0 0 0 0 0 0 0 0 0 0 0 0 0 0 0 0 0 0 0 0 0 0 0 0 0 0 0 0 0 0 0 0 0 0 0 0 0 0 0 0 0 0 0 0 0 0 0 0 0 0 0 0 0 0 0 0 0 0 0 0 0 0 0 0 0 0 0 0 0 0 0 0 0 0 0 0 0 0 0 0 0 0 0 0 0
198 0 355 255 270 398 0 0 214 0 0 0 0 0 0 0 0 0 0 221 0 0 0 0 0 0 0 0 0 0 0 112 0 109 0 0 115 0 0 0 0 0 0 0 0 0 0 0 0 0 0 0 0 0 0 0 0 0 0 0 0 0 0 0 0 0 0 0 0 0 0 0 0 0 0 0 0 0 0 0 0 0 0 0 0 0 0 0 0 0 0 0 0 0 0 0 0 0 0 0 0 0 0 0 0 0 0 0 0 0 0 0 0 0 0 0 0 0 0 0 0 0 0 0 0 0 0 0 0 0 0 0 0 0 0 0 0 0 0 0 0 0 0 0 0
431 157 770 553 587 864 0 0 466 169 120 178 141 177 168 0 0 0 0 481 195 0 0 170 0 0 0 0 0 0 0 244 0 238 0 0 249 0 0 0 0 0 0 0 0 0 0 0 0 0 0 0 0 0 0 0 0 0 0 0 0 0 0 0 0 0 0 0 0 0 0 0 0 0 0 0 0 0 0 145 0 0 0 0 0 0 0 0 0 0 0 0 0 0 0 0 0 0 0 0 0 0 0 0 0 0 0 0 0 0 0 0 0 0 0 0 0 0 0 0 0 160 0 0 0 0 0 0 0 0 0 0 0 0 0 0 0 0 0 0 0 0 0 0 0
0 0 0 0 0 0 0 0 0 0 0 0 0 0 0 0 0 0 0 0 0 0 0 0 0 0 0 0 0 0 0 0 0 0 0 0 0 0 0 0 0 0 0 0 0 0 0 0 0 0 0 0 0 0 0 0 0 0 0 0 0 0 0 0 0 0 0 0 0 0 0 0 0 0 0 0 0 0 0 0 0 0 0 0 0 0 0 0 0 0 0 0 0 0 0 0 0 0 0 0 0 0 0 0 0 0 0 0 0 0 0 0 0 0 0 0 0 0 0 0 0 0 0 0 0 0 0 0 0 0 0 0 0 0 0 0 0 0 0 0 0 0 0 0 0
0 0 0 0 0 0 0 0 0 0 0 0 0 0 0 0 0 0 0 0 0 0 0 0 0 0 0 0 0 0 0 0 0 0 0 0 0 0 0 0 0 0 0 0 0 0 0 0 0 0 0 0 0 0 0 0 0 0 0 0 0 0 0 0 0 0 0 0 0 0 0 0 0 0 0 0 0 0 0 0 0 0 0 0 0 0 0 0 0 0 0 0 0 0 0 0 0 0 0 0 0 0 0 0 0 0 0 0 0 0 0 0 0 0 0 0 0 0 0 0 0 0 0 0 0 0 0 0 0 0 0 0 0 0 0 0 0 0 0 0 0 0 0 0 0
0 0 182 131 139 205 0 0 110 0 0 0 0 0 0 0 0 0 0 114 0 0 0 0 0 0 0 0 0 0 0 0 0 0 0 0 0 0 0 0 0 0 0 0 0 0 0 0 0 0 0 0 0 0 0 0 0 0 0 0 0 0 0 0 0 0 0 0 0 0 0 0 0 0 0 0 0 0 0 0 0 0 0 0 0 0 0 0 0 0 0 0 0 0 0 0 0 0 0 0 0 0 0 0 0 0 0 0 0 0 0 0 0 0 0 0 0 0 0 0 0 0 0 0 0 0 0 0 0 0 0 0 0 0 0 0 0 0 0 0 0 0 0 0 0
0 0 0 0 0 0 0 0 0 0 0 0 0 0 0 0 0 0 0 0 0 0 0 0 0 0 0 0 0 0 0 0 0 0 0 0 0 0 0 0 0 0 0 0 0 0 0 0 0 0 0 0 0 0 0 0 0 0 0 0 0 0 0 0 0 0 0 0 0 0 0 0 0 0 0 0 0 0 0 0 0 0 0 0 0 0 0 0 0 0 0 0 0 0 0 0 0 0 0 0 0 0 0 0 0 0 0 0 0 0 0 0 0 0 0 0 0 0 0 0 0 0 0 0 0 0 0 0 0 0 0 0 0 0 0 0 0 0 0 0 0 0 0 0 0
0 0 0 0 0 0 0 0 0 0 0 0 0 0 0 0 0 0 0 0 0 0 0 0 0 0 0 0 0 0 0 0 0 0 0 0 0 0 0 0 0 0 0 0 0 0 0 0 0 0 0 0 0 0 0 0 0 0 0 0 0 0 0 0 0 0 0 0 0 0 0 0 0 0 0 0 0 0 0 0 0 0 0 0 0 0 0 0 0 0 0 0 0 0 0 0 0 0 0 0 0 0 0 0 0 0 0 0 0 0 0 0 0 0 0 0 0 0 0 0 0 0 0 0 0 0 0 0 0 0 0 0 0 0 0 0 0 0 0 0 0 0 0 0 0
0 0 0 0 0 0 0 0 0 0 0 0 0 0 0 0 0 0 0 0 0 0 0 0 0 0 0 0 0 0 0 0 0 0 0 0 0 0 0 0 0 0 0 0 0 0 0 0 0 0 0 0 0 0 0 0 0 0 0 0 0 0 0 0 0 0 0 0 0 0 0 0 0 0 0 0 0 0 0 0 0 0 0 0 0 0 0 0 0 0 0 0 0 0 0 0 0 0 0 0 0 0 0 0 0 0 0 0 0 0 0 0 0 0 0 0 0 0 0 0 0 0 0 0 0 0 0 0 0 0 0 0 0 0 0 0 0 0 0 0 0 0 0 0 0
0 0 0 0 0 0 0 0 0 0 0 0 0 0 0 0 0 0 0 0 0 0 0 0 0 0 0 0 0 0 0 0 0 0 0 0 0 0 0 0 0 0 0 0 0 0 0 0 0 0 0 0 0 0 0 0 0 0 0 0 0 0 0 0 0 0 0 0 0 0 0 0 0 0 0 0 0 0 0 0 0 0 0 0 0 0 0 0 0 0 0 0 0 0 0 0 0 0 0 0 0 0 0 0 0 0 0 0 0 0 0 0 0 0 0 0 0 0 0 0 0 0 0 0 0 0 0 0 0 0 0 0 0 0 0 0 0 0 0 0 0 0 0 0 0
0 0 0 0 0 0 0 0 0 0 0 0 0 0 0 0 0 0 0 0 0 0 0 0 0 0 0 0 0 0 0 0 0 0 0 0 0 0 0 0 0 0 0 0 0 0 0 0 0 0 0 0 0 0 0 0 0 0 0 0 0 0 0 0 0 0 0 0 0 0 0 0 0 0 0 0 0 0 0 0 0 0 0 0 0 0 0 0 0 0 0 0 0 0 0 0 0 0 0 0 0 0 0 0 0 0 0 0 0 0 0 0 0 0 0 0 0 0 0 0 0 0 0 0 0 0 0 0 0 0 0 0 0 0 0 0 0 0 0 0 0 0 0 0 0
0 0 0 0 0 0 0 0 0 0 0 0 0 0 0 0 0 0 0 0 0 0 0 0 0 0 0 0 0 0 0 0 0 0 0 0 0 0 0 0 0 0 0 0 0 0 0 0 0 0 0 0 0 0 0 0 0 0 0 0 0 0 0 0 0 0 0 0 0 0 0 0 0 0 0 0 0 0 0 0 0 0 0 0 0 0 0 0 0 0 0 0 0 0 0 0 0 0 0 0 0 0 0 0 0 0 0 0 0 0 0 0 0 0 0 0 0 0 0 0 0 0 0 0 0 0 0 0 0 0 0 0 0 0 0 0 0 0 0 0 0 0 0 0 0
0 0 0 0 0 0 0 0 0 0 0 0 0 0 0 0 0 0 0 0 0 0 0 0 0 0 0 0 0 0 0 0 0 0 0 0 0 0 0 0 0 0 0 0 0 0 0 0 0 0 0 0 0 0 0 0 0 0 0 0 0 0 0 0 0 0 0 0 0 0 0 0 0 0 0 0 0 0 0 0 0 0 0 0 0 0 0 0 0 0 0 0 0 0 0 0 0 0 0 0 0 0 0 0 0 0 0 0 0 0 0 0 0 0 0 0 0 0 0 0 0 0 0 0 0 0 0 0 0 0 0 0 0 0 0 0 0 0 0 0 0 0 0 0 0
0 0 0 0 0 0 0 0 0 0 0 0 0 0 0 0 0 0 0 0 0 0 0 0 0 0 0 0 0 0 0 0 0 0 0 0 0 0 0 0 0 0 0 0 0 0 0 0 0 0 0 0 0 0 0 0 0 0 0 0 0 0 0 0 0 0 0 0 0 0 0 0 0 0 0 0 0 0 0 0 0 0 0 0 0 0 0 0 0 0 0 0 0 0 0 0 0 0 0 0 0 0 0 0 0 0 0 0 0 0 0 0 0 0 0 0 0 0 0 0 0 0 0 0 0 0 0 0 0 0 0 0 0 0 0 0 0 0 0 0 0 0 0 0 0
