0.060861 0.270887 0.198677 0.103500 0.000000 0.275862 71.000000 0.496503 0.496503 0.643496 0.007413 0.017226 0.392466
0.535577 0.774221 0.895159 0.013075 0.000000 0.197183 104.000000 0.727273 0.937063 0.937266 0.082119 0.034689 0.304449
0.629849 0.551589 0.776985 -0.008216 0.000000 0.192857 100.000000 0.699301 0.930070 0.930523 0.069278 0.030804 0.312675
1.000000 0.568303 1.000000 -0.022535 0.000000 0.190141 101.000000 0.706294 0.951049 0.951049 0.084401 0.031893 0.311583
0.752956 1.000000 0.677990 0.056947 0.000000 0.201439 110.000000 0.769231 0.902098 0.904494 0.111765 0.051274 0.291785
0.180378 0.080329 0.823752 -0.346927 1.000000 0.177966 42.000000 0.293706 0.825175 0.839887 0.010149 0.008949 0.516810
0.093125 0.086471 0.196130 -0.069998 0.000000 0.219178 41.000000 0.286713 0.489510 0.640310 0.001589 0.008797 0.526359
0.241774 0.444123 0.641671 -0.018208 0.000000 0.204545 94.000000 0.657343 0.867133 0.873937 0.049217 0.026338 0.322892
0.139544 0.205545 0.502291 -0.115961 1.000000 0.218182 63.000000 0.440559 0.720280 0.765341 0.012255 0.013042 0.403289
0.120994 0.152746 0.139869 0.033521 0.000000 0.291667 55.000000 0.384615 0.419580 0.610107 0.002057 0.011134 0.440394
0.238423 0.273604 0.435192 -0.025377 0.000000 0.231481 73.000000 0.510490 0.692308 0.747645 0.015676 0.018007 0.386466
0.188577 0.205807 0.390837 -0.049378 0.000000 0.230769 63.000000 0.440559 0.671329 0.734901 0.010193 0.013034 0.403289
0.147361 0.164161 0.491435 -0.139992 1.000000 0.222222 56.000000 0.391608 0.720280 0.765341 0.009623 0.011273 0.432358
0.104603 0.180151 0.262889 -0.019075 0.000000 0.252874 59.000000 0.412587 0.566434 0.677187 0.005867 0.012182 0.423280
0.103998 0.065206 0.144714 -0.048369 0.000000 0.225806 35.000000 0.244755 0.419580 0.610107 0.000482 0.007687 0.562341
0.016454 0.025157 0.019742 0.051829 0.000000 0.320000 42.000000 0.293706 0.279720 0.557511 0.000090 0.008826 0.516810
0.010253 0.036564 0.029658 0.080519 0.000000 0.338710 54.000000 0.377622 0.328671 0.574856 0.000879 0.010940 0.445872
0.003232 0.003461 0.001577 0.066360 0.000000 0.333333 14.000000 0.097902 0.048951 0.488085 0.000000 0.004014 0.760069
0.063769 0.294609 0.187071 0.123792 0.000000 0.221311 103.000000 0.720280 0.748252 0.783895 0.045769 0.033935 0.307498
0.037082 0.097122 0.157303 -0.047670 1.000000 0.231481 80.000000 0.559441 0.685315 0.743349 0.019364 0.020705 0.365301
0.022245 0.009220 0.080429 -0.269975 1.000000 0.234043 19.000000 0.132867 0.328671 0.574856 0.000000 0.004696 0.679772
0.024904 0.062005 0.153797 -0.166647 1.000000 0.203125 34.000000 0.237762 0.440559 0.618864 0.000587 0.007591 0.574344
0.019424 0.024472 0.042920 -0.041839 0.000000 0.258065 42.000000 0.293706 0.391608 0.598809 0.000652 0.008879 0.516810
0.012796 0.003069 0.032856 -0.207657 1.000000 0.220000 14.000000 0.097902 0.349650 0.582625 0.000000 0.004014 0.760069
0.009079 0.040620 0.003029 0.226917 0.000000 0.368421 56.000000 0.391608 0.083916 0.497472 0.000000 0.011291 0.441997
0.005529 0.000827 0.004853 -0.064618 0.000000 0.166667 6.000000 0.041958 0.118881 0.507226 0.000000 0.002858 0.885141
0.006381 0.023236 0.003370 0.194864 0.000000 0.372093 42.000000 0.293706 0.083916 0.497472 0.000000 0.008904 0.523236
0.006515 0.003253 0.000094 0.053837 0.000000 0.357143 14.000000 0.097902 0.006993 0.465261 0.000000 0.004014 0.760069
-0.000033 0.008627 0.001946 0.349116 0.000000 0.320000 24.000000 0.167832 0.055944 0.489934 0.000000 0.005418 0.629317
0.010123 0.022904 0.045642 -0.093159 1.000000 0.238095 41.000000 0.286713 0.405594 0.604405 0.000696 0.008775 0.526359
0.016536 0.097434 0.003557 0.260607 0.000000 0.329114 79.000000 0.552448 0.083916 0.497472 0.000134 0.018965 0.367119
0.004962 0.013962 0.008258 0.104234 0.000000 0.333333 31.000000 0.216783 0.174825 0.523654 0.000000 0.006592 0.575515
0.023576 0.064956 0.014361 0.157813 0.000000 0.338235 66.000000 0.461538 0.244755 0.545750 0.001096 0.014909 0.403943
0.007367 0.010103 0.002406 0.100248 0.000000 0.322581 28.000000 0.195804 0.069930 0.493674 0.000000 0.006041 0.596213
0.010353 0.011462 0.036611 -0.155726 1.000000 0.218182 29.000000 0.202797 0.370629 0.590606 0.000071 0.006386 0.598255
0.230282 0.435531 0.029345 0.144605 0.000000 0.282609 92.000000 0.643357 0.258741 0.550394 0.005837 0.024973 0.327816
0.003912 0.000000 0.001644 -0.041445 0.000000 0.000000 0.000000 0.000000 0.048951 0.491580 0.000000 0.001658 0.000000
0.007864 0.000606 0.001485 -0.008634 0.000000 0.125000 6.000000 0.041958 0.048951 0.488085 0.000000 0.002858 0.885141
0.002328 0.000000 0.005686 -0.240968 1.000000 0.210526 0.000000 0.000000 0.132867 0.514713 0.000000 0.001658 0.000000
0.004923 0.013216 0.000696 0.180142 0.000000 0.366667 30.000000 0.209790 0.034965 0.484429 0.000000 0.006488 0.587631
-0.000875 0.024506 0.018536 0.195486 1.000000 0.306122 42.000000 0.293706 0.272727 0.555119 0.000071 0.008822 0.516810
0.007135 0.017293 0.005010 0.137437 0.000000 0.378378 34.000000 0.237762 0.118881 0.507226 0.000000 0.007120 0.557902
0.000797 0.000781 0.000000 0.095867 0.000000 0.166667 6.000000 0.041958 0.000000 0.000000 0.000000 0.002858 0.885141
0.000845 0.000489 0.000108 0.051746 0.000000 0.000000 5.000000 0.034965 0.006993 0.465261 0.000000 0.002793 0.981205
0.007986 0.008376 0.003649 0.066882 0.000000 0.285714 24.000000 0.167832 0.090909 0.499392 0.000000 0.005418 0.629317
0.001909 0.000980 0.000093 0.052287 0.000000 0.142857 7.000000 0.048951 0.006993 0.465261 0.000000 0.003127 0.900516
0.005470 0.000631 0.004246 -0.059816 0.000000 0.187500 6.000000 0.041958 0.104895 0.503279 0.000000 0.002858 0.885141
0.004279 0.029200 0.008759 0.216334 0.000000 0.360000 48.000000 0.335664 0.174825 0.523654 0.000000 0.009860 0.482329
0.000551 0.001979 0.000000 0.218080 0.000000 0.384615 13.000000 0.090909 0.000000 0.000000 0.000000 0.003886 0.774791
0.004128 0.000485 0.000000 0.014422 0.000000 0.000000 5.000000 0.034965 0.000000 0.000000 0.000000 0.002793 0.981205
0.014380 0.054500 0.047022 0.073889 0.000000 0.293333 60.000000 0.419580 0.412587 0.607243 0.002667 0.012345 0.418313
0.002242 0.023199 0.004809 0.266082 0.000000 0.372093 42.000000 0.293706 0.118881 0.507226 0.000000 0.008904 0.523236
0.006004 0.006867 0.021302 -0.151837 1.000000 0.238095 22.000000 0.153846 0.293706 0.562359 0.000000 0.005137 0.649726
0.002565 0.008587 0.001157 0.188748 0.000000 0.320000 24.000000 0.167832 0.048951 0.488085 0.000000 0.005418 0.629317
0.018365 0.042178 0.029948 0.077123 0.000000 0.333333 55.000000 0.384615 0.328671 0.574856 0.000937 0.011091 0.440394
0.004619 0.000264 0.001416 -0.022596 0.000000 0.000000 3.000000 0.020979 0.048951 0.488085 0.000000 0.002275 0.979920
0.000545 0.000391 0.000101 0.059884 0.000000 0.000000 4.000000 0.027972 0.006993 0.465261 0.000000 0.002613 1.000000
0.008704 0.002583 0.002267 0.011034 0.000000 0.312500 13.000000 0.090909 0.069930 0.493674 0.000000 0.003886 0.774791
0.004085 0.001785 0.000000 0.049022 0.000000 0.333333 12.000000 0.083916 0.000000 0.000000 0.000000 0.003777 0.794378
0.017614 0.039678 0.038220 0.042852 0.000000 0.313433 55.000000 0.384615 0.370629 0.590606 0.001402 0.011113 0.440394
0.001363 0.000809 0.000000 0.063889 0.000000 0.166667 6.000000 0.041958 0.000000 0.000000 0.000000 0.002858 0.885141
0.005002 0.005929 0.004165 0.050344 0.000000 0.250000 20.000000 0.139860 0.104895 0.503279 0.000000 0.004874 0.674699
0.002073 0.000658 0.001833 -0.042801 0.000000 0.125000 6.000000 0.041958 0.048951 0.488085 0.000000 0.002858 0.885141
0.004665 0.002274 0.000000 0.053942 0.000000 0.384615 13.000000 0.090909 0.000000 0.000000 0.000000 0.003886 0.774791
0.000699 0.001728 0.000000 0.179364 0.000000 0.333333 12.000000 0.083916 0.000000 0.000000 0.000000 0.003777 0.794378
0.004092 0.003890 0.003155 0.034704 0.000000 0.263158 16.000000 0.111888 0.083916 0.497472 0.000000 0.004327 0.732530
0.013743 0.005020 0.016575 -0.065303 0.000000 0.236842 17.000000 0.118881 0.258741 0.550394 0.000000 0.004429 0.708717
0.007000 0.000962 0.007850 -0.089427 0.000000 0.192308 7.000000 0.048951 0.174825 0.523654 0.000000 0.003127 0.900516
0.002925 0.000000 0.001808 -0.060957 0.000000 0.000000 0.000000 0.000000 0.048951 0.491580 0.000000 0.001658 0.000000
0.002584 0.001190 0.004211 -0.089678 1.000000 0.235294 9.000000 0.062937 0.104895 0.503279 0.000000 0.003328 0.827845
0.005928 0.002712 0.014627 -0.162669 1.000000 0.222222 14.000000 0.097902 0.251748 0.548062 0.000000 0.004014 0.760069
0.002457 0.002436 0.000000 0.096820 0.000000 0.384615 13.000000 0.090909 0.000000 0.000000 0.000000 0.003886 0.774791
0.001074 0.004334 0.000657 0.203140 0.000000 0.312500 16.000000 0.111888 0.034965 0.484429 0.000000 0.004327 0.732530
0.005973 0.002759 0.004487 -0.013509 0.000000 0.250000 14.000000 0.097902 0.111888 0.505245 0.000000 0.004014 0.760069
-0.002587 0.000978 0.007698 0.277421 1.000000 0.192308 7.000000 0.048951 0.174825 0.523654 0.000000 0.003127 0.900516
0.001759 0.000345 0.000000 0.023492 0.000000 0.000000 4.000000 0.027972 0.000000 0.000000 0.000000 0.002613 1.000000
0.001610 0.001210 0.002350 -0.039460 1.000000 0.307692 9.000000 0.062937 0.069930 0.493674 0.000000 0.003328 0.827845
0.009142 0.009466 0.009715 0.020351 0.000000 0.285714 26.000000 0.181818 0.181818 0.525783 0.000000 0.005643 0.601668
0.004031 0.001200 0.001658 -0.002502 0.000000 0.300000 9.000000 0.062937 0.048951 0.488085 0.000000 0.003328 0.827845
0.033348 0.047775 0.130909 -0.142926 1.000000 0.225806 56.000000 0.391608 0.615385 0.702949 0.006351 0.011257 0.432358
0.003326 0.004708 0.006986 -0.019096 0.000000 0.192308 16.000000 0.111888 0.167832 0.521543 0.000000 0.004327 0.732530
0.000651 0.000076 0.000894 -0.116644 1.000000 0.000000 1.000000 0.006993 0.041958 0.486251 0.000000 0.001858 0.973494
0.006574 0.011987 0.013166 0.021963 0.000000 0.300000 30.000000 0.209790 0.244755 0.545750 0.000000 0.006488 0.587631
0.003331 0.000251 0.008495 -0.236514 1.000000 0.160000 3.000000 0.020979 0.174825 0.523654 0.000000 0.002275 0.979920
0.004517 0.003279 0.008268 -0.072353 1.000000 0.192308 14.000000 0.097902 0.174825 0.523654 0.000000 0.004014 0.760069
0.001648 0.006379 0.000881 0.201704 0.000000 0.333333 21.000000 0.146853 0.041958 0.486251 0.000000 0.005003 0.661388
0.000135 0.000486 0.000000 0.218691 0.000000 0.000000 5.000000 0.034965 0.000000 0.000000 0.000000 0.002793 0.981205
0.004087 0.001705 0.002468 -0.005833 0.000000 0.266667 12.000000 0.083916 0.069930 0.493674 0.000000 0.003777 0.794378
0.005966 0.000486 0.010852 -0.165005 1.000000 0.153846 5.000000 0.034965 0.181818 0.525783 0.000000 0.002793 0.981205
0.006986 0.041439 0.013686 0.199927 0.000000 0.355932 55.000000 0.384615 0.244755 0.545750 0.000307 0.011024 0.440394
0.000526 0.007296 0.000708 0.312392 0.000000 0.318182 22.000000 0.153846 0.034965 0.484429 0.000000 0.005137 0.649726
0.002426 0.004162 0.001666 0.098762 0.000000 0.294118 16.000000 0.111888 0.048951 0.488085 0.000000 0.004327 0.732530
0.003317 0.006255 0.002762 0.100101 0.000000 0.291667 21.000000 0.146853 0.076923 0.495566 0.000000 0.005003 0.661388
0.003453 0.022141 0.008272 0.196116 0.000000 0.380952 40.000000 0.279720 0.174825 0.523654 0.000000 0.008615 0.536386
0.006305 0.015943 0.020092 0.003945 1.000000 0.295455 33.000000 0.230769 0.279720 0.557511 0.000002 0.006972 0.565170
0.001241 0.003379 0.002106 0.097707 0.000000 0.312500 14.000000 0.097902 0.062937 0.491797 0.000000 0.004014 0.760069
0.001312 0.001839 0.000000 0.124910 0.000000 0.333333 12.000000 0.083916 0.000000 0.000000 0.000000 0.003777 0.794378
0.000210 0.004538 0.000347 0.341141 0.000000 0.312500 16.000000 0.111888 0.020979 0.477279 0.000000 0.004327 0.732530
0.002135 0.004101 0.000741 0.132475 0.000000 0.312500 16.000000 0.111888 0.034965 0.484429 0.000000 0.004327 0.732530
0.006421 0.010898 0.010046 0.040460 0.000000 0.305556 30.000000 0.209790 0.181818 0.525783 0.000000 0.006488 0.587631
0.000370 0.008818 0.001286 0.325704 0.000000 0.346154 25.000000 0.174825 0.048951 0.488085 0.000000 0.005486 0.609542
0.000760 0.001285 0.000116 0.131952 0.000000 0.333333 9.000000 0.062937 0.006993 0.465261 0.000000 0.003328 0.827845
0.001855 0.004172 0.003228 0.067795 0.000000 0.263158 16.000000 0.111888 0.083916 0.497472 0.000000 0.004327 0.732530
0.005113 0.002890 0.010807 -0.116634 1.000000 0.185185 14.000000 0.097902 0.181818 0.525783 0.000000 0.004014 0.760069
0.002722 0.000000 0.003181 -0.115268 1.000000 0.083333 0.000000 0.000000 0.083916 0.500961 0.000000 0.001658 0.000000
0.006337 0.005154 0.002675 0.049469 0.000000 0.300000 17.000000 0.118881 0.076923 0.495566 0.000000 0.004429 0.708717
0.001414 0.012238 0.003606 0.233589 0.000000 0.333333 30.000000 0.209790 0.090909 0.499392 0.000000 0.006488 0.587631
0.002496 0.000000 0.001796 -0.070972 0.000000 0.000000 0.000000 0.000000 0.048951 0.491580 0.000000 0.001658 0.000000
0.008387 0.008146 0.013163 -0.024230 0.000000 0.263158 24.000000 0.167832 0.244755 0.545750 0.000000 0.005418 0.629317
0.000576 0.000583 0.000000 0.098299 0.000000 0.166667 6.000000 0.041958 0.000000 0.000000 0.000000 0.002858 0.885141
0.000359 0.001794 0.000098 0.241480 0.000000 0.333333 12.000000 0.083916 0.006993 0.465261 0.000000 0.003777 0.794378
0.007451 0.003035 0.011790 -0.092827 0.000000 0.225806 14.000000 0.097902 0.216783 0.536692 0.000000 0.004014 0.760069
0.002608 0.002550 0.000000 0.095765 0.000000 0.384615 13.000000 0.090909 0.000000 0.000000 0.000000 0.003886 0.774791
0.000616 0.003627 0.000000 0.268147 0.000000 0.333333 15.000000 0.104895 0.000000 0.000000 0.000000 0.004220 0.755020
0.004240 0.003039 0.014235 -0.197148 1.000000 0.222222 14.000000 0.097902 0.251748 0.548062 0.000000 0.004014 0.760069
0.001346 0.000988 0.000347 0.055434 0.000000 0.142857 7.000000 0.048951 0.020979 0.477279 0.000000 0.003127 0.900516
0.000021 0.000000 0.000216 -1.000000 1.000000 0.000000 0.000000 0.000000 0.013986 0.479021 0.000000 0.001658 0.000000
0.037353 0.095689 0.027412 0.142299 0.000000 0.329114 78.000000 0.545455 0.321678 0.572313 0.004328 0.019568 0.370219
0.000366 0.000074 0.000000 0.024199 0.000000 0.000000 1.000000 0.006993 0.000000 0.000000 0.000000 0.001858 0.973494
0.000148 0.005008 0.000732 0.337645 0.000000 0.352941 17.000000 0.118881 0.034965 0.484429 0.000000 0.004429 0.708717
0.001846 0.006910 0.000512 0.209638 0.000000 0.318182 22.000000 0.153846 0.027972 0.482622 0.000000 0.005137 0.649726
0.000132 0.000261 0.000000 0.156779 0.000000 0.000000 3.000000 0.020979 0.000000 0.000000 0.000000 0.002275 0.979920
0.000629 0.000623 0.000000 0.096630 0.000000 0.166667 6.000000 0.041958 0.000000 0.000000 0.000000 0.002858 0.885141
0.003357 0.000000 0.000652 -0.019155 0.000000 0.000000 0.000000 0.000000 0.034965 0.487925 0.000000 0.001658 0.000000
0.004319 0.001377 0.000000 0.036922 0.000000 0.300000 10.000000 0.069930 0.000000 0.000000 0.000000 0.003482 0.815422
0.000906 0.001786 0.002316 -0.001022 1.000000 0.266667 12.000000 0.083916 0.069930 0.493674 0.000000 0.003777 0.794378
-0.005857 0.024791 0.031768 0.009878 1.000000 0.267857 42.000000 0.293706 0.335664 0.577423 0.000302 0.008857 0.516810
0.000225 0.000653 0.000000 0.195857 0.000000 0.166667 6.000000 0.041958 0.000000 0.000000 0.000000 0.002858 0.885141
0.005761 0.015113 0.009808 0.092024 0.000000 0.333333 33.000000 0.230769 0.181818 0.525783 0.000000 0.006928 0.562541
0.000133 0.000467 0.000000 0.216081 0.000000 0.000000 5.000000 0.034965 0.000000 0.000000 0.000000 0.002793 0.981205
0.000407 0.000486 0.000000 0.111240 0.000000 0.000000 5.000000 0.034965 0.000000 0.000000 0.000000 0.002793 0.981205
0.000456 0.002283 0.000000 0.252328 0.000000 0.384615 13.000000 0.090909 0.000000 0.000000 0.000000 0.003886 0.774791
0.000331 0.000721 0.000000 0.166549 0.000000 0.166667 6.000000 0.041958 0.000000 0.000000 0.000000 0.002858 0.885141
0.001450 0.001531 0.000000 0.101551 0.000000 0.363636 11.000000 0.076923 0.000000 0.000000 0.000000 0.003662 0.811391
0.001017 0.001528 0.000000 0.131070 0.000000 0.363636 11.000000 0.076923 0.000000 0.000000 0.000000 0.003662 0.811391
0.000807 0.002087 0.000000 0.184001 0.000000 0.384615 13.000000 0.090909 0.000000 0.000000 0.000000 0.003886 0.774791
0.000738 0.000354 0.000000 0.053161 0.000000 0.000000 4.000000 0.027972 0.000000 0.000000 0.000000 0.002613 1.000000
0.000441 0.000342 0.000000 0.079704 0.000000 0.000000 4.000000 0.027972 0.000000 0.000000 0.000000 0.002613 1.000000
0.003753 0.000582 0.001592 -0.021153 0.000000 0.125000 6.000000 0.041958 0.048951 0.488085 0.000000 0.002858 0.885141
0.001447 0.000341 0.000000 0.027961 0.000000 0.000000 4.000000 0.027972 0.000000 0.000000 0.000000 0.002613 1.000000
0.001384 0.000265 0.000000 0.023029 0.000000 0.000000 3.000000 0.020979 0.000000 0.000000 0.000000 0.002275 0.979920
0.000640 0.001752 0.000000 0.189877 0.000000 0.333333 12.000000 0.083916 0.000000 0.000000 0.000000 0.003777 0.794378
0.000343 0.001785 0.000000 0.256046 0.000000 0.333333 12.000000 0.083916 0.000000 0.000000 0.000000 0.003777 0.794378
0.000102 0.000162 0.000000 0.135821 0.000000 0.000000 2.000000 0.013986 0.000000 0.000000 0.000000 0.002078 0.987952
