C:\Users\DELL-USER02\.conda\envs\torch2.0\python.exe C:\Users\DELL-USER02\PycharmProjects\pythonProject1\Foreigh\main.py
alpha ={},beta={} 0.5 0.8
*************************************
epoch: 1
破产银行集合 [ 8 12 25 29 31 32 38 42 43 46 49 51 52 54 56 63 87 89]
破产银行数 18
净资产 1254129163.0
正常的银行集合 [ 0  1  2  3  4  5  6  7  9 10 11 13 14 15 16 17 18 19 20 21 22 23 24 26
 27 28 30 33 34 35 36 37 39 40 41 44 45 47 48 50 53 55 57 58 59 60 61 62
 64 65 66 67 68 69 70 71 72 73 74 75 76 77 78 79 80 81 82 83 84 85 86 88
 90]
总流动性 484491364.7840211
*************************************
epoch: 2
破产银行集合 [ 8 12 25 29 31 32 38 42 43 46 49 51 52 54 56 63 87 89]
破产银行数 18
净资产 1133509009.2840211
正常的银行集合 [ 0  1  2  3  4  5  6  7  9 10 11 13 14 15 16 17 18 19 20 21 22 23 24 26
 27 28 30 33 34 35 36 37 39 40 41 44 45 47 48 50 53 55 57 58 59 60 61 62
 64 65 66 67 68 69 70 71 72 73 74 75 76 77 78 79 80 81 82 83 84 85 86 88
 90]
总流动性 474220818.5613953
*************************************
epoch: 3
破产银行集合 [ 8 12 25 29 31 32 38 42 43 46 49 51 52 54 56 63 65 87 89]
破产银行数 19
净资产 1116650772.5334678
正常的银行集合 [ 0  1  2  3  4  5  6  7  9 10 11 13 14 15 16 17 18 19 20 21 22 23 24 26
 27 28 30 33 34 35 36 37 39 40 41 44 45 47 48 50 53 55 57 58 59 60 61 62
 64 66 67 68 69 70 71 72 73 74 75 76 77 78 79 80 81 82 83 84 85 86 88 90]
总流动性 469654546.18222886
*************************************
epoch: 4
破产银行集合 [ 8 12 25 29 31 32 38 42 43 46 49 51 52 54 56 63 65 87 89]
破产银行数 19
净资产 1108855462.4965906
正常的银行集合 [ 0  1  2  3  4  5  6  7  9 10 11 13 14 15 16 17 18 19 20 21 22 23 24 26
 27 28 30 33 34 35 36 37 39 40 41 44 45 47 48 50 53 55 57 58 59 60 61 62
 64 66 67 68 69 70 71 72 73 74 75 76 77 78 79 80 81 82 83 84 85 86 88 90]
总流动性 466431207.58316076
*************************************
epoch: 5
破产银行集合 [ 8 12 25 29 31 32 38 42 43 46 49 51 52 54 56 63 65 87 89]
破产银行数 19
净资产 1104123859.193068
正常的银行集合 [ 0  1  2  3  4  5  6  7  9 10 11 13 14 15 16 17 18 19 20 21 22 23 24 26
 27 28 30 33 34 35 36 37 39 40 41 44 45 47 48 50 53 55 57 58 59 60 61 62
 64 66 67 68 69 70 71 72 73 74 75 76 77 78 79 80 81 82 83 84 85 86 88 90]
总流动性 465434170.7046238
*************************************
epoch: 6
破产银行集合 [ 8 12 25 29 31 32 38 42 43 46 49 51 52 54 56 63 65 87 89]
破产银行数 19
净资产 1102490477.9817414
正常的银行集合 [ 0  1  2  3  4  5  6  7  9 10 11 13 14 15 16 17 18 19 20 21 22 23 24 26
 27 28 30 33 34 35 36 37 39 40 41 44 45 47 48 50 53 55 57 58 59 60 61 62
 64 66 67 68 69 70 71 72 73 74 75 76 77 78 79 80 81 82 83 84 85 86 88 90]
总流动性 462091658.7156088
*************************************
epoch: 7
破产银行集合 [ 8 12 25 29 31 32 38 42 43 46 49 51 52 54 56 63 65 87 89]
破产银行数 19
净资产 1098907696.9670882
正常的银行集合 [ 0  1  2  3  4  5  6  7  9 10 11 13 14 15 16 17 18 19 20 21 22 23 24 26
 27 28 30 33 34 35 36 37 39 40 41 44 45 47 48 50 53 55 57 58 59 60 61 62
 64 66 67 68 69 70 71 72 73 74 75 76 77 78 79 80 81 82 83 84 85 86 88 90]
总流动性 460384241.10802436
*************************************
epoch: 8
破产银行集合 [ 8 12 25 29 31 32 38 42 43 46 49 51 52 54 56 63 65 87 89]
破产银行数 19
净资产 1097111796.6816974
正常的银行集合 [ 0  1  2  3  4  5  6  7  9 10 11 13 14 15 16 17 18 19 20 21 22 23 24 26
 27 28 30 33 34 35 36 37 39 40 41 44 45 47 48 50 53 55 57 58 59 60 61 62
 64 66 67 68 69 70 71 72 73 74 75 76 77 78 79 80 81 82 83 84 85 86 88 90]
总流动性 459131051.88693964
*************************************
epoch: 9
破产银行集合 [ 8 12 25 29 31 32 38 42 43 46 49 51 52 54 56 63 65 87 89]
破产银行数 19
净资产 1095829187.8197904
正常的银行集合 [ 0  1  2  3  4  5  6  7  9 10 11 13 14 15 16 17 18 19 20 21 22 23 24 26
 27 28 30 33 34 35 36 37 39 40 41 44 45 47 48 50 53 55 57 58 59 60 61 62
 64 66 67 68 69 70 71 72 73 74 75 76 77 78 79 80 81 82 83 84 85 86 88 90]
总流动性 458620308.7896071
*************************************
epoch: 10
破产银行集合 [ 8 12 25 29 31 32 38 42 43 46 49 51 52 54 56 63 65 87 89]
破产银行数 19
净资产 1095309736.6907897
正常的银行集合 [ 0  1  2  3  4  5  6  7  9 10 11 13 14 15 16 17 18 19 20 21 22 23 24 26
 27 28 30 33 34 35 36 37 39 40 41 44 45 47 48 50 53 55 57 58 59 60 61 62
 64 66 67 68 69 70 71 72 73 74 75 76 77 78 79 80 81 82 83 84 85 86 88 90]
总流动性 456228973.3455255
*************************************
epoch: 11
破产银行集合 [ 8 12 25 29 31 32 38 42 43 46 49 51 52 54 56 63 65 87 89]
破产银行数 19
净资产 1092916063.3582249
正常的银行集合 [ 0  1  2  3  4  5  6  7  9 10 11 13 14 15 16 17 18 19 20 21 22 23 24 26
 27 28 30 33 34 35 36 37 39 40 41 44 45 47 48 50 53 55 57 58 59 60 61 62
 64 66 67 68 69 70 71 72 73 74 75 76 77 78 79 80 81 82 83 84 85 86 88 90]
总流动性 454987533.36292833
*************************************
epoch: 12
破产银行集合 [ 8 12 25 29 31 32 38 42 43 46 49 51 52 54 56 63 65 87 89]
破产银行数 19
净资产 1091674023.856663
正常的银行集合 [ 0  1  2  3  4  5  6  7  9 10 11 13 14 15 16 17 18 19 20 21 22 23 24 26
 27 28 30 33 34 35 36 37 39 40 41 44 45 47 48 50 53 55 57 58 59 60 61 62
 64 66 67 68 69 70 71 72 73 74 75 76 77 78 79 80 81 82 83 84 85 86 88 90]
总流动性 453089133.4992416
*************************************
epoch: 13
破产银行集合 [ 8 12 25 29 31 32 38 42 43 46 49 51 52 54 56 63 65 87 89]
破产银行数 19
净资产 1089775492.3812482
正常的银行集合 [ 0  1  2  3  4  5  6  7  9 10 11 13 14 15 16 17 18 19 20 21 22 23 24 26
 27 28 30 33 34 35 36 37 39 40 41 44 45 47 48 50 53 55 57 58 59 60 61 62
 64 66 67 68 69 70 71 72 73 74 75 76 77 78 79 80 81 82 83 84 85 86 88 90]
总流动性 451768861.28368956
*************************************
epoch: 14
破产银行集合 [ 8 12 25 29 31 32 38 42 43 46 49 51 52 54 56 63 65 87 89]
破产银行数 19
净资产 1088455192.4353976
正常的银行集合 [ 0  1  2  3  4  5  6  7  9 10 11 13 14 15 16 17 18 19 20 21 22 23 24 26
 27 28 30 33 34 35 36 37 39 40 41 44 45 47 48 50 53 55 57 58 59 60 61 62
 64 66 67 68 69 70 71 72 73 74 75 76 77 78 79 80 81 82 83 84 85 86 88 90]
总流动性 452597669.9971952
*************************************
epoch: 15
破产银行集合 [ 8 12 25 29 31 32 38 42 43 46 49 51 52 54 56 63 65 87 89]
破产银行数 19
净资产 1089283996.0296392
正常的银行集合 [ 0  1  2  3  4  5  6  7  9 10 11 13 14 15 16 17 18 19 20 21 22 23 24 26
 27 28 30 33 34 35 36 37 39 40 41 44 45 47 48 50 53 55 57 58 59 60 61 62
 64 66 67 68 69 70 71 72 73 74 75 76 77 78 79 80 81 82 83 84 85 86 88 90]
总流动性 452389871.4170246
*************************************
epoch: 16
破产银行集合 [ 8 12 25 29 31 32 38 42 43 46 49 51 52 54 56 63 65 87 89]
破产银行数 19
净资产 1089076196.5731463
正常的银行集合 [ 0  1  2  3  4  5  6  7  9 10 11 13 14 15 16 17 18 19 20 21 22 23 24 26
 27 28 30 33 34 35 36 37 39 40 41 44 45 47 48 50 53 55 57 58 59 60 61 62
 64 66 67 68 69 70 71 72 73 74 75 76 77 78 79 80 81 82 83 84 85 86 88 90]
总流动性 450545024.33849204
*************************************
epoch: 17
破产银行集合 [ 8 12 25 29 31 32 38 42 43 46 49 51 52 54 56 63 65 87 89]
破产银行数 19
净资产 1087231349.360547
正常的银行集合 [ 0  1  2  3  4  5  6  7  9 10 11 13 14 15 16 17 18 19 20 21 22 23 24 26
 27 28 30 33 34 35 36 37 39 40 41 44 45 47 48 50 53 55 57 58 59 60 61 62
 64 66 67 68 69 70 71 72 73 74 75 76 77 78 79 80 81 82 83 84 85 86 88 90]
总流动性 450216516.8317908
*************************************
epoch: 18
破产银行集合 [ 8 12 25 29 31 32 38 42 43 46 49 51 52 54 56 63 65 87 89]
破产银行数 19
净资产 1086902841.8346786
正常的银行集合 [ 0  1  2  3  4  5  6  7  9 10 11 13 14 15 16 17 18 19 20 21 22 23 24 26
 27 28 30 33 34 35 36 37 39 40 41 44 45 47 48 50 53 55 57 58 59 60 61 62
 64 66 67 68 69 70 71 72 73 74 75 76 77 78 79 80 81 82 83 84 85 86 88 90]
总流动性 449472337.59462386
*************************************
epoch: 19
破产银行集合 [ 8 12 25 29 31 32 38 42 43 46 49 51 52 54 56 63 65 87 89]
破产银行数 19
净资产 1086158662.594966
正常的银行集合 [ 0  1  2  3  4  5  6  7  9 10 11 13 14 15 16 17 18 19 20 21 22 23 24 26
 27 28 30 33 34 35 36 37 39 40 41 44 45 47 48 50 53 55 57 58 59 60 61 62
 64 66 67 68 69 70 71 72 73 74 75 76 77 78 79 80 81 82 83 84 85 86 88 90]
总流动性 448578044.29370064
*************************************
epoch: 20
破产银行集合 [ 8 12 25 29 31 32 38 42 43 46 49 51 52 54 56 63 65 87 89]
破产银行数 19
净资产 1085264369.2937412
正常的银行集合 [ 0  1  2  3  4  5  6  7  9 10 11 13 14 15 16 17 18 19 20 21 22 23 24 26
 27 28 30 33 34 35 36 37 39 40 41 44 45 47 48 50 53 55 57 58 59 60 61 62
 64 66 67 68 69 70 71 72 73 74 75 76 77 78 79 80 81 82 83 84 85 86 88 90]
总流动性 447875200.59979963
*************************************
epoch: 21
破产银行集合 [ 8 12 25 29 31 32 38 42 43 46 49 51 52 54 56 63 65 87 89]
破产银行数 19
净资产 1084561525.5998044
正常的银行集合 [ 0  1  2  3  4  5  6  7  9 10 11 13 14 15 16 17 18 19 20 21 22 23 24 26
 27 28 30 33 34 35 36 37 39 40 41 44 45 47 48 50 53 55 57 58 59 60 61 62
 64 66 67 68 69 70 71 72 73 74 75 76 77 78 79 80 81 82 83 84 85 86 88 90]
总流动性 446123889.7300341
*************************************
epoch: 22
破产银行集合 [ 8 12 25 29 31 32 38 42 43 46 49 51 52 54 56 63 65 87 89]
破产银行数 19
净资产 1082810214.7300344
正常的银行集合 [ 0  1  2  3  4  5  6  7  9 10 11 13 14 15 16 17 18 19 20 21 22 23 24 26
 27 28 30 33 34 35 36 37 39 40 41 44 45 47 48 50 53 55 57 58 59 60 61 62
 64 66 67 68 69 70 71 72 73 74 75 76 77 78 79 80 81 82 83 84 85 86 88 90]
总流动性 445389640.6222132
*************************************
epoch: 23
破产银行集合 [ 8 12 25 29 31 32 38 42 43 46 49 51 52 54 56 63 65 87 89]
破产银行数 19
净资产 1082075965.6222134
正常的银行集合 [ 0  1  2  3  4  5  6  7  9 10 11 13 14 15 16 17 18 19 20 21 22 23 24 26
 27 28 30 33 34 35 36 37 39 40 41 44 45 47 48 50 53 55 57 58 59 60 61 62
 64 66 67 68 69 70 71 72 73 74 75 76 77 78 79 80 81 82 83 84 85 86 88 90]
总流动性 445124049.9234021
*************************************
epoch: 24
破产银行集合 [ 8 12 25 29 31 32 38 42 43 46 49 51 52 54 56 63 65 87 89]
破产银行数 19
净资产 1081810374.9234023
正常的银行集合 [ 0  1  2  3  4  5  6  7  9 10 11 13 14 15 16 17 18 19 20 21 22 23 24 26
 27 28 30 33 34 35 36 37 39 40 41 44 45 47 48 50 53 55 57 58 59 60 61 62
 64 66 67 68 69 70 71 72 73 74 75 76 77 78 79 80 81 82 83 84 85 86 88 90]
总流动性 444357365.21109104
*************************************
epoch: 25
破产银行集合 [ 8 12 25 29 31 32 38 42 43 46 49 51 52 54 56 63 65 87 89]
破产银行数 19
净资产 1081043690.211091
正常的银行集合 [ 0  1  2  3  4  5  6  7  9 10 11 13 14 15 16 17 18 19 20 21 22 23 24 26
 27 28 30 33 34 35 36 37 39 40 41 44 45 47 48 50 53 55 57 58 59 60 61 62
 64 66 67 68 69 70 71 72 73 74 75 76 77 78 79 80 81 82 83 84 85 86 88 90]
总流动性 443280253.1309097
*************************************
epoch: 26
破产银行集合 [ 8 12 25 29 31 32 38 42 43 46 49 51 52 54 56 63 65 87 89]
破产银行数 19
净资产 1079966578.1309097
正常的银行集合 [ 0  1  2  3  4  5  6  7  9 10 11 13 14 15 16 17 18 19 20 21 22 23 24 26
 27 28 30 33 34 35 36 37 39 40 41 44 45 47 48 50 53 55 57 58 59 60 61 62
 64 66 67 68 69 70 71 72 73 74 75 76 77 78 79 80 81 82 83 84 85 86 88 90]
总流动性 443080389.1853145
*************************************
epoch: 27
破产银行集合 [ 8 12 25 29 31 32 38 42 43 46 49 51 52 54 56 63 65 87 89]
破产银行数 19
净资产 1079766714.1853144
正常的银行集合 [ 0  1  2  3  4  5  6  7  9 10 11 13 14 15 16 17 18 19 20 21 22 23 24 26
 27 28 30 33 34 35 36 37 39 40 41 44 45 47 48 50 53 55 57 58 59 60 61 62
 64 66 67 68 69 70 71 72 73 74 75 76 77 78 79 80 81 82 83 84 85 86 88 90]
总流动性 442608642.7770153
*************************************
epoch: 28
破产银行集合 [ 8 12 25 29 31 32 38 42 43 46 49 51 52 54 56 63 65 87 89]
破产银行数 19
净资产 1079294967.7770152
正常的银行集合 [ 0  1  2  3  4  5  6  7  9 10 11 13 14 15 16 17 18 19 20 21 22 23 24 26
 27 28 30 33 34 35 36 37 39 40 41 44 45 47 48 50 53 55 57 58 59 60 61 62
 64 66 67 68 69 70 71 72 73 74 75 76 77 78 79 80 81 82 83 84 85 86 88 90]
总流动性 442274948.7531483
*************************************
epoch: 29
破产银行集合 [ 8 12 25 29 31 32 38 42 43 46 49 51 52 54 56 63 65 87 89]
破产银行数 19
净资产 1078961273.7531483
正常的银行集合 [ 0  1  2  3  4  5  6  7  9 10 11 13 14 15 16 17 18 19 20 21 22 23 24 26
 27 28 30 33 34 35 36 37 39 40 41 44 45 47 48 50 53 55 57 58 59 60 61 62
 64 66 67 68 69 70 71 72 73 74 75 76 77 78 79 80 81 82 83 84 85 86 88 90]
总流动性 441841350.308228
*************************************
epoch: 30
破产银行集合 [ 8 12 25 29 31 32 38 42 43 46 49 51 52 54 56 63 65 87 89]
破产银行数 19
净资产 1078527675.308228
正常的银行集合 [ 0  1  2  3  4  5  6  7  9 10 11 13 14 15 16 17 18 19 20 21 22 23 24 26
 27 28 30 33 34 35 36 37 39 40 41 44 45 47 48 50 53 55 57 58 59 60 61 62
 64 66 67 68 69 70 71 72 73 74 75 76 77 78 79 80 81 82 83 84 85 86 88 90]
总流动性 441153695.20653397
*************************************
epoch: 31
破产银行集合 [ 8 12 25 29 31 32 38 42 43 46 49 51 52 54 56 63 65 87 89]
破产银行数 19
净资产 1077840020.2065341
正常的银行集合 [ 0  1  2  3  4  5  6  7  9 10 11 13 14 15 16 17 18 19 20 21 22 23 24 26
 27 28 30 33 34 35 36 37 39 40 41 44 45 47 48 50 53 55 57 58 59 60 61 62
 64 66 67 68 69 70 71 72 73 74 75 76 77 78 79 80 81 82 83 84 85 86 88 90]
总流动性 440831912.02635133
*************************************
epoch: 32
破产银行集合 [ 8 12 25 29 31 32 38 42 43 46 49 51 52 54 56 63 65 87 89]
破产银行数 19
净资产 1077518237.0263515
正常的银行集合 [ 0  1  2  3  4  5  6  7  9 10 11 13 14 15 16 17 18 19 20 21 22 23 24 26
 27 28 30 33 34 35 36 37 39 40 41 44 45 47 48 50 53 55 57 58 59 60 61 62
 64 66 67 68 69 70 71 72 73 74 75 76 77 78 79 80 81 82 83 84 85 86 88 90]
总流动性 440259516.34473497
*************************************
epoch: 33
破产银行集合 [ 8 12 25 29 31 32 38 42 43 46 49 51 52 54 56 63 65 87 89]
破产银行数 19
净资产 1076945841.344735
正常的银行集合 [ 0  1  2  3  4  5  6  7  9 10 11 13 14 15 16 17 18 19 20 21 22 23 24 26
 27 28 30 33 34 35 36 37 39 40 41 44 45 47 48 50 53 55 57 58 59 60 61 62
 64 66 67 68 69 70 71 72 73 74 75 76 77 78 79 80 81 82 83 84 85 86 88 90]
总流动性 439651208.8373157
*************************************
epoch: 34
破产银行集合 [ 8 12 25 29 31 32 38 42 43 46 49 51 52 54 56 63 65 87 89]
破产银行数 19
净资产 1076337533.8373158
正常的银行集合 [ 0  1  2  3  4  5  6  7  9 10 11 13 14 15 16 17 18 19 20 21 22 23 24 26
 27 28 30 33 34 35 36 37 39 40 41 44 45 47 48 50 53 55 57 58 59 60 61 62
 64 66 67 68 69 70 71 72 73 74 75 76 77 78 79 80 81 82 83 84 85 86 88 90]
总流动性 439391098.93440723
*************************************
epoch: 35
破产银行集合 [ 8 12 25 29 31 32 38 42 43 46 49 51 52 54 56 63 65 87 89]
破产银行数 19
净资产 1076077423.9344072
正常的银行集合 [ 0  1  2  3  4  5  6  7  9 10 11 13 14 15 16 17 18 19 20 21 22 23 24 26
 27 28 30 33 34 35 36 37 39 40 41 44 45 47 48 50 53 55 57 58 59 60 61 62
 64 66 67 68 69 70 71 72 73 74 75 76 77 78 79 80 81 82 83 84 85 86 88 90]
总流动性 439245204.35921216
*************************************
epoch: 36
破产银行集合 [ 8 12 25 29 31 32 38 42 43 46 49 51 52 54 56 63 65 87 89]
破产银行数 19
净资产 1075931529.359212
正常的银行集合 [ 0  1  2  3  4  5  6  7  9 10 11 13 14 15 16 17 18 19 20 21 22 23 24 26
 27 28 30 33 34 35 36 37 39 40 41 44 45 47 48 50 53 55 57 58 59 60 61 62
 64 66 67 68 69 70 71 72 73 74 75 76 77 78 79 80 81 82 83 84 85 86 88 90]
总流动性 439003635.7933577
*************************************
epoch: 37
破产银行集合 [ 8 12 25 29 31 32 38 42 43 46 49 51 52 54 56 63 65 87 89]
破产银行数 19
净资产 1075689960.7933576
正常的银行集合 [ 0  1  2  3  4  5  6  7  9 10 11 13 14 15 16 17 18 19 20 21 22 23 24 26
 27 28 30 33 34 35 36 37 39 40 41 44 45 47 48 50 53 55 57 58 59 60 61 62
 64 66 67 68 69 70 71 72 73 74 75 76 77 78 79 80 81 82 83 84 85 86 88 90]
总流动性 438723854.6315251
*************************************
epoch: 38
破产银行集合 [ 8 12 25 29 31 32 38 42 43 46 49 51 52 54 56 63 65 87 89]
破产银行数 19
净资产 1075410179.631525
正常的银行集合 [ 0  1  2  3  4  5  6  7  9 10 11 13 14 15 16 17 18 19 20 21 22 23 24 26
 27 28 30 33 34 35 36 37 39 40 41 44 45 47 48 50 53 55 57 58 59 60 61 62
 64 66 67 68 69 70 71 72 73 74 75 76 77 78 79 80 81 82 83 84 85 86 88 90]
总流动性 438532021.01112247
*************************************
epoch: 39
破产银行集合 [ 8 12 25 29 31 32 38 42 43 46 49 51 52 54 56 63 65 87 89]
破产银行数 19
净资产 1075218346.0111222
正常的银行集合 [ 0  1  2  3  4  5  6  7  9 10 11 13 14 15 16 17 18 19 20 21 22 23 24 26
 27 28 30 33 34 35 36 37 39 40 41 44 45 47 48 50 53 55 57 58 59 60 61 62
 64 66 67 68 69 70 71 72 73 74 75 76 77 78 79 80 81 82 83 84 85 86 88 90]
总流动性 438389995.4059701
*************************************
epoch: 40
破产银行集合 [ 8 12 25 29 31 32 38 42 43 46 49 51 52 54 56 63 65 87 89]
破产银行数 19
净资产 1075076320.40597
正常的银行集合 [ 0  1  2  3  4  5  6  7  9 10 11 13 14 15 16 17 18 19 20 21 22 23 24 26
 27 28 30 33 34 35 36 37 39 40 41 44 45 47 48 50 53 55 57 58 59 60 61 62
 64 66 67 68 69 70 71 72 73 74 75 76 77 78 79 80 81 82 83 84 85 86 88 90]
总流动性 438223175.7700404
*************************************
epoch: 41
破产银行集合 [ 8 12 25 29 31 32 38 42 43 46 49 51 52 54 56 63 65 87 89]
破产银行数 19
净资产 1074909500.7700405
正常的银行集合 [ 0  1  2  3  4  5  6  7  9 10 11 13 14 15 16 17 18 19 20 21 22 23 24 26
 27 28 30 33 34 35 36 37 39 40 41 44 45 47 48 50 53 55 57 58 59 60 61 62
 64 66 67 68 69 70 71 72 73 74 75 76 77 78 79 80 81 82 83 84 85 86 88 90]
总流动性 438108490.72642773
*************************************
epoch: 42
破产银行集合 [ 8 12 25 29 31 32 38 42 43 46 49 51 52 54 56 63 65 87 89]
破产银行数 19
净资产 1074794815.7264276
正常的银行集合 [ 0  1  2  3  4  5  6  7  9 10 11 13 14 15 16 17 18 19 20 21 22 23 24 26
 27 28 30 33 34 35 36 37 39 40 41 44 45 47 48 50 53 55 57 58 59 60 61 62
 64 66 67 68 69 70 71 72 73 74 75 76 77 78 79 80 81 82 83 84 85 86 88 90]
总流动性 437950393.91774356
*************************************
epoch: 43
破产银行集合 [ 8 12 25 29 31 32 38 42 43 46 49 51 52 54 56 63 65 87 89]
破产银行数 19
净资产 1074636718.9177437
正常的银行集合 [ 0  1  2  3  4  5  6  7  9 10 11 13 14 15 16 17 18 19 20 21 22 23 24 26
 27 28 30 33 34 35 36 37 39 40 41 44 45 47 48 50 53 55 57 58 59 60 61 62
 64 66 67 68 69 70 71 72 73 74 75 76 77 78 79 80 81 82 83 84 85 86 88 90]
总流动性 437773827.06303
*************************************
epoch: 44
破产银行集合 [ 8 12 25 29 31 32 38 42 43 46 49 51 52 54 56 63 65 87 89]
破产银行数 19
净资产 1074460152.06303
正常的银行集合 [ 0  1  2  3  4  5  6  7  9 10 11 13 14 15 16 17 18 19 20 21 22 23 24 26
 27 28 30 33 34 35 36 37 39 40 41 44 45 47 48 50 53 55 57 58 59 60 61 62
 64 66 67 68 69 70 71 72 73 74 75 76 77 78 79 80 81 82 83 84 85 86 88 90]
总流动性 437600263.83045053
*************************************
epoch: 45
破产银行集合 [ 8 12 25 29 31 32 38 42 43 46 49 51 52 54 56 63 65 87 89]
破产银行数 19
净资产 1074286588.8304508
正常的银行集合 [ 0  1  2  3  4  5  6  7  9 10 11 13 14 15 16 17 18 19 20 21 22 23 24 26
 27 28 30 33 34 35 36 37 39 40 41 44 45 47 48 50 53 55 57 58 59 60 61 62
 64 66 67 68 69 70 71 72 73 74 75 76 77 78 79 80 81 82 83 84 85 86 88 90]
总流动性 437466034.61342615
*************************************
epoch: 46
破产银行集合 [ 8 12 25 29 31 32 38 42 43 46 49 51 52 54 56 63 65 87 89]
破产银行数 19
净资产 1074152359.6134262
正常的银行集合 [ 0  1  2  3  4  5  6  7  9 10 11 13 14 15 16 17 18 19 20 21 22 23 24 26
 27 28 30 33 34 35 36 37 39 40 41 44 45 47 48 50 53 55 57 58 59 60 61 62
 64 66 67 68 69 70 71 72 73 74 75 76 77 78 79 80 81 82 83 84 85 86 88 90]
总流动性 437445066.18666273
*************************************
epoch: 47
破产银行集合 [ 8 12 25 29 31 32 38 42 43 46 49 51 52 54 56 63 65 87 89]
破产银行数 19
净资产 1074131391.1866627
正常的银行集合 [ 0  1  2  3  4  5  6  7  9 10 11 13 14 15 16 17 18 19 20 21 22 23 24 26
 27 28 30 33 34 35 36 37 39 40 41 44 45 47 48 50 53 55 57 58 59 60 61 62
 64 66 67 68 69 70 71 72 73 74 75 76 77 78 79 80 81 82 83 84 85 86 88 90]
总流动性 437332684.63132817
*************************************
epoch: 48
破产银行集合 [ 8 12 25 29 31 32 38 42 43 46 49 51 52 54 56 63 65 87 89]
破产银行数 19
净资产 1074019009.631328
正常的银行集合 [ 0  1  2  3  4  5  6  7  9 10 11 13 14 15 16 17 18 19 20 21 22 23 24 26
 27 28 30 33 34 35 36 37 39 40 41 44 45 47 48 50 53 55 57 58 59 60 61 62
 64 66 67 68 69 70 71 72 73 74 75 76 77 78 79 80 81 82 83 84 85 86 88 90]
总流动性 437319291.00203997
*************************************
epoch: 49
破产银行集合 [ 8 12 25 29 31 32 38 42 43 46 49 51 52 54 56 63 65 87 89]
破产银行数 19
净资产 1074005616.00204
正常的银行集合 [ 0  1  2  3  4  5  6  7  9 10 11 13 14 15 16 17 18 19 20 21 22 23 24 26
 27 28 30 33 34 35 36 37 39 40 41 44 45 47 48 50 53 55 57 58 59 60 61 62
 64 66 67 68 69 70 71 72 73 74 75 76 77 78 79 80 81 82 83 84 85 86 88 90]
总流动性 437233591.89847386
*************************************
epoch: 50
破产银行集合 [ 8 12 25 29 31 32 38 42 43 46 49 51 52 54 56 63 65 87 89]
破产银行数 19
净资产 1073919916.8984737
正常的银行集合 [ 0  1  2  3  4  5  6  7  9 10 11 13 14 15 16 17 18 19 20 21 22 23 24 26
 27 28 30 33 34 35 36 37 39 40 41 44 45 47 48 50 53 55 57 58 59 60 61 62
 64 66 67 68 69 70 71 72 73 74 75 76 77 78 79 80 81 82 83 84 85 86 88 90]
总流动性 437204236.47124183
*************************************
epoch: 51
破产银行集合 [ 8 12 25 29 31 32 38 42 43 46 49 51 52 54 56 63 65 87 89]
破产银行数 19
净资产 1073890561.4712417
正常的银行集合 [ 0  1  2  3  4  5  6  7  9 10 11 13 14 15 16 17 18 19 20 21 22 23 24 26
 27 28 30 33 34 35 36 37 39 40 41 44 45 47 48 50 53 55 57 58 59 60 61 62
 64 66 67 68 69 70 71 72 73 74 75 76 77 78 79 80 81 82 83 84 85 86 88 90]
总流动性 437129131.61316377
*************************************
epoch: 52
破产银行集合 [ 8 12 25 29 31 32 38 42 43 46 49 51 52 54 56 63 65 87 89]
破产银行数 19
净资产 1073815456.6131637
正常的银行集合 [ 0  1  2  3  4  5  6  7  9 10 11 13 14 15 16 17 18 19 20 21 22 23 24 26
 27 28 30 33 34 35 36 37 39 40 41 44 45 47 48 50 53 55 57 58 59 60 61 62
 64 66 67 68 69 70 71 72 73 74 75 76 77 78 79 80 81 82 83 84 85 86 88 90]
总流动性 437078693.6571138
*************************************
epoch: 53
破产银行集合 [ 8 12 25 29 31 32 38 42 43 46 49 51 52 54 56 63 65 87 89]
破产银行数 19
净资产 1073765018.6571138
正常的银行集合 [ 0  1  2  3  4  5  6  7  9 10 11 13 14 15 16 17 18 19 20 21 22 23 24 26
 27 28 30 33 34 35 36 37 39 40 41 44 45 47 48 50 53 55 57 58 59 60 61 62
 64 66 67 68 69 70 71 72 73 74 75 76 77 78 79 80 81 82 83 84 85 86 88 90]
总流动性 437025765.7852947
*************************************
epoch: 54
破产银行集合 [ 8 12 25 29 31 32 38 42 43 46 49 51 52 54 56 63 65 87 89]
破产银行数 19
净资产 1073712090.7852949
正常的银行集合 [ 0  1  2  3  4  5  6  7  9 10 11 13 14 15 16 17 18 19 20 21 22 23 24 26
 27 28 30 33 34 35 36 37 39 40 41 44 45 47 48 50 53 55 57 58 59 60 61 62
 64 66 67 68 69 70 71 72 73 74 75 76 77 78 79 80 81 82 83 84 85 86 88 90]
总流动性 436974546.6609196
*************************************
epoch: 55
破产银行集合 [ 8 12 25 29 31 32 38 42 43 46 49 51 52 54 56 63 65 87 89]
破产银行数 19
净资产 1073660871.6609197
正常的银行集合 [ 0  1  2  3  4  5  6  7  9 10 11 13 14 15 16 17 18 19 20 21 22 23 24 26
 27 28 30 33 34 35 36 37 39 40 41 44 45 47 48 50 53 55 57 58 59 60 61 62
 64 66 67 68 69 70 71 72 73 74 75 76 77 78 79 80 81 82 83 84 85 86 88 90]
总流动性 436952880.88335305
*************************************
epoch: 56
破产银行集合 [ 8 12 25 29 31 32 38 42 43 46 49 51 52 54 56 63 65 87 89]
破产银行数 19
净资产 1073639205.8833531
正常的银行集合 [ 0  1  2  3  4  5  6  7  9 10 11 13 14 15 16 17 18 19 20 21 22 23 24 26
 27 28 30 33 34 35 36 37 39 40 41 44 45 47 48 50 53 55 57 58 59 60 61 62
 64 66 67 68 69 70 71 72 73 74 75 76 77 78 79 80 81 82 83 84 85 86 88 90]
总流动性 436881197.9014975
*************************************
epoch: 57
破产银行集合 [ 8 12 25 29 31 32 38 42 43 46 49 51 52 54 56 63 65 87 89]
破产银行数 19
净资产 1073567522.9014976
正常的银行集合 [ 0  1  2  3  4  5  6  7  9 10 11 13 14 15 16 17 18 19 20 21 22 23 24 26
 27 28 30 33 34 35 36 37 39 40 41 44 45 47 48 50 53 55 57 58 59 60 61 62
 64 66 67 68 69 70 71 72 73 74 75 76 77 78 79 80 81 82 83 84 85 86 88 90]
总流动性 436840551.3859442
*************************************
epoch: 58
破产银行集合 [ 8 12 25 29 31 32 38 42 43 46 49 51 52 54 56 63 65 87 89]
破产银行数 19
净资产 1073526876.3859444
正常的银行集合 [ 0  1  2  3  4  5  6  7  9 10 11 13 14 15 16 17 18 19 20 21 22 23 24 26
 27 28 30 33 34 35 36 37 39 40 41 44 45 47 48 50 53 55 57 58 59 60 61 62
 64 66 67 68 69 70 71 72 73 74 75 76 77 78 79 80 81 82 83 84 85 86 88 90]
总流动性 436810755.43410665
*************************************
epoch: 59
破产银行集合 [ 8 12 25 29 31 32 38 42 43 46 49 51 52 54 56 63 65 87 89]
破产银行数 19
净资产 1073497080.4341066
正常的银行集合 [ 0  1  2  3  4  5  6  7  9 10 11 13 14 15 16 17 18 19 20 21 22 23 24 26
 27 28 30 33 34 35 36 37 39 40 41 44 45 47 48 50 53 55 57 58 59 60 61 62
 64 66 67 68 69 70 71 72 73 74 75 76 77 78 79 80 81 82 83 84 85 86 88 90]
总流动性 436783061.64593554
*************************************
epoch: 60
破产银行集合 [ 8 12 25 29 31 32 38 42 43 46 49 51 52 54 56 63 65 87 89]
破产银行数 19
净资产 1073469386.6459358
正常的银行集合 [ 0  1  2  3  4  5  6  7  9 10 11 13 14 15 16 17 18 19 20 21 22 23 24 26
 27 28 30 33 34 35 36 37 39 40 41 44 45 47 48 50 53 55 57 58 59 60 61 62
 64 66 67 68 69 70 71 72 73 74 75 76 77 78 79 80 81 82 83 84 85 86 88 90]
总流动性 436763176.41411436
*************************************
epoch: 61
破产银行集合 [ 8 12 25 29 31 32 38 42 43 46 49 51 52 54 56 63 65 87 89]
破产银行数 19
净资产 1073449501.4141142
正常的银行集合 [ 0  1  2  3  4  5  6  7  9 10 11 13 14 15 16 17 18 19 20 21 22 23 24 26
 27 28 30 33 34 35 36 37 39 40 41 44 45 47 48 50 53 55 57 58 59 60 61 62
 64 66 67 68 69 70 71 72 73 74 75 76 77 78 79 80 81 82 83 84 85 86 88 90]
总流动性 436726861.3059209
*************************************
epoch: 62
破产银行集合 [ 8 12 25 29 31 32 38 42 43 46 49 51 52 54 56 63 65 87 89]
破产银行数 19
净资产 1073413186.3059208
正常的银行集合 [ 0  1  2  3  4  5  6  7  9 10 11 13 14 15 16 17 18 19 20 21 22 23 24 26
 27 28 30 33 34 35 36 37 39 40 41 44 45 47 48 50 53 55 57 58 59 60 61 62
 64 66 67 68 69 70 71 72 73 74 75 76 77 78 79 80 81 82 83 84 85 86 88 90]
总流动性 436709747.20440173
*************************************
epoch: 63
破产银行集合 [ 8 12 25 29 31 32 38 42 43 46 49 51 52 54 56 63 65 87 89]
破产银行数 19
净资产 1073396072.2044017
正常的银行集合 [ 0  1  2  3  4  5  6  7  9 10 11 13 14 15 16 17 18 19 20 21 22 23 24 26
 27 28 30 33 34 35 36 37 39 40 41 44 45 47 48 50 53 55 57 58 59 60 61 62
 64 66 67 68 69 70 71 72 73 74 75 76 77 78 79 80 81 82 83 84 85 86 88 90]
总流动性 436709154.390903
*************************************
epoch: 64
破产银行集合 [ 8 12 25 29 31 32 38 42 43 46 49 51 52 54 56 63 65 87 89]
破产银行数 19
净资产 1073395479.390903
正常的银行集合 [ 0  1  2  3  4  5  6  7  9 10 11 13 14 15 16 17 18 19 20 21 22 23 24 26
 27 28 30 33 34 35 36 37 39 40 41 44 45 47 48 50 53 55 57 58 59 60 61 62
 64 66 67 68 69 70 71 72 73 74 75 76 77 78 79 80 81 82 83 84 85 86 88 90]
总流动性 436677905.62819386
*************************************
epoch: 65
破产银行集合 [ 8 12 25 29 31 32 38 42 43 46 49 51 52 54 56 63 65 87 89]
破产银行数 19
净资产 1073364230.6281939
正常的银行集合 [ 0  1  2  3  4  5  6  7  9 10 11 13 14 15 16 17 18 19 20 21 22 23 24 26
 27 28 30 33 34 35 36 37 39 40 41 44 45 47 48 50 53 55 57 58 59 60 61 62
 64 66 67 68 69 70 71 72 73 74 75 76 77 78 79 80 81 82 83 84 85 86 88 90]
总流动性 436637542.4389088
*************************************
epoch: 66
破产银行集合 [ 8 12 25 29 31 32 38 42 43 46 49 51 52 54 56 63 65 87 89]
破产银行数 19
净资产 1073323867.4389089
正常的银行集合 [ 0  1  2  3  4  5  6  7  9 10 11 13 14 15 16 17 18 19 20 21 22 23 24 26
 27 28 30 33 34 35 36 37 39 40 41 44 45 47 48 50 53 55 57 58 59 60 61 62
 64 66 67 68 69 70 71 72 73 74 75 76 77 78 79 80 81 82 83 84 85 86 88 90]
总流动性 436608082.8478923
*************************************
epoch: 67
破产银行集合 [ 8 12 25 29 31 32 38 42 43 46 49 51 52 54 56 63 65 87 89]
破产银行数 19
净资产 1073294407.8478924
正常的银行集合 [ 0  1  2  3  4  5  6  7  9 10 11 13 14 15 16 17 18 19 20 21 22 23 24 26
 27 28 30 33 34 35 36 37 39 40 41 44 45 47 48 50 53 55 57 58 59 60 61 62
 64 66 67 68 69 70 71 72 73 74 75 76 77 78 79 80 81 82 83 84 85 86 88 90]
总流动性 436579929.67892265
*************************************
epoch: 68
破产银行集合 [ 8 12 25 29 31 32 38 42 43 46 49 51 52 54 56 63 65 87 89]
破产银行数 19
净资产 1073266254.6789227
正常的银行集合 [ 0  1  2  3  4  5  6  7  9 10 11 13 14 15 16 17 18 19 20 21 22 23 24 26
 27 28 30 33 34 35 36 37 39 40 41 44 45 47 48 50 53 55 57 58 59 60 61 62
 64 66 67 68 69 70 71 72 73 74 75 76 77 78 79 80 81 82 83 84 85 86 88 90]
总流动性 436570306.12291014
*************************************
epoch: 69
破产银行集合 [ 8 12 25 29 31 32 38 42 43 46 49 51 52 54 56 63 65 87 89]
破产银行数 19
净资产 1073256631.12291
正常的银行集合 [ 0  1  2  3  4  5  6  7  9 10 11 13 14 15 16 17 18 19 20 21 22 23 24 26
 27 28 30 33 34 35 36 37 39 40 41 44 45 47 48 50 53 55 57 58 59 60 61 62
 64 66 67 68 69 70 71 72 73 74 75 76 77 78 79 80 81 82 83 84 85 86 88 90]
总流动性 436565980.23283434
*************************************
epoch: 70
破产银行集合 [ 8 12 25 29 31 32 38 42 43 46 49 51 52 54 56 63 65 87 89]
破产银行数 19
净资产 1073252305.2328343
正常的银行集合 [ 0  1  2  3  4  5  6  7  9 10 11 13 14 15 16 17 18 19 20 21 22 23 24 26
 27 28 30 33 34 35 36 37 39 40 41 44 45 47 48 50 53 55 57 58 59 60 61 62
 64 66 67 68 69 70 71 72 73 74 75 76 77 78 79 80 81 82 83 84 85 86 88 90]
总流动性 436541022.2845045
*************************************
epoch: 71
破产银行集合 [ 8 12 25 29 31 32 38 42 43 46 49 51 52 54 56 63 65 87 89]
破产银行数 19
净资产 1073227347.2845043
正常的银行集合 [ 0  1  2  3  4  5  6  7  9 10 11 13 14 15 16 17 18 19 20 21 22 23 24 26
 27 28 30 33 34 35 36 37 39 40 41 44 45 47 48 50 53 55 57 58 59 60 61 62
 64 66 67 68 69 70 71 72 73 74 75 76 77 78 79 80 81 82 83 84 85 86 88 90]
总流动性 436491060.106802
*************************************
epoch: 72
破产银行集合 [ 8 12 25 29 31 32 38 42 43 46 49 51 52 54 56 63 65 87 89]
破产银行数 19
净资产 1073177385.106802
正常的银行集合 [ 0  1  2  3  4  5  6  7  9 10 11 13 14 15 16 17 18 19 20 21 22 23 24 26
 27 28 30 33 34 35 36 37 39 40 41 44 45 47 48 50 53 55 57 58 59 60 61 62
 64 66 67 68 69 70 71 72 73 74 75 76 77 78 79 80 81 82 83 84 85 86 88 90]
总流动性 436461487.26673675
*************************************
epoch: 73
破产银行集合 [ 8 12 25 29 31 32 38 42 43 46 49 51 52 54 56 63 65 87 89]
破产银行数 19
净资产 1073147812.2667366
正常的银行集合 [ 0  1  2  3  4  5  6  7  9 10 11 13 14 15 16 17 18 19 20 21 22 23 24 26
 27 28 30 33 34 35 36 37 39 40 41 44 45 47 48 50 53 55 57 58 59 60 61 62
 64 66 67 68 69 70 71 72 73 74 75 76 77 78 79 80 81 82 83 84 85 86 88 90]
总流动性 436426025.4214973
*************************************
epoch: 74
破产银行集合 [ 8 12 25 29 31 32 38 42 43 46 49 51 52 54 56 63 65 87 89]
破产银行数 19
净资产 1073112350.4214973
正常的银行集合 [ 0  1  2  3  4  5  6  7  9 10 11 13 14 15 16 17 18 19 20 21 22 23 24 26
 27 28 30 33 34 35 36 37 39 40 41 44 45 47 48 50 53 55 57 58 59 60 61 62
 64 66 67 68 69 70 71 72 73 74 75 76 77 78 79 80 81 82 83 84 85 86 88 90]
总流动性 436426918.18264455
*************************************
epoch: 75
破产银行集合 [ 8 12 25 29 31 32 38 42 43 46 49 51 52 54 56 63 65 87 89]
破产银行数 19
净资产 1073113243.1826446
正常的银行集合 [ 0  1  2  3  4  5  6  7  9 10 11 13 14 15 16 17 18 19 20 21 22 23 24 26
 27 28 30 33 34 35 36 37 39 40 41 44 45 47 48 50 53 55 57 58 59 60 61 62
 64 66 67 68 69 70 71 72 73 74 75 76 77 78 79 80 81 82 83 84 85 86 88 90]
总流动性 436427184.7459299
*************************************
epoch: 76
破产银行集合 [ 8 12 25 29 31 32 38 42 43 46 49 51 52 54 56 63 65 87 89]
破产银行数 19
净资产 1073113509.7459297
正常的银行集合 [ 0  1  2  3  4  5  6  7  9 10 11 13 14 15 16 17 18 19 20 21 22 23 24 26
 27 28 30 33 34 35 36 37 39 40 41 44 45 47 48 50 53 55 57 58 59 60 61 62
 64 66 67 68 69 70 71 72 73 74 75 76 77 78 79 80 81 82 83 84 85 86 88 90]
总流动性 436417928.9347184
*************************************
epoch: 77
破产银行集合 [ 8 12 25 29 31 32 38 42 43 46 49 51 52 54 56 63 65 87 89]
破产银行数 19
净资产 1073104253.9347186
正常的银行集合 [ 0  1  2  3  4  5  6  7  9 10 11 13 14 15 16 17 18 19 20 21 22 23 24 26
 27 28 30 33 34 35 36 37 39 40 41 44 45 47 48 50 53 55 57 58 59 60 61 62
 64 66 67 68 69 70 71 72 73 74 75 76 77 78 79 80 81 82 83 84 85 86 88 90]
总流动性 436391624.7451419
*************************************
epoch: 78
破产银行集合 [ 8 12 25 29 31 32 38 42 43 46 49 51 52 54 56 63 65 87 89]
破产银行数 19
净资产 1073077949.7451419
正常的银行集合 [ 0  1  2  3  4  5  6  7  9 10 11 13 14 15 16 17 18 19 20 21 22 23 24 26
 27 28 30 33 34 35 36 37 39 40 41 44 45 47 48 50 53 55 57 58 59 60 61 62
 64 66 67 68 69 70 71 72 73 74 75 76 77 78 79 80 81 82 83 84 85 86 88 90]
总流动性 436383144.6234073
*************************************
epoch: 79
破产银行集合 [ 8 12 25 29 31 32 38 42 43 46 49 51 52 54 56 63 65 87 89]
破产银行数 19
净资产 1073069469.6234072
正常的银行集合 [ 0  1  2  3  4  5  6  7  9 10 11 13 14 15 16 17 18 19 20 21 22 23 24 26
 27 28 30 33 34 35 36 37 39 40 41 44 45 47 48 50 53 55 57 58 59 60 61 62
 64 66 67 68 69 70 71 72 73 74 75 76 77 78 79 80 81 82 83 84 85 86 88 90]
总流动性 436369793.2253652
*************************************
epoch: 80
破产银行集合 [ 8 12 25 29 31 32 38 42 43 46 49 51 52 54 56 63 65 87 89]
破产银行数 19
净资产 1073056118.225365
正常的银行集合 [ 0  1  2  3  4  5  6  7  9 10 11 13 14 15 16 17 18 19 20 21 22 23 24 26
 27 28 30 33 34 35 36 37 39 40 41 44 45 47 48 50 53 55 57 58 59 60 61 62
 64 66 67 68 69 70 71 72 73 74 75 76 77 78 79 80 81 82 83 84 85 86 88 90]
总流动性 436357038.3492249
*************************************
epoch: 81
破产银行集合 [ 8 12 25 29 31 32 38 42 43 46 49 51 52 54 56 63 65 87 89]
破产银行数 19
净资产 1073043363.3492249
正常的银行集合 [ 0  1  2  3  4  5  6  7  9 10 11 13 14 15 16 17 18 19 20 21 22 23 24 26
 27 28 30 33 34 35 36 37 39 40 41 44 45 47 48 50 53 55 57 58 59 60 61 62
 64 66 67 68 69 70 71 72 73 74 75 76 77 78 79 80 81 82 83 84 85 86 88 90]
总流动性 436347286.76741713
*************************************
epoch: 82
破产银行集合 [ 8 12 25 29 31 32 38 42 43 46 49 51 52 54 56 63 65 87 89]
破产银行数 19
净资产 1073033611.7674172
正常的银行集合 [ 0  1  2  3  4  5  6  7  9 10 11 13 14 15 16 17 18 19 20 21 22 23 24 26
 27 28 30 33 34 35 36 37 39 40 41 44 45 47 48 50 53 55 57 58 59 60 61 62
 64 66 67 68 69 70 71 72 73 74 75 76 77 78 79 80 81 82 83 84 85 86 88 90]
总流动性 436339708.1967032
*************************************
epoch: 83
破产银行集合 [ 8 12 25 29 31 32 38 42 43 46 49 51 52 54 56 63 65 87 89]
破产银行数 19
净资产 1073026033.1967032
正常的银行集合 [ 0  1  2  3  4  5  6  7  9 10 11 13 14 15 16 17 18 19 20 21 22 23 24 26
 27 28 30 33 34 35 36 37 39 40 41 44 45 47 48 50 53 55 57 58 59 60 61 62
 64 66 67 68 69 70 71 72 73 74 75 76 77 78 79 80 81 82 83 84 85 86 88 90]
总流动性 436333255.73253167
*************************************
epoch: 84
破产银行集合 [ 8 12 25 29 31 32 38 42 43 46 49 51 52 54 56 63 65 87 89]
破产银行数 19
净资产 1073019580.7325317
正常的银行集合 [ 0  1  2  3  4  5  6  7  9 10 11 13 14 15 16 17 18 19 20 21 22 23 24 26
 27 28 30 33 34 35 36 37 39 40 41 44 45 47 48 50 53 55 57 58 59 60 61 62
 64 66 67 68 69 70 71 72 73 74 75 76 77 78 79 80 81 82 83 84 85 86 88 90]
总流动性 436320718.97277343
*************************************
epoch: 85
破产银行集合 [ 8 12 25 29 31 32 38 42 43 46 49 51 52 54 56 63 65 87 89]
破产银行数 19
净资产 1073007043.9727733
正常的银行集合 [ 0  1  2  3  4  5  6  7  9 10 11 13 14 15 16 17 18 19 20 21 22 23 24 26
 27 28 30 33 34 35 36 37 39 40 41 44 45 47 48 50 53 55 57 58 59 60 61 62
 64 66 67 68 69 70 71 72 73 74 75 76 77 78 79 80 81 82 83 84 85 86 88 90]
总流动性 436322402.9203673
*************************************
epoch: 86
破产银行集合 [ 8 12 25 29 31 32 38 42 43 46 49 51 52 54 56 63 65 87 89]
破产银行数 19
净资产 1073008727.9203672
正常的银行集合 [ 0  1  2  3  4  5  6  7  9 10 11 13 14 15 16 17 18 19 20 21 22 23 24 26
 27 28 30 33 34 35 36 37 39 40 41 44 45 47 48 50 53 55 57 58 59 60 61 62
 64 66 67 68 69 70 71 72 73 74 75 76 77 78 79 80 81 82 83 84 85 86 88 90]
总流动性 436311177.06242114
*************************************
epoch: 87
破产银行集合 [ 8 12 25 29 31 32 38 42 43 46 49 51 52 54 56 63 65 87 89]
破产银行数 19
净资产 1072997502.0624211
正常的银行集合 [ 0  1  2  3  4  5  6  7  9 10 11 13 14 15 16 17 18 19 20 21 22 23 24 26
 27 28 30 33 34 35 36 37 39 40 41 44 45 47 48 50 53 55 57 58 59 60 61 62
 64 66 67 68 69 70 71 72 73 74 75 76 77 78 79 80 81 82 83 84 85 86 88 90]
总流动性 436306435.2309302
*************************************
epoch: 88
破产银行集合 [ 8 12 25 29 31 32 38 42 43 46 49 51 52 54 56 63 65 87 89]
破产银行数 19
净资产 1072992760.2309303
正常的银行集合 [ 0  1  2  3  4  5  6  7  9 10 11 13 14 15 16 17 18 19 20 21 22 23 24 26
 27 28 30 33 34 35 36 37 39 40 41 44 45 47 48 50 53 55 57 58 59 60 61 62
 64 66 67 68 69 70 71 72 73 74 75 76 77 78 79 80 81 82 83 84 85 86 88 90]
总流动性 436297863.0202504
*************************************
epoch: 89
破产银行集合 [ 8 12 25 29 31 32 38 42 43 46 49 51 52 54 56 63 65 87 89]
破产银行数 19
净资产 1072984188.0202503
正常的银行集合 [ 0  1  2  3  4  5  6  7  9 10 11 13 14 15 16 17 18 19 20 21 22 23 24 26
 27 28 30 33 34 35 36 37 39 40 41 44 45 47 48 50 53 55 57 58 59 60 61 62
 64 66 67 68 69 70 71 72 73 74 75 76 77 78 79 80 81 82 83 84 85 86 88 90]
总流动性 436291830.6952471
*************************************
epoch: 90
破产银行集合 [ 8 12 25 29 31 32 38 42 43 46 49 51 52 54 56 63 65 87 89]
破产银行数 19
净资产 1072978155.695247
正常的银行集合 [ 0  1  2  3  4  5  6  7  9 10 11 13 14 15 16 17 18 19 20 21 22 23 24 26
 27 28 30 33 34 35 36 37 39 40 41 44 45 47 48 50 53 55 57 58 59 60 61 62
 64 66 67 68 69 70 71 72 73 74 75 76 77 78 79 80 81 82 83 84 85 86 88 90]
总流动性 436282997.39449555
*************************************
epoch: 91
破产银行集合 [ 8 12 25 29 31 32 38 42 43 46 49 51 52 54 56 63 65 87 89]
破产银行数 19
净资产 1072969322.3944954
正常的银行集合 [ 0  1  2  3  4  5  6  7  9 10 11 13 14 15 16 17 18 19 20 21 22 23 24 26
 27 28 30 33 34 35 36 37 39 40 41 44 45 47 48 50 53 55 57 58 59 60 61 62
 64 66 67 68 69 70 71 72 73 74 75 76 77 78 79 80 81 82 83 84 85 86 88 90]
总流动性 436279446.50631267
*************************************
epoch: 92
破产银行集合 [ 8 12 25 29 31 32 38 42 43 46 49 51 52 54 56 63 65 87 89]
破产银行数 19
净资产 1072965771.5063126
正常的银行集合 [ 0  1  2  3  4  5  6  7  9 10 11 13 14 15 16 17 18 19 20 21 22 23 24 26
 27 28 30 33 34 35 36 37 39 40 41 44 45 47 48 50 53 55 57 58 59 60 61 62
 64 66 67 68 69 70 71 72 73 74 75 76 77 78 79 80 81 82 83 84 85 86 88 90]
总流动性 436276912.87046665
*************************************
epoch: 93
破产银行集合 [ 8 12 25 29 31 32 38 42 43 46 49 51 52 54 56 63 65 87 89]
破产银行数 19
净资产 1072963237.8704666
正常的银行集合 [ 0  1  2  3  4  5  6  7  9 10 11 13 14 15 16 17 18 19 20 21 22 23 24 26
 27 28 30 33 34 35 36 37 39 40 41 44 45 47 48 50 53 55 57 58 59 60 61 62
 64 66 67 68 69 70 71 72 73 74 75 76 77 78 79 80 81 82 83 84 85 86 88 90]
总流动性 436275856.5837619
*************************************
epoch: 94
破产银行集合 [ 8 12 25 29 31 32 38 42 43 46 49 51 52 54 56 63 65 87 89]
破产银行数 19
净资产 1072962181.5837619
正常的银行集合 [ 0  1  2  3  4  5  6  7  9 10 11 13 14 15 16 17 18 19 20 21 22 23 24 26
 27 28 30 33 34 35 36 37 39 40 41 44 45 47 48 50 53 55 57 58 59 60 61 62
 64 66 67 68 69 70 71 72 73 74 75 76 77 78 79 80 81 82 83 84 85 86 88 90]
总流动性 436273703.0851488
*************************************
epoch: 95
破产银行集合 [ 8 12 25 29 31 32 38 42 43 46 49 51 52 54 56 63 65 87 89]
破产银行数 19
净资产 1072960028.0851488
正常的银行集合 [ 0  1  2  3  4  5  6  7  9 10 11 13 14 15 16 17 18 19 20 21 22 23 24 26
 27 28 30 33 34 35 36 37 39 40 41 44 45 47 48 50 53 55 57 58 59 60 61 62
 64 66 67 68 69 70 71 72 73 74 75 76 77 78 79 80 81 82 83 84 85 86 88 90]
总流动性 436268759.92753655
*************************************
epoch: 96
破产银行集合 [ 8 12 25 29 31 32 38 42 43 46 49 51 52 54 56 63 65 87 89]
破产银行数 19
净资产 1072955084.9275367
正常的银行集合 [ 0  1  2  3  4  5  6  7  9 10 11 13 14 15 16 17 18 19 20 21 22 23 24 26
 27 28 30 33 34 35 36 37 39 40 41 44 45 47 48 50 53 55 57 58 59 60 61 62
 64 66 67 68 69 70 71 72 73 74 75 76 77 78 79 80 81 82 83 84 85 86 88 90]
总流动性 436266568.27454644
*************************************
epoch: 97
破产银行集合 [ 8 12 25 29 31 32 38 42 43 46 49 51 52 54 56 63 65 87 89]
破产银行数 19
净资产 1072952893.2745463
正常的银行集合 [ 0  1  2  3  4  5  6  7  9 10 11 13 14 15 16 17 18 19 20 21 22 23 24 26
 27 28 30 33 34 35 36 37 39 40 41 44 45 47 48 50 53 55 57 58 59 60 61 62
 64 66 67 68 69 70 71 72 73 74 75 76 77 78 79 80 81 82 83 84 85 86 88 90]
总流动性 436264126.7681058
*************************************
epoch: 98
破产银行集合 [ 8 12 25 29 31 32 38 42 43 46 49 51 52 54 56 63 65 87 89]
破产银行数 19
净资产 1072950451.7681057
正常的银行集合 [ 0  1  2  3  4  5  6  7  9 10 11 13 14 15 16 17 18 19 20 21 22 23 24 26
 27 28 30 33 34 35 36 37 39 40 41 44 45 47 48 50 53 55 57 58 59 60 61 62
 64 66 67 68 69 70 71 72 73 74 75 76 77 78 79 80 81 82 83 84 85 86 88 90]
总流动性 436263275.12934023
*************************************
epoch: 99
破产银行集合 [ 8 12 25 29 31 32 38 42 43 46 49 51 52 54 56 63 65 87 89]
破产银行数 19
净资产 1072949600.1293399
正常的银行集合 [ 0  1  2  3  4  5  6  7  9 10 11 13 14 15 16 17 18 19 20 21 22 23 24 26
 27 28 30 33 34 35 36 37 39 40 41 44 45 47 48 50 53 55 57 58 59 60 61 62
 64 66 67 68 69 70 71 72 73 74 75 76 77 78 79 80 81 82 83 84 85 86 88 90]
总流动性 436261622.01500875
*************************************
epoch: 100
破产银行集合 [ 8 12 25 29 31 32 38 42 43 46 49 51 52 54 56 63 65 87 89]
破产银行数 19
净资产 1072947947.0150088
正常的银行集合 [ 0  1  2  3  4  5  6  7  9 10 11 13 14 15 16 17 18 19 20 21 22 23 24 26
 27 28 30 33 34 35 36 37 39 40 41 44 45 47 48 50 53 55 57 58 59 60 61 62
 64 66 67 68 69 70 71 72 73 74 75 76 77 78 79 80 81 82 83 84 85 86 88 90]
总流动性 436260840.64276993
*************************************
epoch: 101
破产银行集合 [ 8 12 25 29 31 32 38 42 43 46 49 51 52 54 56 63 65 87 89]
破产银行数 19
净资产 1072947165.6427698
正常的银行集合 [ 0  1  2  3  4  5  6  7  9 10 11 13 14 15 16 17 18 19 20 21 22 23 24 26
 27 28 30 33 34 35 36 37 39 40 41 44 45 47 48 50 53 55 57 58 59 60 61 62
 64 66 67 68 69 70 71 72 73 74 75 76 77 78 79 80 81 82 83 84 85 86 88 90]
总流动性 436258406.0003931
*************************************
epoch: 102
破产银行集合 [ 8 12 25 29 31 32 38 42 43 46 49 51 52 54 56 63 65 87 89]
破产银行数 19
净资产 1072944731.0003929
正常的银行集合 [ 0  1  2  3  4  5  6  7  9 10 11 13 14 15 16 17 18 19 20 21 22 23 24 26
 27 28 30 33 34 35 36 37 39 40 41 44 45 47 48 50 53 55 57 58 59 60 61 62
 64 66 67 68 69 70 71 72 73 74 75 76 77 78 79 80 81 82 83 84 85 86 88 90]
总流动性 436254074.16403025
*************************************
epoch: 103
破产银行集合 [ 8 12 25 29 31 32 38 42 43 46 49 51 52 54 56 63 65 87 89]
破产银行数 19
净资产 1072940399.1640301
正常的银行集合 [ 0  1  2  3  4  5  6  7  9 10 11 13 14 15 16 17 18 19 20 21 22 23 24 26
 27 28 30 33 34 35 36 37 39 40 41 44 45 47 48 50 53 55 57 58 59 60 61 62
 64 66 67 68 69 70 71 72 73 74 75 76 77 78 79 80 81 82 83 84 85 86 88 90]
总流动性 436252584.5497311
*************************************
epoch: 104
破产银行集合 [ 8 12 25 29 31 32 38 42 43 46 49 51 52 54 56 63 65 87 89]
破产银行数 19
净资产 1072938909.5497313
正常的银行集合 [ 0  1  2  3  4  5  6  7  9 10 11 13 14 15 16 17 18 19 20 21 22 23 24 26
 27 28 30 33 34 35 36 37 39 40 41 44 45 47 48 50 53 55 57 58 59 60 61 62
 64 66 67 68 69 70 71 72 73 74 75 76 77 78 79 80 81 82 83 84 85 86 88 90]
总流动性 436252610.5553532
*************************************
epoch: 105
破产银行集合 [ 8 12 25 29 31 32 38 42 43 46 49 51 52 54 56 63 65 87 89]
破产银行数 19
净资产 1072938935.5553534
正常的银行集合 [ 0  1  2  3  4  5  6  7  9 10 11 13 14 15 16 17 18 19 20 21 22 23 24 26
 27 28 30 33 34 35 36 37 39 40 41 44 45 47 48 50 53 55 57 58 59 60 61 62
 64 66 67 68 69 70 71 72 73 74 75 76 77 78 79 80 81 82 83 84 85 86 88 90]
总流动性 436251610.6624332
*************************************
epoch: 106
破产银行集合 [ 8 12 25 29 31 32 38 42 43 46 49 51 52 54 56 63 65 87 89]
破产银行数 19
净资产 1072937935.6624331
正常的银行集合 [ 0  1  2  3  4  5  6  7  9 10 11 13 14 15 16 17 18 19 20 21 22 23 24 26
 27 28 30 33 34 35 36 37 39 40 41 44 45 47 48 50 53 55 57 58 59 60 61 62
 64 66 67 68 69 70 71 72 73 74 75 76 77 78 79 80 81 82 83 84 85 86 88 90]
总流动性 436250611.8168927
*************************************
epoch: 107
破产银行集合 [ 8 12 25 29 31 32 38 42 43 46 49 51 52 54 56 63 65 87 89]
破产银行数 19
净资产 1072936936.8168927
正常的银行集合 [ 0  1  2  3  4  5  6  7  9 10 11 13 14 15 16 17 18 19 20 21 22 23 24 26
 27 28 30 33 34 35 36 37 39 40 41 44 45 47 48 50 53 55 57 58 59 60 61 62
 64 66 67 68 69 70 71 72 73 74 75 76 77 78 79 80 81 82 83 84 85 86 88 90]
总流动性 436250059.0886355
*************************************
epoch: 108
破产银行集合 [ 8 12 25 29 31 32 38 42 43 46 49 51 52 54 56 63 65 87 89]
破产银行数 19
净资产 1072936384.0886356
正常的银行集合 [ 0  1  2  3  4  5  6  7  9 10 11 13 14 15 16 17 18 19 20 21 22 23 24 26
 27 28 30 33 34 35 36 37 39 40 41 44 45 47 48 50 53 55 57 58 59 60 61 62
 64 66 67 68 69 70 71 72 73 74 75 76 77 78 79 80 81 82 83 84 85 86 88 90]
总流动性 436249351.5874966
*************************************
epoch: 109
破产银行集合 [ 8 12 25 29 31 32 38 42 43 46 49 51 52 54 56 63 65 87 89]
破产银行数 19
净资产 1072935676.5874966
正常的银行集合 [ 0  1  2  3  4  5  6  7  9 10 11 13 14 15 16 17 18 19 20 21 22 23 24 26
 27 28 30 33 34 35 36 37 39 40 41 44 45 47 48 50 53 55 57 58 59 60 61 62
 64 66 67 68 69 70 71 72 73 74 75 76 77 78 79 80 81 82 83 84 85 86 88 90]
总流动性 436248348.9150835
*************************************
epoch: 110
破产银行集合 [ 8 12 25 29 31 32 38 42 43 46 49 51 52 54 56 63 65 87 89]
破产银行数 19
净资产 1072934673.9150835
正常的银行集合 [ 0  1  2  3  4  5  6  7  9 10 11 13 14 15 16 17 18 19 20 21 22 23 24 26
 27 28 30 33 34 35 36 37 39 40 41 44 45 47 48 50 53 55 57 58 59 60 61 62
 64 66 67 68 69 70 71 72 73 74 75 76 77 78 79 80 81 82 83 84 85 86 88 90]
总流动性 436246857.4416871
*************************************
epoch: 111
破产银行集合 [ 8 12 25 29 31 32 38 42 43 46 49 51 52 54 56 63 65 87 89]
破产银行数 19
净资产 1072933182.4416869
正常的银行集合 [ 0  1  2  3  4  5  6  7  9 10 11 13 14 15 16 17 18 19 20 21 22 23 24 26
 27 28 30 33 34 35 36 37 39 40 41 44 45 47 48 50 53 55 57 58 59 60 61 62
 64 66 67 68 69 70 71 72 73 74 75 76 77 78 79 80 81 82 83 84 85 86 88 90]
总流动性 436245744.54153883
*************************************
epoch: 112
破产银行集合 [ 8 12 25 29 31 32 38 42 43 46 49 51 52 54 56 63 65 87 89]
破产银行数 19
净资产 1072932069.5415388
正常的银行集合 [ 0  1  2  3  4  5  6  7  9 10 11 13 14 15 16 17 18 19 20 21 22 23 24 26
 27 28 30 33 34 35 36 37 39 40 41 44 45 47 48 50 53 55 57 58 59 60 61 62
 64 66 67 68 69 70 71 72 73 74 75 76 77 78 79 80 81 82 83 84 85 86 88 90]
总流动性 436245225.48277605
*************************************
epoch: 113
破产银行集合 [ 8 12 25 29 31 32 38 42 43 46 49 51 52 54 56 63 65 87 89]
破产银行数 19
净资产 1072931550.4827759
正常的银行集合 [ 0  1  2  3  4  5  6  7  9 10 11 13 14 15 16 17 18 19 20 21 22 23 24 26
 27 28 30 33 34 35 36 37 39 40 41 44 45 47 48 50 53 55 57 58 59 60 61 62
 64 66 67 68 69 70 71 72 73 74 75 76 77 78 79 80 81 82 83 84 85 86 88 90]
总流动性 436243510.84800744
*************************************
epoch: 114
破产银行集合 [ 8 12 25 29 31 32 38 42 43 46 49 51 52 54 56 63 65 87 89]
破产银行数 19
净资产 1072929835.8480074
正常的银行集合 [ 0  1  2  3  4  5  6  7  9 10 11 13 14 15 16 17 18 19 20 21 22 23 24 26
 27 28 30 33 34 35 36 37 39 40 41 44 45 47 48 50 53 55 57 58 59 60 61 62
 64 66 67 68 69 70 71 72 73 74 75 76 77 78 79 80 81 82 83 84 85 86 88 90]
总流动性 436242766.0787557
*************************************
epoch: 115
破产银行集合 [ 8 12 25 29 31 32 38 42 43 46 49 51 52 54 56 63 65 87 89]
破产银行数 19
净资产 1072929091.0787556
正常的银行集合 [ 0  1  2  3  4  5  6  7  9 10 11 13 14 15 16 17 18 19 20 21 22 23 24 26
 27 28 30 33 34 35 36 37 39 40 41 44 45 47 48 50 53 55 57 58 59 60 61 62
 64 66 67 68 69 70 71 72 73 74 75 76 77 78 79 80 81 82 83 84 85 86 88 90]
总流动性 436241828.4093659
*************************************
epoch: 116
破产银行集合 [ 8 12 25 29 31 32 38 42 43 46 49 51 52 54 56 63 65 87 89]
破产银行数 19
净资产 1072928153.4093658
正常的银行集合 [ 0  1  2  3  4  5  6  7  9 10 11 13 14 15 16 17 18 19 20 21 22 23 24 26
 27 28 30 33 34 35 36 37 39 40 41 44 45 47 48 50 53 55 57 58 59 60 61 62
 64 66 67 68 69 70 71 72 73 74 75 76 77 78 79 80 81 82 83 84 85 86 88 90]
总流动性 436241188.11916244
*************************************
epoch: 117
破产银行集合 [ 8 12 25 29 31 32 38 42 43 46 49 51 52 54 56 63 65 87 89]
破产银行数 19
净资产 1072927513.1191623
正常的银行集合 [ 0  1  2  3  4  5  6  7  9 10 11 13 14 15 16 17 18 19 20 21 22 23 24 26
 27 28 30 33 34 35 36 37 39 40 41 44 45 47 48 50 53 55 57 58 59 60 61 62
 64 66 67 68 69 70 71 72 73 74 75 76 77 78 79 80 81 82 83 84 85 86 88 90]
总流动性 436240839.31793356
*************************************
epoch: 118
破产银行集合 [ 8 12 25 29 31 32 38 42 43 46 49 51 52 54 56 63 65 87 89]
破产银行数 19
净资产 1072927164.3179336
正常的银行集合 [ 0  1  2  3  4  5  6  7  9 10 11 13 14 15 16 17 18 19 20 21 22 23 24 26
 27 28 30 33 34 35 36 37 39 40 41 44 45 47 48 50 53 55 57 58 59 60 61 62
 64 66 67 68 69 70 71 72 73 74 75 76 77 78 79 80 81 82 83 84 85 86 88 90]
总流动性 436240118.3827684
*************************************
epoch: 119
破产银行集合 [ 8 12 25 29 31 32 38 42 43 46 49 51 52 54 56 63 65 87 89]
破产银行数 19
净资产 1072926443.3827684
正常的银行集合 [ 0  1  2  3  4  5  6  7  9 10 11 13 14 15 16 17 18 19 20 21 22 23 24 26
 27 28 30 33 34 35 36 37 39 40 41 44 45 47 48 50 53 55 57 58 59 60 61 62
 64 66 67 68 69 70 71 72 73 74 75 76 77 78 79 80 81 82 83 84 85 86 88 90]
总流动性 436239794.039573
*************************************
epoch: 120
破产银行集合 [ 8 12 25 29 31 32 38 42 43 46 49 51 52 54 56 63 65 87 89]
破产银行数 19
净资产 1072926119.039573
正常的银行集合 [ 0  1  2  3  4  5  6  7  9 10 11 13 14 15 16 17 18 19 20 21 22 23 24 26
 27 28 30 33 34 35 36 37 39 40 41 44 45 47 48 50 53 55 57 58 59 60 61 62
 64 66 67 68 69 70 71 72 73 74 75 76 77 78 79 80 81 82 83 84 85 86 88 90]
总流动性 436239859.8180966
*************************************
epoch: 121
破产银行集合 [ 8 12 25 29 31 32 38 42 43 46 49 51 52 54 56 63 65 87 89]
破产银行数 19
净资产 1072926184.8180965
正常的银行集合 [ 0  1  2  3  4  5  6  7  9 10 11 13 14 15 16 17 18 19 20 21 22 23 24 26
 27 28 30 33 34 35 36 37 39 40 41 44 45 47 48 50 53 55 57 58 59 60 61 62
 64 66 67 68 69 70 71 72 73 74 75 76 77 78 79 80 81 82 83 84 85 86 88 90]
总流动性 436239464.1078146
*************************************
epoch: 122
破产银行集合 [ 8 12 25 29 31 32 38 42 43 46 49 51 52 54 56 63 65 87 89]
破产银行数 19
净资产 1072925789.1078147
正常的银行集合 [ 0  1  2  3  4  5  6  7  9 10 11 13 14 15 16 17 18 19 20 21 22 23 24 26
 27 28 30 33 34 35 36 37 39 40 41 44 45 47 48 50 53 55 57 58 59 60 61 62
 64 66 67 68 69 70 71 72 73 74 75 76 77 78 79 80 81 82 83 84 85 86 88 90]
总流动性 436239091.7445801
*************************************
epoch: 123
破产银行集合 [ 8 12 25 29 31 32 38 42 43 46 49 51 52 54 56 63 65 87 89]
破产银行数 19
净资产 1072925416.74458
正常的银行集合 [ 0  1  2  3  4  5  6  7  9 10 11 13 14 15 16 17 18 19 20 21 22 23 24 26
 27 28 30 33 34 35 36 37 39 40 41 44 45 47 48 50 53 55 57 58 59 60 61 62
 64 66 67 68 69 70 71 72 73 74 75 76 77 78 79 80 81 82 83 84 85 86 88 90]
总流动性 436238654.6392801
*************************************
epoch: 124
破产银行集合 [ 8 12 25 29 31 32 38 42 43 46 49 51 52 54 56 63 65 87 89]
破产银行数 19
净资产 1072924979.6392802
正常的银行集合 [ 0  1  2  3  4  5  6  7  9 10 11 13 14 15 16 17 18 19 20 21 22 23 24 26
 27 28 30 33 34 35 36 37 39 40 41 44 45 47 48 50 53 55 57 58 59 60 61 62
 64 66 67 68 69 70 71 72 73 74 75 76 77 78 79 80 81 82 83 84 85 86 88 90]
总流动性 436238516.93458426
*************************************
epoch: 125
破产银行集合 [ 8 12 25 29 31 32 38 42 43 46 49 51 52 54 56 63 65 87 89]
破产银行数 19
净资产 1072924841.9345844
正常的银行集合 [ 0  1  2  3  4  5  6  7  9 10 11 13 14 15 16 17 18 19 20 21 22 23 24 26
 27 28 30 33 34 35 36 37 39 40 41 44 45 47 48 50 53 55 57 58 59 60 61 62
 64 66 67 68 69 70 71 72 73 74 75 76 77 78 79 80 81 82 83 84 85 86 88 90]
总流动性 436237859.77828586
*************************************
epoch: 126
破产银行集合 [ 8 12 25 29 31 32 38 42 43 46 49 51 52 54 56 63 65 87 89]
破产银行数 19
净资产 1072924184.7782857
正常的银行集合 [ 0  1  2  3  4  5  6  7  9 10 11 13 14 15 16 17 18 19 20 21 22 23 24 26
 27 28 30 33 34 35 36 37 39 40 41 44 45 47 48 50 53 55 57 58 59 60 61 62
 64 66 67 68 69 70 71 72 73 74 75 76 77 78 79 80 81 82 83 84 85 86 88 90]
总流动性 436237537.4502824
*************************************
epoch: 127
破产银行集合 [ 8 12 25 29 31 32 38 42 43 46 49 51 52 54 56 63 65 87 89]
破产银行数 19
净资产 1072923862.4502822
正常的银行集合 [ 0  1  2  3  4  5  6  7  9 10 11 13 14 15 16 17 18 19 20 21 22 23 24 26
 27 28 30 33 34 35 36 37 39 40 41 44 45 47 48 50 53 55 57 58 59 60 61 62
 64 66 67 68 69 70 71 72 73 74 75 76 77 78 79 80 81 82 83 84 85 86 88 90]
总流动性 436236938.59577453
*************************************
epoch: 128
破产银行集合 [ 8 12 25 29 31 32 38 42 43 46 49 51 52 54 56 63 65 87 89]
破产银行数 19
净资产 1072923263.5957745
正常的银行集合 [ 0  1  2  3  4  5  6  7  9 10 11 13 14 15 16 17 18 19 20 21 22 23 24 26
 27 28 30 33 34 35 36 37 39 40 41 44 45 47 48 50 53 55 57 58 59 60 61 62
 64 66 67 68 69 70 71 72 73 74 75 76 77 78 79 80 81 82 83 84 85 86 88 90]
总流动性 436236586.8504299
*************************************
epoch: 129
破产银行集合 [ 8 12 25 29 31 32 38 42 43 46 49 51 52 54 56 63 65 87 89]
破产银行数 19
净资产 1072922911.8504299
正常的银行集合 [ 0  1  2  3  4  5  6  7  9 10 11 13 14 15 16 17 18 19 20 21 22 23 24 26
 27 28 30 33 34 35 36 37 39 40 41 44 45 47 48 50 53 55 57 58 59 60 61 62
 64 66 67 68 69 70 71 72 73 74 75 76 77 78 79 80 81 82 83 84 85 86 88 90]
总流动性 436236200.4531735
*************************************
epoch: 130
破产银行集合 [ 8 12 25 29 31 32 38 42 43 46 49 51 52 54 56 63 65 87 89]
破产银行数 19
净资产 1072922525.4531734
正常的银行集合 [ 0  1  2  3  4  5  6  7  9 10 11 13 14 15 16 17 18 19 20 21 22 23 24 26
 27 28 30 33 34 35 36 37 39 40 41 44 45 47 48 50 53 55 57 58 59 60 61 62
 64 66 67 68 69 70 71 72 73 74 75 76 77 78 79 80 81 82 83 84 85 86 88 90]
总流动性 436235881.24799097
*************************************
epoch: 131
破产银行集合 [ 8 12 25 29 31 32 38 42 43 46 49 51 52 54 56 63 65 87 89]
破产银行数 19
净资产 1072922206.2479907
正常的银行集合 [ 0  1  2  3  4  5  6  7  9 10 11 13 14 15 16 17 18 19 20 21 22 23 24 26
 27 28 30 33 34 35 36 37 39 40 41 44 45 47 48 50 53 55 57 58 59 60 61 62
 64 66 67 68 69 70 71 72 73 74 75 76 77 78 79 80 81 82 83 84 85 86 88 90]
总流动性 436235955.61045647
*************************************
epoch: 132
破产银行集合 [ 8 12 25 29 31 32 38 42 43 46 49 51 52 54 56 63 65 87 89]
破产银行数 19
净资产 1072922280.6104565
正常的银行集合 [ 0  1  2  3  4  5  6  7  9 10 11 13 14 15 16 17 18 19 20 21 22 23 24 26
 27 28 30 33 34 35 36 37 39 40 41 44 45 47 48 50 53 55 57 58 59 60 61 62
 64 66 67 68 69 70 71 72 73 74 75 76 77 78 79 80 81 82 83 84 85 86 88 90]
总流动性 436235413.1213725
*************************************
epoch: 133
破产银行集合 [ 8 12 25 29 31 32 38 42 43 46 49 51 52 54 56 63 65 87 89]
破产银行数 19
净资产 1072921738.1213725
正常的银行集合 [ 0  1  2  3  4  5  6  7  9 10 11 13 14 15 16 17 18 19 20 21 22 23 24 26
 27 28 30 33 34 35 36 37 39 40 41 44 45 47 48 50 53 55 57 58 59 60 61 62
 64 66 67 68 69 70 71 72 73 74 75 76 77 78 79 80 81 82 83 84 85 86 88 90]
总流动性 436235279.9324012
*************************************
epoch: 134
破产银行集合 [ 8 12 25 29 31 32 38 42 43 46 49 51 52 54 56 63 65 87 89]
破产银行数 19
净资产 1072921604.932401
正常的银行集合 [ 0  1  2  3  4  5  6  7  9 10 11 13 14 15 16 17 18 19 20 21 22 23 24 26
 27 28 30 33 34 35 36 37 39 40 41 44 45 47 48 50 53 55 57 58 59 60 61 62
 64 66 67 68 69 70 71 72 73 74 75 76 77 78 79 80 81 82 83 84 85 86 88 90]
总流动性 436235169.16965604
*************************************
epoch: 135
破产银行集合 [ 8 12 25 29 31 32 38 42 43 46 49 51 52 54 56 63 65 87 89]
破产银行数 19
净资产 1072921494.1696559
正常的银行集合 [ 0  1  2  3  4  5  6  7  9 10 11 13 14 15 16 17 18 19 20 21 22 23 24 26
 27 28 30 33 34 35 36 37 39 40 41 44 45 47 48 50 53 55 57 58 59 60 61 62
 64 66 67 68 69 70 71 72 73 74 75 76 77 78 79 80 81 82 83 84 85 86 88 90]
总流动性 436234879.4380038
*************************************
epoch: 136
破产银行集合 [ 8 12 25 29 31 32 38 42 43 46 49 51 52 54 56 63 65 87 89]
破产银行数 19
净资产 1072921204.4380038
正常的银行集合 [ 0  1  2  3  4  5  6  7  9 10 11 13 14 15 16 17 18 19 20 21 22 23 24 26
 27 28 30 33 34 35 36 37 39 40 41 44 45 47 48 50 53 55 57 58 59 60 61 62
 64 66 67 68 69 70 71 72 73 74 75 76 77 78 79 80 81 82 83 84 85 86 88 90]
总流动性 436234804.1451861
*************************************
epoch: 137
破产银行集合 [ 8 12 25 29 31 32 38 42 43 46 49 51 52 54 56 63 65 87 89]
破产银行数 19
净资产 1072921129.1451861
正常的银行集合 [ 0  1  2  3  4  5  6  7  9 10 11 13 14 15 16 17 18 19 20 21 22 23 24 26
 27 28 30 33 34 35 36 37 39 40 41 44 45 47 48 50 53 55 57 58 59 60 61 62
 64 66 67 68 69 70 71 72 73 74 75 76 77 78 79 80 81 82 83 84 85 86 88 90]
总流动性 436234794.6671191
*************************************
epoch: 138
破产银行集合 [ 8 12 25 29 31 32 38 42 43 46 49 51 52 54 56 63 65 87 89]
破产银行数 19
净资产 1072921119.6671189
正常的银行集合 [ 0  1  2  3  4  5  6  7  9 10 11 13 14 15 16 17 18 19 20 21 22 23 24 26
 27 28 30 33 34 35 36 37 39 40 41 44 45 47 48 50 53 55 57 58 59 60 61 62
 64 66 67 68 69 70 71 72 73 74 75 76 77 78 79 80 81 82 83 84 85 86 88 90]
总流动性 436234567.9815252
*************************************
epoch: 139
破产银行集合 [ 8 12 25 29 31 32 38 42 43 46 49 51 52 54 56 63 65 87 89]
破产银行数 19
净资产 1072920892.9815251
正常的银行集合 [ 0  1  2  3  4  5  6  7  9 10 11 13 14 15 16 17 18 19 20 21 22 23 24 26
 27 28 30 33 34 35 36 37 39 40 41 44 45 47 48 50 53 55 57 58 59 60 61 62
 64 66 67 68 69 70 71 72 73 74 75 76 77 78 79 80 81 82 83 84 85 86 88 90]
总流动性 436234388.3247499
*************************************
epoch: 140
破产银行集合 [ 8 12 25 29 31 32 38 42 43 46 49 51 52 54 56 63 65 87 89]
破产银行数 19
净资产 1072920713.32475
正常的银行集合 [ 0  1  2  3  4  5  6  7  9 10 11 13 14 15 16 17 18 19 20 21 22 23 24 26
 27 28 30 33 34 35 36 37 39 40 41 44 45 47 48 50 53 55 57 58 59 60 61 62
 64 66 67 68 69 70 71 72 73 74 75 76 77 78 79 80 81 82 83 84 85 86 88 90]
总流动性 436234313.05720377
*************************************
epoch: 141
破产银行集合 [ 8 12 25 29 31 32 38 42 43 46 49 51 52 54 56 63 65 87 89]
破产银行数 19
净资产 1072920638.0572035
正常的银行集合 [ 0  1  2  3  4  5  6  7  9 10 11 13 14 15 16 17 18 19 20 21 22 23 24 26
 27 28 30 33 34 35 36 37 39 40 41 44 45 47 48 50 53 55 57 58 59 60 61 62
 64 66 67 68 69 70 71 72 73 74 75 76 77 78 79 80 81 82 83 84 85 86 88 90]
总流动性 436234146.5513479
*************************************
epoch: 142
破产银行集合 [ 8 12 25 29 31 32 38 42 43 46 49 51 52 54 56 63 65 87 89]
破产银行数 19
净资产 1072920471.551348
正常的银行集合 [ 0  1  2  3  4  5  6  7  9 10 11 13 14 15 16 17 18 19 20 21 22 23 24 26
 27 28 30 33 34 35 36 37 39 40 41 44 45 47 48 50 53 55 57 58 59 60 61 62
 64 66 67 68 69 70 71 72 73 74 75 76 77 78 79 80 81 82 83 84 85 86 88 90]
总流动性 436233991.3804464
*************************************
epoch: 143
破产银行集合 [ 8 12 25 29 31 32 38 42 43 46 49 51 52 54 56 63 65 87 89]
破产银行数 19
净资产 1072920316.3804463
正常的银行集合 [ 0  1  2  3  4  5  6  7  9 10 11 13 14 15 16 17 18 19 20 21 22 23 24 26
 27 28 30 33 34 35 36 37 39 40 41 44 45 47 48 50 53 55 57 58 59 60 61 62
 64 66 67 68 69 70 71 72 73 74 75 76 77 78 79 80 81 82 83 84 85 86 88 90]
总流动性 436233875.5843529
*************************************
epoch: 144
破产银行集合 [ 8 12 25 29 31 32 38 42 43 46 49 51 52 54 56 63 65 87 89]
破产银行数 19
净资产 1072920200.5843529
正常的银行集合 [ 0  1  2  3  4  5  6  7  9 10 11 13 14 15 16 17 18 19 20 21 22 23 24 26
 27 28 30 33 34 35 36 37 39 40 41 44 45 47 48 50 53 55 57 58 59 60 61 62
 64 66 67 68 69 70 71 72 73 74 75 76 77 78 79 80 81 82 83 84 85 86 88 90]
总流动性 436233809.23872954
*************************************
epoch: 145
破产银行集合 [ 8 12 25 29 31 32 38 42 43 46 49 51 52 54 56 63 65 87 89]
破产银行数 19
净资产 1072920134.2387295
正常的银行集合 [ 0  1  2  3  4  5  6  7  9 10 11 13 14 15 16 17 18 19 20 21 22 23 24 26
 27 28 30 33 34 35 36 37 39 40 41 44 45 47 48 50 53 55 57 58 59 60 61 62
 64 66 67 68 69 70 71 72 73 74 75 76 77 78 79 80 81 82 83 84 85 86 88 90]
总流动性 436233809.43414253
*************************************
epoch: 146
破产银行集合 [ 8 12 25 29 31 32 38 42 43 46 49 51 52 54 56 63 65 87 89]
破产银行数 19
净资产 1072920134.4341425
正常的银行集合 [ 0  1  2  3  4  5  6  7  9 10 11 13 14 15 16 17 18 19 20 21 22 23 24 26
 27 28 30 33 34 35 36 37 39 40 41 44 45 47 48 50 53 55 57 58 59 60 61 62
 64 66 67 68 69 70 71 72 73 74 75 76 77 78 79 80 81 82 83 84 85 86 88 90]
总流动性 436233703.8143187
*************************************
epoch: 147
破产银行集合 [ 8 12 25 29 31 32 38 42 43 46 49 51 52 54 56 63 65 87 89]
破产银行数 19
净资产 1072920028.8143187
正常的银行集合 [ 0  1  2  3  4  5  6  7  9 10 11 13 14 15 16 17 18 19 20 21 22 23 24 26
 27 28 30 33 34 35 36 37 39 40 41 44 45 47 48 50 53 55 57 58 59 60 61 62
 64 66 67 68 69 70 71 72 73 74 75 76 77 78 79 80 81 82 83 84 85 86 88 90]
总流动性 436233634.70354563
*************************************
epoch: 148
破产银行集合 [ 8 12 25 29 31 32 38 42 43 46 49 51 52 54 56 63 65 87 89]
破产银行数 19
净资产 1072919959.7035456
正常的银行集合 [ 0  1  2  3  4  5  6  7  9 10 11 13 14 15 16 17 18 19 20 21 22 23 24 26
 27 28 30 33 34 35 36 37 39 40 41 44 45 47 48 50 53 55 57 58 59 60 61 62
 64 66 67 68 69 70 71 72 73 74 75 76 77 78 79 80 81 82 83 84 85 86 88 90]
总流动性 436233601.668485
*************************************
epoch: 149
破产银行集合 [ 8 12 25 29 31 32 38 42 43 46 49 51 52 54 56 63 65 87 89]
破产银行数 19
净资产 1072919926.6684852
正常的银行集合 [ 0  1  2  3  4  5  6  7  9 10 11 13 14 15 16 17 18 19 20 21 22 23 24 26
 27 28 30 33 34 35 36 37 39 40 41 44 45 47 48 50 53 55 57 58 59 60 61 62
 64 66 67 68 69 70 71 72 73 74 75 76 77 78 79 80 81 82 83 84 85 86 88 90]
总流动性 436233546.19093615
*************************************
epoch: 150
破产银行集合 [ 8 12 25 29 31 32 38 42 43 46 49 51 52 54 56 63 65 87 89]
破产银行数 19
净资产 1072919871.1909361
正常的银行集合 [ 0  1  2  3  4  5  6  7  9 10 11 13 14 15 16 17 18 19 20 21 22 23 24 26
 27 28 30 33 34 35 36 37 39 40 41 44 45 47 48 50 53 55 57 58 59 60 61 62
 64 66 67 68 69 70 71 72 73 74 75 76 77 78 79 80 81 82 83 84 85 86 88 90]
总流动性 436233490.24642485
*************************************
epoch: 151
破产银行集合 [ 8 12 25 29 31 32 38 42 43 46 49 51 52 54 56 63 65 87 89]
破产银行数 19
净资产 1072919815.2464249
正常的银行集合 [ 0  1  2  3  4  5  6  7  9 10 11 13 14 15 16 17 18 19 20 21 22 23 24 26
 27 28 30 33 34 35 36 37 39 40 41 44 45 47 48 50 53 55 57 58 59 60 61 62
 64 66 67 68 69 70 71 72 73 74 75 76 77 78 79 80 81 82 83 84 85 86 88 90]
总流动性 436233425.36608875
*************************************
epoch: 152
破产银行集合 [ 8 12 25 29 31 32 38 42 43 46 49 51 52 54 56 63 65 87 89]
破产银行数 19
净资产 1072919750.3660887
正常的银行集合 [ 0  1  2  3  4  5  6  7  9 10 11 13 14 15 16 17 18 19 20 21 22 23 24 26
 27 28 30 33 34 35 36 37 39 40 41 44 45 47 48 50 53 55 57 58 59 60 61 62
 64 66 67 68 69 70 71 72 73 74 75 76 77 78 79 80 81 82 83 84 85 86 88 90]
总流动性 436233424.61930764
*************************************
epoch: 153
破产银行集合 [ 8 12 25 29 31 32 38 42 43 46 49 51 52 54 56 63 65 87 89]
破产银行数 19
净资产 1072919749.6193075
正常的银行集合 [ 0  1  2  3  4  5  6  7  9 10 11 13 14 15 16 17 18 19 20 21 22 23 24 26
 27 28 30 33 34 35 36 37 39 40 41 44 45 47 48 50 53 55 57 58 59 60 61 62
 64 66 67 68 69 70 71 72 73 74 75 76 77 78 79 80 81 82 83 84 85 86 88 90]
总流动性 436233383.3003702
*************************************
epoch: 154
破产银行集合 [ 8 12 25 29 31 32 38 42 43 46 49 51 52 54 56 63 65 87 89]
破产银行数 19
净资产 1072919708.3003702
正常的银行集合 [ 0  1  2  3  4  5  6  7  9 10 11 13 14 15 16 17 18 19 20 21 22 23 24 26
 27 28 30 33 34 35 36 37 39 40 41 44 45 47 48 50 53 55 57 58 59 60 61 62
 64 66 67 68 69 70 71 72 73 74 75 76 77 78 79 80 81 82 83 84 85 86 88 90]
总流动性 436233362.05788636
*************************************
epoch: 155
破产银行集合 [ 8 12 25 29 31 32 38 42 43 46 49 51 52 54 56 63 65 87 89]
破产银行数 19
净资产 1072919687.0578864
正常的银行集合 [ 0  1  2  3  4  5  6  7  9 10 11 13 14 15 16 17 18 19 20 21 22 23 24 26
 27 28 30 33 34 35 36 37 39 40 41 44 45 47 48 50 53 55 57 58 59 60 61 62
 64 66 67 68 69 70 71 72 73 74 75 76 77 78 79 80 81 82 83 84 85 86 88 90]
总流动性 436233354.04374677
*************************************
epoch: 156
破产银行集合 [ 8 12 25 29 31 32 38 42 43 46 49 51 52 54 56 63 65 87 89]
破产银行数 19
净资产 1072919679.0437468
正常的银行集合 [ 0  1  2  3  4  5  6  7  9 10 11 13 14 15 16 17 18 19 20 21 22 23 24 26
 27 28 30 33 34 35 36 37 39 40 41 44 45 47 48 50 53 55 57 58 59 60 61 62
 64 66 67 68 69 70 71 72 73 74 75 76 77 78 79 80 81 82 83 84 85 86 88 90]
总流动性 436233321.46816623
*************************************
epoch: 157
破产银行集合 [ 8 12 25 29 31 32 38 42 43 46 49 51 52 54 56 63 65 87 89]
破产银行数 19
净资产 1072919646.4681662
正常的银行集合 [ 0  1  2  3  4  5  6  7  9 10 11 13 14 15 16 17 18 19 20 21 22 23 24 26
 27 28 30 33 34 35 36 37 39 40 41 44 45 47 48 50 53 55 57 58 59 60 61 62
 64 66 67 68 69 70 71 72 73 74 75 76 77 78 79 80 81 82 83 84 85 86 88 90]
总流动性 436233273.5069224
*************************************
epoch: 158
破产银行集合 [ 8 12 25 29 31 32 38 42 43 46 49 51 52 54 56 63 65 87 89]
破产银行数 19
净资产 1072919598.5069225
正常的银行集合 [ 0  1  2  3  4  5  6  7  9 10 11 13 14 15 16 17 18 19 20 21 22 23 24 26
 27 28 30 33 34 35 36 37 39 40 41 44 45 47 48 50 53 55 57 58 59 60 61 62
 64 66 67 68 69 70 71 72 73 74 75 76 77 78 79 80 81 82 83 84 85 86 88 90]
总流动性 436233227.27075416
*************************************
epoch: 159
破产银行集合 [ 8 12 25 29 31 32 38 42 43 46 49 51 52 54 56 63 65 87 89]
破产银行数 19
净资产 1072919552.2707541
正常的银行集合 [ 0  1  2  3  4  5  6  7  9 10 11 13 14 15 16 17 18 19 20 21 22 23 24 26
 27 28 30 33 34 35 36 37 39 40 41 44 45 47 48 50 53 55 57 58 59 60 61 62
 64 66 67 68 69 70 71 72 73 74 75 76 77 78 79 80 81 82 83 84 85 86 88 90]
总流动性 436233206.63481665
*************************************
epoch: 160
破产银行集合 [ 8 12 25 29 31 32 38 42 43 46 49 51 52 54 56 63 65 87 89]
破产银行数 19
净资产 1072919531.6348166
正常的银行集合 [ 0  1  2  3  4  5  6  7  9 10 11 13 14 15 16 17 18 19 20 21 22 23 24 26
 27 28 30 33 34 35 36 37 39 40 41 44 45 47 48 50 53 55 57 58 59 60 61 62
 64 66 67 68 69 70 71 72 73 74 75 76 77 78 79 80 81 82 83 84 85 86 88 90]
总流动性 436233189.26324177
*************************************
epoch: 161
破产银行集合 [ 8 12 25 29 31 32 38 42 43 46 49 51 52 54 56 63 65 87 89]
破产银行数 19
净资产 1072919514.2632418
正常的银行集合 [ 0  1  2  3  4  5  6  7  9 10 11 13 14 15 16 17 18 19 20 21 22 23 24 26
 27 28 30 33 34 35 36 37 39 40 41 44 45 47 48 50 53 55 57 58 59 60 61 62
 64 66 67 68 69 70 71 72 73 74 75 76 77 78 79 80 81 82 83 84 85 86 88 90]
总流动性 436233161.7519113
*************************************
epoch: 162
破产银行集合 [ 8 12 25 29 31 32 38 42 43 46 49 51 52 54 56 63 65 87 89]
破产银行数 19
净资产 1072919486.7519113
正常的银行集合 [ 0  1  2  3  4  5  6  7  9 10 11 13 14 15 16 17 18 19 20 21 22 23 24 26
 27 28 30 33 34 35 36 37 39 40 41 44 45 47 48 50 53 55 57 58 59 60 61 62
 64 66 67 68 69 70 71 72 73 74 75 76 77 78 79 80 81 82 83 84 85 86 88 90]
总流动性 436233150.6061445
*************************************
epoch: 163
破产银行集合 [ 8 12 25 29 31 32 38 42 43 46 49 51 52 54 56 63 65 87 89]
破产银行数 19
净资产 1072919475.6061444
正常的银行集合 [ 0  1  2  3  4  5  6  7  9 10 11 13 14 15 16 17 18 19 20 21 22 23 24 26
 27 28 30 33 34 35 36 37 39 40 41 44 45 47 48 50 53 55 57 58 59 60 61 62
 64 66 67 68 69 70 71 72 73 74 75 76 77 78 79 80 81 82 83 84 85 86 88 90]
总流动性 436233147.22470415
*************************************
epoch: 164
破产银行集合 [ 8 12 25 29 31 32 38 42 43 46 49 51 52 54 56 63 65 87 89]
破产银行数 19
净资产 1072919472.224704
正常的银行集合 [ 0  1  2  3  4  5  6  7  9 10 11 13 14 15 16 17 18 19 20 21 22 23 24 26
 27 28 30 33 34 35 36 37 39 40 41 44 45 47 48 50 53 55 57 58 59 60 61 62
 64 66 67 68 69 70 71 72 73 74 75 76 77 78 79 80 81 82 83 84 85 86 88 90]
总流动性 436233143.44480634
*************************************
epoch: 165
破产银行集合 [ 8 12 25 29 31 32 38 42 43 46 49 51 52 54 56 63 65 87 89]
破产银行数 19
净资产 1072919468.4448062
正常的银行集合 [ 0  1  2  3  4  5  6  7  9 10 11 13 14 15 16 17 18 19 20 21 22 23 24 26
 27 28 30 33 34 35 36 37 39 40 41 44 45 47 48 50 53 55 57 58 59 60 61 62
 64 66 67 68 69 70 71 72 73 74 75 76 77 78 79 80 81 82 83 84 85 86 88 90]
总流动性 436233126.2676646
*************************************
epoch: 166
破产银行集合 [ 8 12 25 29 31 32 38 42 43 46 49 51 52 54 56 63 65 87 89]
破产银行数 19
净资产 1072919451.2676644
正常的银行集合 [ 0  1  2  3  4  5  6  7  9 10 11 13 14 15 16 17 18 19 20 21 22 23 24 26
 27 28 30 33 34 35 36 37 39 40 41 44 45 47 48 50 53 55 57 58 59 60 61 62
 64 66 67 68 69 70 71 72 73 74 75 76 77 78 79 80 81 82 83 84 85 86 88 90]
总流动性 436233104.6829459
*************************************
epoch: 167
破产银行集合 [ 8 12 25 29 31 32 38 42 43 46 49 51 52 54 56 63 65 87 89]
破产银行数 19
净资产 1072919429.682946
正常的银行集合 [ 0  1  2  3  4  5  6  7  9 10 11 13 14 15 16 17 18 19 20 21 22 23 24 26
 27 28 30 33 34 35 36 37 39 40 41 44 45 47 48 50 53 55 57 58 59 60 61 62
 64 66 67 68 69 70 71 72 73 74 75 76 77 78 79 80 81 82 83 84 85 86 88 90]
总流动性 436233079.50421417
*************************************
epoch: 168
破产银行集合 [ 8 12 25 29 31 32 38 42 43 46 49 51 52 54 56 63 65 87 89]
破产银行数 19
净资产 1072919404.504214
正常的银行集合 [ 0  1  2  3  4  5  6  7  9 10 11 13 14 15 16 17 18 19 20 21 22 23 24 26
 27 28 30 33 34 35 36 37 39 40 41 44 45 47 48 50 53 55 57 58 59 60 61 62
 64 66 67 68 69 70 71 72 73 74 75 76 77 78 79 80 81 82 83 84 85 86 88 90]
总流动性 436233074.08554584
*************************************
epoch: 169
破产银行集合 [ 8 12 25 29 31 32 38 42 43 46 49 51 52 54 56 63 65 87 89]
破产银行数 19
净资产 1072919399.0855459
正常的银行集合 [ 0  1  2  3  4  5  6  7  9 10 11 13 14 15 16 17 18 19 20 21 22 23 24 26
 27 28 30 33 34 35 36 37 39 40 41 44 45 47 48 50 53 55 57 58 59 60 61 62
 64 66 67 68 69 70 71 72 73 74 75 76 77 78 79 80 81 82 83 84 85 86 88 90]
总流动性 436233062.75851285
*************************************
epoch: 170
破产银行集合 [ 8 12 25 29 31 32 38 42 43 46 49 51 52 54 56 63 65 87 89]
破产银行数 19
净资产 1072919387.7585129
正常的银行集合 [ 0  1  2  3  4  5  6  7  9 10 11 13 14 15 16 17 18 19 20 21 22 23 24 26
 27 28 30 33 34 35 36 37 39 40 41 44 45 47 48 50 53 55 57 58 59 60 61 62
 64 66 67 68 69 70 71 72 73 74 75 76 77 78 79 80 81 82 83 84 85 86 88 90]
总流动性 436233048.0137646
*************************************
epoch: 171
破产银行集合 [ 8 12 25 29 31 32 38 42 43 46 49 51 52 54 56 63 65 87 89]
破产银行数 19
净资产 1072919373.0137646
正常的银行集合 [ 0  1  2  3  4  5  6  7  9 10 11 13 14 15 16 17 18 19 20 21 22 23 24 26
 27 28 30 33 34 35 36 37 39 40 41 44 45 47 48 50 53 55 57 58 59 60 61 62
 64 66 67 68 69 70 71 72 73 74 75 76 77 78 79 80 81 82 83 84 85 86 88 90]
总流动性 436233035.1033989
*************************************
epoch: 172
破产银行集合 [ 8 12 25 29 31 32 38 42 43 46 49 51 52 54 56 63 65 87 89]
破产银行数 19
净资产 1072919360.1033989
正常的银行集合 [ 0  1  2  3  4  5  6  7  9 10 11 13 14 15 16 17 18 19 20 21 22 23 24 26
 27 28 30 33 34 35 36 37 39 40 41 44 45 47 48 50 53 55 57 58 59 60 61 62
 64 66 67 68 69 70 71 72 73 74 75 76 77 78 79 80 81 82 83 84 85 86 88 90]
总流动性 436233028.624294
*************************************
epoch: 173
破产银行集合 [ 8 12 25 29 31 32 38 42 43 46 49 51 52 54 56 63 65 87 89]
破产银行数 19
净资产 1072919353.624294
正常的银行集合 [ 0  1  2  3  4  5  6  7  9 10 11 13 14 15 16 17 18 19 20 21 22 23 24 26
 27 28 30 33 34 35 36 37 39 40 41 44 45 47 48 50 53 55 57 58 59 60 61 62
 64 66 67 68 69 70 71 72 73 74 75 76 77 78 79 80 81 82 83 84 85 86 88 90]
总流动性 436233022.2101701
*************************************
epoch: 174
破产银行集合 [ 8 12 25 29 31 32 38 42 43 46 49 51 52 54 56 63 65 87 89]
破产银行数 19
净资产 1072919347.2101701
正常的银行集合 [ 0  1  2  3  4  5  6  7  9 10 11 13 14 15 16 17 18 19 20 21 22 23 24 26
 27 28 30 33 34 35 36 37 39 40 41 44 45 47 48 50 53 55 57 58 59 60 61 62
 64 66 67 68 69 70 71 72 73 74 75 76 77 78 79 80 81 82 83 84 85 86 88 90]
总流动性 436233009.2910779
*************************************
epoch: 175
破产银行集合 [ 8 12 25 29 31 32 38 42 43 46 49 51 52 54 56 63 65 87 89]
破产银行数 19
净资产 1072919334.2910779
正常的银行集合 [ 0  1  2  3  4  5  6  7  9 10 11 13 14 15 16 17 18 19 20 21 22 23 24 26
 27 28 30 33 34 35 36 37 39 40 41 44 45 47 48 50 53 55 57 58 59 60 61 62
 64 66 67 68 69 70 71 72 73 74 75 76 77 78 79 80 81 82 83 84 85 86 88 90]
总流动性 436232996.05562836
*************************************
epoch: 176
破产银行集合 [ 8 12 25 29 31 32 38 42 43 46 49 51 52 54 56 63 65 87 89]
破产银行数 19
净资产 1072919321.0556284
正常的银行集合 [ 0  1  2  3  4  5  6  7  9 10 11 13 14 15 16 17 18 19 20 21 22 23 24 26
 27 28 30 33 34 35 36 37 39 40 41 44 45 47 48 50 53 55 57 58 59 60 61 62
 64 66 67 68 69 70 71 72 73 74 75 76 77 78 79 80 81 82 83 84 85 86 88 90]
总流动性 436232985.5149481
*************************************
epoch: 177
破产银行集合 [ 8 12 25 29 31 32 38 42 43 46 49 51 52 54 56 63 65 87 89]
破产银行数 19
净资产 1072919310.514948
正常的银行集合 [ 0  1  2  3  4  5  6  7  9 10 11 13 14 15 16 17 18 19 20 21 22 23 24 26
 27 28 30 33 34 35 36 37 39 40 41 44 45 47 48 50 53 55 57 58 59 60 61 62
 64 66 67 68 69 70 71 72 73 74 75 76 77 78 79 80 81 82 83 84 85 86 88 90]
总流动性 436232973.27230746
*************************************
epoch: 178
破产银行集合 [ 8 12 25 29 31 32 38 42 43 46 49 51 52 54 56 63 65 87 89]
破产银行数 19
净资产 1072919298.2723075
正常的银行集合 [ 0  1  2  3  4  5  6  7  9 10 11 13 14 15 16 17 18 19 20 21 22 23 24 26
 27 28 30 33 34 35 36 37 39 40 41 44 45 47 48 50 53 55 57 58 59 60 61 62
 64 66 67 68 69 70 71 72 73 74 75 76 77 78 79 80 81 82 83 84 85 86 88 90]
总流动性 436232968.7111231
*************************************
epoch: 179
破产银行集合 [ 8 12 25 29 31 32 38 42 43 46 49 51 52 54 56 63 65 87 89]
破产银行数 19
净资产 1072919293.711123
正常的银行集合 [ 0  1  2  3  4  5  6  7  9 10 11 13 14 15 16 17 18 19 20 21 22 23 24 26
 27 28 30 33 34 35 36 37 39 40 41 44 45 47 48 50 53 55 57 58 59 60 61 62
 64 66 67 68 69 70 71 72 73 74 75 76 77 78 79 80 81 82 83 84 85 86 88 90]
总流动性 436232962.8403502
*************************************
epoch: 180
破产银行集合 [ 8 12 25 29 31 32 38 42 43 46 49 51 52 54 56 63 65 87 89]
破产银行数 19
净资产 1072919287.8403502
正常的银行集合 [ 0  1  2  3  4  5  6  7  9 10 11 13 14 15 16 17 18 19 20 21 22 23 24 26
 27 28 30 33 34 35 36 37 39 40 41 44 45 47 48 50 53 55 57 58 59 60 61 62
 64 66 67 68 69 70 71 72 73 74 75 76 77 78 79 80 81 82 83 84 85 86 88 90]
总流动性 436232958.0377012
*************************************
epoch: 181
破产银行集合 [ 8 12 25 29 31 32 38 42 43 46 49 51 52 54 56 63 65 87 89]
破产银行数 19
净资产 1072919283.0377012
正常的银行集合 [ 0  1  2  3  4  5  6  7  9 10 11 13 14 15 16 17 18 19 20 21 22 23 24 26
 27 28 30 33 34 35 36 37 39 40 41 44 45 47 48 50 53 55 57 58 59 60 61 62
 64 66 67 68 69 70 71 72 73 74 75 76 77 78 79 80 81 82 83 84 85 86 88 90]
总流动性 436232950.7454768
*************************************
epoch: 182
破产银行集合 [ 8 12 25 29 31 32 38 42 43 46 49 51 52 54 56 63 65 87 89]
破产银行数 19
净资产 1072919275.7454767
正常的银行集合 [ 0  1  2  3  4  5  6  7  9 10 11 13 14 15 16 17 18 19 20 21 22 23 24 26
 27 28 30 33 34 35 36 37 39 40 41 44 45 47 48 50 53 55 57 58 59 60 61 62
 64 66 67 68 69 70 71 72 73 74 75 76 77 78 79 80 81 82 83 84 85 86 88 90]
总流动性 436232943.9600826
*************************************
epoch: 183
破产银行集合 [ 8 12 25 29 31 32 38 42 43 46 49 51 52 54 56 63 65 87 89]
破产银行数 19
净资产 1072919268.9600828
正常的银行集合 [ 0  1  2  3  4  5  6  7  9 10 11 13 14 15 16 17 18 19 20 21 22 23 24 26
 27 28 30 33 34 35 36 37 39 40 41 44 45 47 48 50 53 55 57 58 59 60 61 62
 64 66 67 68 69 70 71 72 73 74 75 76 77 78 79 80 81 82 83 84 85 86 88 90]
总流动性 436232938.0787589
*************************************
epoch: 184
破产银行集合 [ 8 12 25 29 31 32 38 42 43 46 49 51 52 54 56 63 65 87 89]
破产银行数 19
净资产 1072919263.078759
正常的银行集合 [ 0  1  2  3  4  5  6  7  9 10 11 13 14 15 16 17 18 19 20 21 22 23 24 26
 27 28 30 33 34 35 36 37 39 40 41 44 45 47 48 50 53 55 57 58 59 60 61 62
 64 66 67 68 69 70 71 72 73 74 75 76 77 78 79 80 81 82 83 84 85 86 88 90]
总流动性 436232932.96678954
*************************************
epoch: 185
破产银行集合 [ 8 12 25 29 31 32 38 42 43 46 49 51 52 54 56 63 65 87 89]
破产银行数 19
净资产 1072919257.9667898
正常的银行集合 [ 0  1  2  3  4  5  6  7  9 10 11 13 14 15 16 17 18 19 20 21 22 23 24 26
 27 28 30 33 34 35 36 37 39 40 41 44 45 47 48 50 53 55 57 58 59 60 61 62
 64 66 67 68 69 70 71 72 73 74 75 76 77 78 79 80 81 82 83 84 85 86 88 90]
总流动性 436232931.6272665
*************************************
epoch: 186
破产银行集合 [ 8 12 25 29 31 32 38 42 43 46 49 51 52 54 56 63 65 87 89]
破产银行数 19
净资产 1072919256.6272665
正常的银行集合 [ 0  1  2  3  4  5  6  7  9 10 11 13 14 15 16 17 18 19 20 21 22 23 24 26
 27 28 30 33 34 35 36 37 39 40 41 44 45 47 48 50 53 55 57 58 59 60 61 62
 64 66 67 68 69 70 71 72 73 74 75 76 77 78 79 80 81 82 83 84 85 86 88 90]
总流动性 436232929.9165747
*************************************
epoch: 187
破产银行集合 [ 8 12 25 29 31 32 38 42 43 46 49 51 52 54 56 63 65 87 89]
破产银行数 19
净资产 1072919254.9165746
正常的银行集合 [ 0  1  2  3  4  5  6  7  9 10 11 13 14 15 16 17 18 19 20 21 22 23 24 26
 27 28 30 33 34 35 36 37 39 40 41 44 45 47 48 50 53 55 57 58 59 60 61 62
 64 66 67 68 69 70 71 72 73 74 75 76 77 78 79 80 81 82 83 84 85 86 88 90]
总流动性 436232929.21317255
*************************************
epoch: 188
破产银行集合 [ 8 12 25 29 31 32 38 42 43 46 49 51 52 54 56 63 65 87 89]
破产银行数 19
净资产 1072919254.2131726
正常的银行集合 [ 0  1  2  3  4  5  6  7  9 10 11 13 14 15 16 17 18 19 20 21 22 23 24 26
 27 28 30 33 34 35 36 37 39 40 41 44 45 47 48 50 53 55 57 58 59 60 61 62
 64 66 67 68 69 70 71 72 73 74 75 76 77 78 79 80 81 82 83 84 85 86 88 90]
总流动性 436232927.3521487
*************************************
epoch: 189
破产银行集合 [ 8 12 25 29 31 32 38 42 43 46 49 51 52 54 56 63 65 87 89]
破产银行数 19
净资产 1072919252.3521487
正常的银行集合 [ 0  1  2  3  4  5  6  7  9 10 11 13 14 15 16 17 18 19 20 21 22 23 24 26
 27 28 30 33 34 35 36 37 39 40 41 44 45 47 48 50 53 55 57 58 59 60 61 62
 64 66 67 68 69 70 71 72 73 74 75 76 77 78 79 80 81 82 83 84 85 86 88 90]
总流动性 436232924.9258691
*************************************
epoch: 190
破产银行集合 [ 8 12 25 29 31 32 38 42 43 46 49 51 52 54 56 63 65 87 89]
破产银行数 19
净资产 1072919249.9258692
正常的银行集合 [ 0  1  2  3  4  5  6  7  9 10 11 13 14 15 16 17 18 19 20 21 22 23 24 26
 27 28 30 33 34 35 36 37 39 40 41 44 45 47 48 50 53 55 57 58 59 60 61 62
 64 66 67 68 69 70 71 72 73 74 75 76 77 78 79 80 81 82 83 84 85 86 88 90]
总流动性 436232923.6831402
*************************************
epoch: 191
破产银行集合 [ 8 12 25 29 31 32 38 42 43 46 49 51 52 54 56 63 65 87 89]
破产银行数 19
净资产 1072919248.68314
正常的银行集合 [ 0  1  2  3  4  5  6  7  9 10 11 13 14 15 16 17 18 19 20 21 22 23 24 26
 27 28 30 33 34 35 36 37 39 40 41 44 45 47 48 50 53 55 57 58 59 60 61 62
 64 66 67 68 69 70 71 72 73 74 75 76 77 78 79 80 81 82 83 84 85 86 88 90]
总流动性 436232922.6836894
*************************************
epoch: 192
破产银行集合 [ 8 12 25 29 31 32 38 42 43 46 49 51 52 54 56 63 65 87 89]
破产银行数 19
净资产 1072919247.6836896
正常的银行集合 [ 0  1  2  3  4  5  6  7  9 10 11 13 14 15 16 17 18 19 20 21 22 23 24 26
 27 28 30 33 34 35 36 37 39 40 41 44 45 47 48 50 53 55 57 58 59 60 61 62
 64 66 67 68 69 70 71 72 73 74 75 76 77 78 79 80 81 82 83 84 85 86 88 90]
总流动性 436232921.1533448
*************************************
epoch: 193
破产银行集合 [ 8 12 25 29 31 32 38 42 43 46 49 51 52 54 56 63 65 87 89]
破产银行数 19
净资产 1072919246.1533446
正常的银行集合 [ 0  1  2  3  4  5  6  7  9 10 11 13 14 15 16 17 18 19 20 21 22 23 24 26
 27 28 30 33 34 35 36 37 39 40 41 44 45 47 48 50 53 55 57 58 59 60 61 62
 64 66 67 68 69 70 71 72 73 74 75 76 77 78 79 80 81 82 83 84 85 86 88 90]
总流动性 436232920.4556788
*************************************
epoch: 194
破产银行集合 [ 8 12 25 29 31 32 38 42 43 46 49 51 52 54 56 63 65 87 89]
破产银行数 19
净资产 1072919245.4556789
正常的银行集合 [ 0  1  2  3  4  5  6  7  9 10 11 13 14 15 16 17 18 19 20 21 22 23 24 26
 27 28 30 33 34 35 36 37 39 40 41 44 45 47 48 50 53 55 57 58 59 60 61 62
 64 66 67 68 69 70 71 72 73 74 75 76 77 78 79 80 81 82 83 84 85 86 88 90]
总流动性 436232915.8531573
*************************************
epoch: 195
破产银行集合 [ 8 12 25 29 31 32 38 42 43 46 49 51 52 54 56 63 65 87 89]
破产银行数 19
净资产 1072919240.8531574
正常的银行集合 [ 0  1  2  3  4  5  6  7  9 10 11 13 14 15 16 17 18 19 20 21 22 23 24 26
 27 28 30 33 34 35 36 37 39 40 41 44 45 47 48 50 53 55 57 58 59 60 61 62
 64 66 67 68 69 70 71 72 73 74 75 76 77 78 79 80 81 82 83 84 85 86 88 90]
总流动性 436232913.2901084
*************************************
epoch: 196
破产银行集合 [ 8 12 25 29 31 32 38 42 43 46 49 51 52 54 56 63 65 87 89]
破产银行数 19
净资产 1072919238.2901083
正常的银行集合 [ 0  1  2  3  4  5  6  7  9 10 11 13 14 15 16 17 18 19 20 21 22 23 24 26
 27 28 30 33 34 35 36 37 39 40 41 44 45 47 48 50 53 55 57 58 59 60 61 62
 64 66 67 68 69 70 71 72 73 74 75 76 77 78 79 80 81 82 83 84 85 86 88 90]
总流动性 436232910.9069196
*************************************
epoch: 197
破产银行集合 [ 8 12 25 29 31 32 38 42 43 46 49 51 52 54 56 63 65 87 89]
破产银行数 19
净资产 1072919235.9069196
正常的银行集合 [ 0  1  2  3  4  5  6  7  9 10 11 13 14 15 16 17 18 19 20 21 22 23 24 26
 27 28 30 33 34 35 36 37 39 40 41 44 45 47 48 50 53 55 57 58 59 60 61 62
 64 66 67 68 69 70 71 72 73 74 75 76 77 78 79 80 81 82 83 84 85 86 88 90]
总流动性 436232907.9708805
*************************************
epoch: 198
破产银行集合 [ 8 12 25 29 31 32 38 42 43 46 49 51 52 54 56 63 65 87 89]
破产银行数 19
净资产 1072919232.9708806
正常的银行集合 [ 0  1  2  3  4  5  6  7  9 10 11 13 14 15 16 17 18 19 20 21 22 23 24 26
 27 28 30 33 34 35 36 37 39 40 41 44 45 47 48 50 53 55 57 58 59 60 61 62
 64 66 67 68 69 70 71 72 73 74 75 76 77 78 79 80 81 82 83 84 85 86 88 90]
总流动性 436232907.8336837
*************************************
epoch: 199
破产银行集合 [ 8 12 25 29 31 32 38 42 43 46 49 51 52 54 56 63 65 87 89]
破产银行数 19
净资产 1072919232.8336837
正常的银行集合 [ 0  1  2  3  4  5  6  7  9 10 11 13 14 15 16 17 18 19 20 21 22 23 24 26
 27 28 30 33 34 35 36 37 39 40 41 44 45 47 48 50 53 55 57 58 59 60 61 62
 64 66 67 68 69 70 71 72 73 74 75 76 77 78 79 80 81 82 83 84 85 86 88 90]
总流动性 436232906.068046
*************************************
epoch: 200
破产银行集合 [ 8 12 25 29 31 32 38 42 43 46 49 51 52 54 56 63 65 87 89]
破产银行数 19
净资产 1072919231.0680461
正常的银行集合 [ 0  1  2  3  4  5  6  7  9 10 11 13 14 15 16 17 18 19 20 21 22 23 24 26
 27 28 30 33 34 35 36 37 39 40 41 44 45 47 48 50 53 55 57 58 59 60 61 62
 64 66 67 68 69 70 71 72 73 74 75 76 77 78 79 80 81 82 83 84 85 86 88 90]
总流动性 436232905.8574724
*************************************
epoch: 201
破产银行集合 [ 8 12 25 29 31 32 38 42 43 46 49 51 52 54 56 63 65 87 89]
破产银行数 19
净资产 1072919230.8574727
正常的银行集合 [ 0  1  2  3  4  5  6  7  9 10 11 13 14 15 16 17 18 19 20 21 22 23 24 26
 27 28 30 33 34 35 36 37 39 40 41 44 45 47 48 50 53 55 57 58 59 60 61 62
 64 66 67 68 69 70 71 72 73 74 75 76 77 78 79 80 81 82 83 84 85 86 88 90]
总流动性 436232903.6691103
*************************************
epoch: 202
破产银行集合 [ 8 12 25 29 31 32 38 42 43 46 49 51 52 54 56 63 65 87 89]
破产银行数 19
净资产 1072919228.6691103
正常的银行集合 [ 0  1  2  3  4  5  6  7  9 10 11 13 14 15 16 17 18 19 20 21 22 23 24 26
 27 28 30 33 34 35 36 37 39 40 41 44 45 47 48 50 53 55 57 58 59 60 61 62
 64 66 67 68 69 70 71 72 73 74 75 76 77 78 79 80 81 82 83 84 85 86 88 90]
总流动性 436232902.184097
*************************************
epoch: 203
破产银行集合 [ 8 12 25 29 31 32 38 42 43 46 49 51 52 54 56 63 65 87 89]
破产银行数 19
净资产 1072919227.184097
正常的银行集合 [ 0  1  2  3  4  5  6  7  9 10 11 13 14 15 16 17 18 19 20 21 22 23 24 26
 27 28 30 33 34 35 36 37 39 40 41 44 45 47 48 50 53 55 57 58 59 60 61 62
 64 66 67 68 69 70 71 72 73 74 75 76 77 78 79 80 81 82 83 84 85 86 88 90]
总流动性 436232900.9067479
*************************************
epoch: 204
破产银行集合 [ 8 12 25 29 31 32 38 42 43 46 49 51 52 54 56 63 65 87 89]
破产银行数 19
净资产 1072919225.906748
正常的银行集合 [ 0  1  2  3  4  5  6  7  9 10 11 13 14 15 16 17 18 19 20 21 22 23 24 26
 27 28 30 33 34 35 36 37 39 40 41 44 45 47 48 50 53 55 57 58 59 60 61 62
 64 66 67 68 69 70 71 72 73 74 75 76 77 78 79 80 81 82 83 84 85 86 88 90]
总流动性 436232900.1131055
*************************************
epoch: 205
破产银行集合 [ 8 12 25 29 31 32 38 42 43 46 49 51 52 54 56 63 65 87 89]
破产银行数 19
净资产 1072919225.1131055
正常的银行集合 [ 0  1  2  3  4  5  6  7  9 10 11 13 14 15 16 17 18 19 20 21 22 23 24 26
 27 28 30 33 34 35 36 37 39 40 41 44 45 47 48 50 53 55 57 58 59 60 61 62
 64 66 67 68 69 70 71 72 73 74 75 76 77 78 79 80 81 82 83 84 85 86 88 90]
总流动性 436232899.5834979
*************************************
epoch: 206
破产银行集合 [ 8 12 25 29 31 32 38 42 43 46 49 51 52 54 56 63 65 87 89]
破产银行数 19
净资产 1072919224.5834979
正常的银行集合 [ 0  1  2  3  4  5  6  7  9 10 11 13 14 15 16 17 18 19 20 21 22 23 24 26
 27 28 30 33 34 35 36 37 39 40 41 44 45 47 48 50 53 55 57 58 59 60 61 62
 64 66 67 68 69 70 71 72 73 74 75 76 77 78 79 80 81 82 83 84 85 86 88 90]
总流动性 436232898.65305686
*************************************
epoch: 207
破产银行集合 [ 8 12 25 29 31 32 38 42 43 46 49 51 52 54 56 63 65 87 89]
破产银行数 19
净资产 1072919223.653057
正常的银行集合 [ 0  1  2  3  4  5  6  7  9 10 11 13 14 15 16 17 18 19 20 21 22 23 24 26
 27 28 30 33 34 35 36 37 39 40 41 44 45 47 48 50 53 55 57 58 59 60 61 62
 64 66 67 68 69 70 71 72 73 74 75 76 77 78 79 80 81 82 83 84 85 86 88 90]
总流动性 436232897.9215904
*************************************
epoch: 208
破产银行集合 [ 8 12 25 29 31 32 38 42 43 46 49 51 52 54 56 63 65 87 89]
破产银行数 19
净资产 1072919222.9215904
正常的银行集合 [ 0  1  2  3  4  5  6  7  9 10 11 13 14 15 16 17 18 19 20 21 22 23 24 26
 27 28 30 33 34 35 36 37 39 40 41 44 45 47 48 50 53 55 57 58 59 60 61 62
 64 66 67 68 69 70 71 72 73 74 75 76 77 78 79 80 81 82 83 84 85 86 88 90]
总流动性 436232897.1594617
*************************************
epoch: 209
破产银行集合 [ 8 12 25 29 31 32 38 42 43 46 49 51 52 54 56 63 65 87 89]
破产银行数 19
净资产 1072919222.1594617
正常的银行集合 [ 0  1  2  3  4  5  6  7  9 10 11 13 14 15 16 17 18 19 20 21 22 23 24 26
 27 28 30 33 34 35 36 37 39 40 41 44 45 47 48 50 53 55 57 58 59 60 61 62
 64 66 67 68 69 70 71 72 73 74 75 76 77 78 79 80 81 82 83 84 85 86 88 90]
总流动性 436232896.378673
*************************************
epoch: 210
破产银行集合 [ 8 12 25 29 31 32 38 42 43 46 49 51 52 54 56 63 65 87 89]
破产银行数 19
净资产 1072919221.3786731
正常的银行集合 [ 0  1  2  3  4  5  6  7  9 10 11 13 14 15 16 17 18 19 20 21 22 23 24 26
 27 28 30 33 34 35 36 37 39 40 41 44 45 47 48 50 53 55 57 58 59 60 61 62
 64 66 67 68 69 70 71 72 73 74 75 76 77 78 79 80 81 82 83 84 85 86 88 90]
总流动性 436232895.8467579
*************************************
epoch: 211
破产银行集合 [ 8 12 25 29 31 32 38 42 43 46 49 51 52 54 56 63 65 87 89]
破产银行数 19
净资产 1072919220.8467579
正常的银行集合 [ 0  1  2  3  4  5  6  7  9 10 11 13 14 15 16 17 18 19 20 21 22 23 24 26
 27 28 30 33 34 35 36 37 39 40 41 44 45 47 48 50 53 55 57 58 59 60 61 62
 64 66 67 68 69 70 71 72 73 74 75 76 77 78 79 80 81 82 83 84 85 86 88 90]
总流动性 436232895.43405044
*************************************
epoch: 212
破产银行集合 [ 8 12 25 29 31 32 38 42 43 46 49 51 52 54 56 63 65 87 89]
破产银行数 19
净资产 1072919220.4340504
正常的银行集合 [ 0  1  2  3  4  5  6  7  9 10 11 13 14 15 16 17 18 19 20 21 22 23 24 26
 27 28 30 33 34 35 36 37 39 40 41 44 45 47 48 50 53 55 57 58 59 60 61 62
 64 66 67 68 69 70 71 72 73 74 75 76 77 78 79 80 81 82 83 84 85 86 88 90]
总流动性 436232895.12338454
*************************************
epoch: 213
破产银行集合 [ 8 12 25 29 31 32 38 42 43 46 49 51 52 54 56 63 65 87 89]
破产银行数 19
净资产 1072919220.1233845
正常的银行集合 [ 0  1  2  3  4  5  6  7  9 10 11 13 14 15 16 17 18 19 20 21 22 23 24 26
 27 28 30 33 34 35 36 37 39 40 41 44 45 47 48 50 53 55 57 58 59 60 61 62
 64 66 67 68 69 70 71 72 73 74 75 76 77 78 79 80 81 82 83 84 85 86 88 90]
总流动性 436232895.0333016
*************************************
epoch: 214
破产银行集合 [ 8 12 25 29 31 32 38 42 43 46 49 51 52 54 56 63 65 87 89]
破产银行数 19
净资产 1072919220.0333015
正常的银行集合 [ 0  1  2  3  4  5  6  7  9 10 11 13 14 15 16 17 18 19 20 21 22 23 24 26
 27 28 30 33 34 35 36 37 39 40 41 44 45 47 48 50 53 55 57 58 59 60 61 62
 64 66 67 68 69 70 71 72 73 74 75 76 77 78 79 80 81 82 83 84 85 86 88 90]
总流动性 436232894.36429805
*************************************
epoch: 215
破产银行集合 [ 8 12 25 29 31 32 38 42 43 46 49 51 52 54 56 63 65 87 89]
破产银行数 19
净资产 1072919219.3642981
正常的银行集合 [ 0  1  2  3  4  5  6  7  9 10 11 13 14 15 16 17 18 19 20 21 22 23 24 26
 27 28 30 33 34 35 36 37 39 40 41 44 45 47 48 50 53 55 57 58 59 60 61 62
 64 66 67 68 69 70 71 72 73 74 75 76 77 78 79 80 81 82 83 84 85 86 88 90]
总流动性 436232894.0464366
*************************************
epoch: 216
破产银行集合 [ 8 12 25 29 31 32 38 42 43 46 49 51 52 54 56 63 65 87 89]
破产银行数 19
净资产 1072919219.0464365
正常的银行集合 [ 0  1  2  3  4  5  6  7  9 10 11 13 14 15 16 17 18 19 20 21 22 23 24 26
 27 28 30 33 34 35 36 37 39 40 41 44 45 47 48 50 53 55 57 58 59 60 61 62
 64 66 67 68 69 70 71 72 73 74 75 76 77 78 79 80 81 82 83 84 85 86 88 90]
总流动性 436232893.6957744
*************************************
epoch: 217
破产银行集合 [ 8 12 25 29 31 32 38 42 43 46 49 51 52 54 56 63 65 87 89]
破产银行数 19
净资产 1072919218.6957746
正常的银行集合 [ 0  1  2  3  4  5  6  7  9 10 11 13 14 15 16 17 18 19 20 21 22 23 24 26
 27 28 30 33 34 35 36 37 39 40 41 44 45 47 48 50 53 55 57 58 59 60 61 62
 64 66 67 68 69 70 71 72 73 74 75 76 77 78 79 80 81 82 83 84 85 86 88 90]
总流动性 436232893.5471574
*************************************
epoch: 218
破产银行集合 [ 8 12 25 29 31 32 38 42 43 46 49 51 52 54 56 63 65 87 89]
破产银行数 19
净资产 1072919218.5471573
正常的银行集合 [ 0  1  2  3  4  5  6  7  9 10 11 13 14 15 16 17 18 19 20 21 22 23 24 26
 27 28 30 33 34 35 36 37 39 40 41 44 45 47 48 50 53 55 57 58 59 60 61 62
 64 66 67 68 69 70 71 72 73 74 75 76 77 78 79 80 81 82 83 84 85 86 88 90]
总流动性 436232893.283465
*************************************
epoch: 219
破产银行集合 [ 8 12 25 29 31 32 38 42 43 46 49 51 52 54 56 63 65 87 89]
破产银行数 19
净资产 1072919218.2834653
正常的银行集合 [ 0  1  2  3  4  5  6  7  9 10 11 13 14 15 16 17 18 19 20 21 22 23 24 26
 27 28 30 33 34 35 36 37 39 40 41 44 45 47 48 50 53 55 57 58 59 60 61 62
 64 66 67 68 69 70 71 72 73 74 75 76 77 78 79 80 81 82 83 84 85 86 88 90]
总流动性 436232893.12076896
*************************************
epoch: 220
破产银行集合 [ 8 12 25 29 31 32 38 42 43 46 49 51 52 54 56 63 65 87 89]
破产银行数 19
净资产 1072919218.120769
正常的银行集合 [ 0  1  2  3  4  5  6  7  9 10 11 13 14 15 16 17 18 19 20 21 22 23 24 26
 27 28 30 33 34 35 36 37 39 40 41 44 45 47 48 50 53 55 57 58 59 60 61 62
 64 66 67 68 69 70 71 72 73 74 75 76 77 78 79 80 81 82 83 84 85 86 88 90]
总流动性 436232893.0014312
*************************************
epoch: 221
破产银行集合 [ 8 12 25 29 31 32 38 42 43 46 49 51 52 54 56 63 65 87 89]
破产银行数 19
净资产 1072919218.0014313
正常的银行集合 [ 0  1  2  3  4  5  6  7  9 10 11 13 14 15 16 17 18 19 20 21 22 23 24 26
 27 28 30 33 34 35 36 37 39 40 41 44 45 47 48 50 53 55 57 58 59 60 61 62
 64 66 67 68 69 70 71 72 73 74 75 76 77 78 79 80 81 82 83 84 85 86 88 90]
总流动性 436232892.72897947
*************************************
epoch: 222
破产银行集合 [ 8 12 25 29 31 32 38 42 43 46 49 51 52 54 56 63 65 87 89]
破产银行数 19
净资产 1072919217.7289796
正常的银行集合 [ 0  1  2  3  4  5  6  7  9 10 11 13 14 15 16 17 18 19 20 21 22 23 24 26
 27 28 30 33 34 35 36 37 39 40 41 44 45 47 48 50 53 55 57 58 59 60 61 62
 64 66 67 68 69 70 71 72 73 74 75 76 77 78 79 80 81 82 83 84 85 86 88 90]
总流动性 436232892.53674644
*************************************
epoch: 223
破产银行集合 [ 8 12 25 29 31 32 38 42 43 46 49 51 52 54 56 63 65 87 89]
破产银行数 19
净资产 1072919217.5367464
正常的银行集合 [ 0  1  2  3  4  5  6  7  9 10 11 13 14 15 16 17 18 19 20 21 22 23 24 26
 27 28 30 33 34 35 36 37 39 40 41 44 45 47 48 50 53 55 57 58 59 60 61 62
 64 66 67 68 69 70 71 72 73 74 75 76 77 78 79 80 81 82 83 84 85 86 88 90]
总流动性 436232892.3348198
*************************************
epoch: 224
P.sum() - prev_P.sum() 0.04059845209121704
破产银行集合 [ 8 12 25 29 31 32 38 42 43 46 49 51 52 54 56 63 65 87 89]
破产银行数 19
净资产 1072919217.3348198
正常的银行集合 [ 0  1  2  3  4  5  6  7  9 10 11 13 14 15 16 17 18 19 20 21 22 23 24 26
 27 28 30 33 34 35 36 37 39 40 41 44 45 47 48 50 53 55 57 58 59 60 61 62
 64 66 67 68 69 70 71 72 73 74 75 76 77 78 79 80 81 82 83 84 85 86 88 90]
总流动性 436232892.29422134
保存违约标签成功
违约标签路径 data/United Kingdom_2020/删除孤立节点/阈值\违约标签_20240321_211149.csv
[[0. 1. 1. ... 1. 1. 0.]
 [1. 0. 1. ... 1. 0. 0.]
 [1. 1. 0. ... 1. 0. 0.]
 ...
 [1. 0. 1. ... 0. 0. 0.]
 [0. 0. 0. ... 0. 0. 0.]
 [1. 0. 0. ... 0. 0. 0.]]
********** [78. 57. 63. 64. 56. 70. 48. 55. 69. 39. 41. 29. 47. 34. 53. 29. 28. 23.
 53. 32. 55. 18. 18. 64. 25. 38. 23. 23. 39. 44. 13. 13. 38. 24. 56. 14.
 12.  3.  4. 12. 12. 14. 12. 36. 19. 14.  7. 12. 12. 31.  7.  7. 24.  0.
 25.  0. 23. 12. 12.  6. 13. 17.  6. 12.  2. 12.  2.  4.  0. 12. 12. 20.
  0.  0. 11.  0. 14.  0.  2.  2.  0.  2.  3. 12.  2. 12.  6. 12.  2.  0.]
原始特征结果已保存为CSV文件，路径是: data_feature\United Kingdom\2020/原始特征.csv
原始特征结果已保存为CSV文件，路径是: data_feature\United Kingdom\2020/max_min.csv
Yeo特征结果已保存为CSV文件，路径是: data_feature\United Kingdom\2020/yeojohnson_features.csv
Yeo特征结果已保存为CSV文件，路径是: data_feature\United Kingdom\2020/cdf_scaled_features.csv
cdf结果已保存为CSV文件路径是: data_feature\United Kingdom\2020/kde_differences.csv
Processing...
    External_Assets  Lent_Funds  ...  Average_Indegree_of_In_Neighbors  y
0       248913217.0  79231466.0  ...                         23.576923  0
1       174007270.0  10020513.0  ...                         30.368421  0
2        81764509.0  17287827.0  ...                         28.047619  0
3        94973936.0  20004367.0  ...                         28.046875  0
4        55681612.0   7774519.0  ...                         30.625000  0
..              ...         ...  ...                               ... ..
85         102393.0    165801.0  ...                         58.416667  0
86            246.0     37203.0  ...                         64.166667  0
87           2164.0    107230.0  ...                         58.416667  1
88            157.0     10214.0  ...                         73.500000  0
89          29407.0         0.0  ...                          0.000000  1

[90 rows x 14 columns]
    External_Assets  Lent_Funds  ...  PageRank  Average_Indegree_of_In_Neighbors
0       248913217.0  79231466.0  ...  0.060133                         23.576923
1       174007270.0  10020513.0  ...  0.025454                         30.368421
2        81764509.0  17287827.0  ...  0.029478                         28.047619
3        94973936.0  20004367.0  ...  0.031566                         28.046875
4        55681612.0   7774519.0  ...  0.024503                         30.625000
..              ...         ...  ...       ...                               ...
85         102393.0    165801.0  ...  0.006461                         58.416667
86            246.0     37203.0  ...  0.004490                         64.166667
87           2164.0    107230.0  ...  0.006461                         58.416667
88            157.0     10214.0  ...  0.003168                         73.500000
89          29407.0         0.0  ...  0.002129                          0.000000

[90 rows x 13 columns]
x shape torch.Size([90, 13])
y shape torch.Size([90, 1])
***y torch.Size([90])
(90,)
[0 0 0 0 0 0 0 0 1 0 0 0 1 0 0 0 0 0 0 0 0 0 0 0 0 1 0 0 0 1 0 1 1 0 0 0 0
 0 1 0 0 0 1 1 0 0 1 0 0 1 0 1 1 0 1 0 1 0 0 0 0 0 0 1 0 1 0 0 0 0 0 0 0 0
 0 0 0 0 0 0 0 0 0 0 0 0 0 1 0 1]
Edge index shape: torch.Size([2, 1981])
Edge weight shape: torch.Size([1981, 1])
Edge index: tensor([[ 0,  0,  0,  ..., 89, 89, 89],
        [ 1,  2,  3,  ...,  0,  5,  8]])
Edge weight: tensor([[0.0418],
        [0.0740],
        [0.0869],
        ...,
        [0.5852],
        [0.2554],
        [0.2466]])
*******edgeweitg torch.Size([1981])
data[0]保存
    External_Assets  Lent_Funds  ...  Average_Indegree_of_In_Neighbors  y
0      1.000000e+00    1.000000  ...                          0.320774  0
1      6.990680e-01    0.126471  ...                          0.413176  0
2      3.284860e-01    0.218194  ...                          0.381600  0
3      3.815544e-01    0.252480  ...                          0.381590  0
4      2.236989e-01    0.098124  ...                          0.416667  0
..              ...         ...  ...                               ... ..
85     4.113602e-04    0.002093  ...                          0.794785  0
86     9.882963e-07    0.000470  ...                          0.873016  0
87     8.693793e-06    0.001353  ...                          0.794785  1
88     6.307419e-07    0.000129  ...                          1.000000  0
89     1.181416e-04    0.000000  ...                          0.000000  1

[90 rows x 14 columns]
    External_Assets  Lent_Funds  ...  PageRank  Average_Indegree_of_In_Neighbors
0      1.000000e+00    1.000000  ...  0.060133                          0.320774
1      6.990680e-01    0.126471  ...  0.025454                          0.413176
2      3.284860e-01    0.218194  ...  0.029478                          0.381600
3      3.815544e-01    0.252480  ...  0.031566                          0.381590
4      2.236989e-01    0.098124  ...  0.024503                          0.416667
..              ...         ...  ...       ...                               ...
85     4.113602e-04    0.002093  ...  0.006461                          0.794785
86     9.882963e-07    0.000470  ...  0.004490                          0.873016
87     8.693793e-06    0.001353  ...  0.006461                          0.794785
88     6.307419e-07    0.000129  ...  0.003168                          1.000000
89     1.181416e-04    0.000000  ...  0.002129                          0.000000

[90 rows x 13 columns]
x shape torch.Size([90, 13])
y shape torch.Size([90, 1])
***y torch.Size([90])
(90,)
[0 0 0 0 0 0 0 0 1 0 0 0 1 0 0 0 0 0 0 0 0 0 0 0 0 1 0 0 0 1 0 1 1 0 0 0 0
 0 1 0 0 0 1 1 0 0 1 0 0 1 0 1 1 0 1 0 1 0 0 0 0 0 0 1 0 1 0 0 0 0 0 0 0 0
 0 0 0 0 0 0 0 0 0 0 0 0 0 1 0 1]
Edge index shape: torch.Size([2, 1981])
Edge weight shape: torch.Size([1981, 1])
Edge index: tensor([[ 0,  0,  0,  ..., 89, 89, 89],
        [ 1,  2,  3,  ...,  0,  5,  8]])
Edge weight: tensor([[0.0418],
        [0.0740],
        [0.0869],
        ...,
        [0.5852],
        [0.2554],
        [0.2466]])
*******edgeweitg torch.Size([1981])
data[1]保存
    External_Assets  Lent_Funds  ...  Basic_Default  y
0          1.000000    1.000000  ...              0  0
1          0.988889    0.933333  ...              0  0
2          0.944444    0.944444  ...              0  0
3          0.966667    0.955556  ...              0  0
4          0.922222    0.900000  ...              0  0
..              ...         ...  ...            ... ..
85         0.288889    0.466667  ...              0  0
86         0.033333    0.233333  ...              0  0
87         0.077778    0.377778  ...              1  1
88         0.011111    0.177778  ...              0  0
89         0.122222    0.100000  ...              1  1

[90 rows x 14 columns]
    External_Assets  Lent_Funds  ...  PageRank  Average_Indegree_of_In_Neighbors
0          1.000000    1.000000  ...  1.000000                          0.111111
1          0.988889    0.933333  ...  0.933333                          0.177778
2          0.944444    0.944444  ...  0.944444                          0.166667
3          0.966667    0.955556  ...  0.966667                          0.155556
4          0.922222    0.900000  ...  0.922222                          0.200000
..              ...         ...  ...       ...                               ...
85         0.288889    0.466667  ...  0.466667                          0.755556
86         0.033333    0.233333  ...  0.255556                          0.844444
87         0.077778    0.377778  ...  0.466667                          0.755556
88         0.011111    0.177778  ...  0.177778                          1.000000
89         0.122222    0.100000  ...  0.100000                          0.100000

[90 rows x 13 columns]
x shape torch.Size([90, 13])
y shape torch.Size([90, 1])
***y torch.Size([90])
(90,)
[0 0 0 0 0 0 0 0 1 0 0 0 1 0 0 0 0 0 0 0 0 0 0 0 0 1 0 0 0 1 0 1 1 0 0 0 0
 0 1 0 0 0 1 1 0 0 1 0 0 1 0 1 1 0 1 0 1 0 0 0 0 0 0 1 0 1 0 0 0 0 0 0 0 0
 0 0 0 0 0 0 0 0 0 0 0 0 0 1 0 1]
Edge index shape: torch.Size([2, 1981])
Edge weight shape: torch.Size([1981, 1])
Edge index: tensor([[ 0,  0,  0,  ..., 89, 89, 89],
        [ 1,  2,  3,  ...,  0,  5,  8]])
Edge weight: tensor([[0.0418],
        [0.0740],
        [0.0869],
        ...,
        [0.5852],
        [0.2554],
        [0.2466]])
*******edgeweitg torch.Size([1981])
data[2]保存
*****
x.shape torch.Size([90, 13])
Done!
数据集将被保存在 ../GCN/foreign_dataset/United Kingdom/2020\train0.08_val0.02_test0.9 路径下。
数据集已成功保存。

Process finished with exit code 0
