0 1685075 2986422 3506350 1343875 6709977 882815 1329123 6480296 320858 377213 159086 697594 215173 1217400 169443 167454 108060 1231346 198542 1282822 73227 70086 3976605 131930 325799 97600 97600 331106 488422 36714 41023 322107 105815 1429028 52818 22729 6534 7569 16528 16528 48971 22791 295512 81818 48360 11708 24869 20007 177354 11467 11486 112155 0 136179 0 99307 23415 20039 10881 35905 61619 9739 24383 4118 21793 3200 8052 0 18491 20289 93984 0 0 16176 0 47255 0 4112 4248 0 3439 6515 22445 3483 31897 9699 20629 4822 0 35767758
2930611 0 569181 668274 256129 1278852 168255 253317 1235077 61152 71893 30320 132954 41010 232024 32294 31915 20595 234682 37840 244492 13956 13358 757899 25145 62094 18602 18602 63105 93088 6997 7819 61390 20167 272358 10067 4332 0 0 3150 3150 9333 4344 56322 15594 9217 0 4740 3813 33802 0 0 21376 0 25954 0 18927 4463 3819 0 6843 11744 0 4647 0 4154 0 0 0 3524 3867 17912 0 0 0 0 9006 0 0 0 0 0 0 4278 0 6079 0 3932 0 0 9153567
5481150 600664 0 1249879 479040 2391848 314689 473781 2309976 114373 134462 56708 248665 76701 433956 60400 59691 38519 438927 70773 457277 26102 24983 1417506 47028 116135 34791 34791 118027 174104 13087 14623 114819 37719 509393 18828 8102 0 0 5892 5892 17456 8124 105339 29165 17238 4173 8865 7132 63220 4087 4094 39979 0 48542 0 35399 8346 7143 3879 12799 21965 3472 8692 0 7768 0 0 0 6591 7232 33502 0 0 5766 0 16845 0 0 0 0 0 0 8001 0 11370 3457 7354 0 0 16680348
6781148 743128 1317029 0 592656 2959138 389326 586151 2857847 141500 166353 70158 307643 94893 536880 74726 73848 47655 543031 87558 565732 32293 30908 1753705 58182 143679 43042 43042 146020 215397 16191 18091 142051 46665 630209 23293 10024 0 3338 7289 7289 21596 10051 130323 36082 21327 5163 10967 8823 78214 5057 5066 49461 0 60056 0 43795 10326 8837 4799 15834 27174 4295 10753 0 9611 0 3551 0 8155 8948 41447 0 0 7134 0 20840 0 0 0 0 0 0 9898 0 14067 4277 9098 0 0 20426624
5383095 589919 1045500 1227519 0 2349059 309060 465306 2268652 112327 132056 55694 244217 75329 426193 59320 58623 37830 431075 69507 449096 25636 24536 1392148 46187 114057 34168 34168 115915 170989 12853 14362 112765 37044 500281 18491 7957 0 0 5786 5786 17144 7979 103454 28643 16930 4099 8706 7004 62089 4014 4021 39264 0 47674 0 34766 8197 7015 3809 12570 21572 3409 8536 0 7629 0 0 0 6473 7103 32902 0 0 5663 0 16543 0 0 0 0 0 0 7858 0 11167 3395 7222 0 0 16891087
4283144 469378 831869 976695 374337 0 245908 370228 1805088 89375 105073 44314 194315 59937 339107 47199 46644 30100 342992 55304 357330 20397 19523 1107684 36749 90751 27186 27186 92230 136050 10227 11427 89723 29475 398056 14713 6331 0 0 4604 4604 13641 6348 82315 22790 13471 3261 6927 5573 49402 3194 3200 31241 0 37933 0 27662 6522 5582 0 10001 17164 0 6792 0 6071 0 0 0 5151 5652 26179 0 0 4506 0 13163 0 0 0 0 0 0 6252 0 8885 0 5746 0 0 12124647
3119033 341806 605776 711240 272596 1361074 0 269604 1314485 65084 76515 32270 141502 43646 246942 34370 33967 21919 249770 40273 260212 14854 14217 806628 26761 66086 19798 19798 67163 99073 7447 8321 65337 21464 289869 10714 4610 0 0 3353 3353 9933 4623 59943 16596 9809 0 5044 4058 35975 0 0 22750 0 27623 0 20144 4750 4065 0 7283 12499 0 4946 0 4421 0 0 0 3751 4116 19064 0 0 3281 0 9585 0 0 0 0 0 0 4553 0 6470 0 4185 0 0 9882894
8769956 961076 1703293 1999832 766473 3827008 503510 0 3696010 183000 215142 90734 397870 122723 694339 96641 95507 61632 702293 113238 731652 41765 39973 2268040 75246 185818 55666 55666 188845 278569 20940 23397 183712 60351 815040 30125 12963 3726 4317 9427 9427 27930 12999 168544 46665 27582 6677 14184 11411 101153 6540 6551 63967 0 77669 0 56639 13355 11429 6206 20478 35144 5554 13907 0 12430 0 4592 0 10546 11572 53603 0 0 9226 0 26952 0 0 0 0 0 3716 12801 0 18192 5532 11766 0 0 27509483
17194383 1884286 3339479 3920873 1502749 7503235 987182 1486253 0 358790 421807 177894 780064 240611 1361322 189475 187251 120835 1376917 222014 1434478 81884 78372 4446721 147527 364316 109138 109138 370250 546163 41054 45873 360187 118324 1597968 59063 25416 7306 8464 18482 18482 54760 25485 330448 91491 54077 13092 27808 22372 198321 12822 12844 125414 0 152278 0 111047 26183 22408 12167 40149 68903 10890 27266 4605 24370 3578 9004 0 20677 22688 105095 0 0 18088 0 52841 0 4599 4750 0 3846 7285 25098 3894 35668 10845 23068 5393 0 48804335
110358 12094 21434 25165 9645 48158 6336 9539 46509 0 0 0 5007 0 8737 0 0 0 8837 0 9207 0 0 28540 0 0 0 0 0 3505 0 0 0 0 10256 0 0 0 0 0 0 0 0 0 0 0 0 0 0 0 0 0 0 0 0 0 0 0 0 0 0 0 0 0 0 0 0 0 0 0 0 0 0 0 0 0 0 0 0 0 0 0 0 0 0 0 0 0 0 0 386711
3447774 377832 669624 786204 301327 1504530 197947 298020 1453030 71944 0 35671 156416 48247 272969 37993 37547 24230 276096 44518 287638 16419 15715 891645 29582 73052 21884 21884 74242 109515 8232 9198 72224 23726 320421 11843 5096 0 0 3706 3706 10980 5110 66261 18346 10843 0 5576 4486 39767 0 0 25148 0 30534 0 22267 5250 4493 0 8051 13816 0 5467 0 4887 0 0 0 4146 4549 21073 0 0 3627 0 10596 0 0 0 0 0 0 5033 0 7152 0 4626 0 0 11024915
14082 0 0 3211 0 6145 0 0 5935 0 0 0 0 0 0 0 0 0 0 0 0 0 0 3642 0 0 0 0 0 0 0 0 0 0 0 0 0 0 0 0 0 0 0 0 0 0 0 0 0 0 0 0 0 0 0 0 0 0 0 0 0 0 0 0 0 0 0 0 0 0 0 0 0 0 0 0 0 0 0 0 0 0 0 0 0 0 0 0 0 0 62972
3667228 401882 712246 836246 320507 1600294 210547 316989 1545516 76523 89963 37941 0 51318 290343 40411 39937 25772 293670 47351 305946 17464 16715 948399 31465 77701 23277 23277 78967 116486 8756 9784 76821 25236 340816 12597 5421 0 0 3942 3942 11679 5435 70478 19513 11534 0 5931 4772 42298 0 0 26748 0 32478 0 23684 5584 4779 0 8563 14696 0 5815 0 5198 0 0 0 4410 4839 22415 0 0 3858 0 11270 0 0 0 0 0 0 5353 0 7607 0 4920 0 0 11659005
188826 20693 36674 43058 16503 82399 10841 16322 79579 3940 4632 0 8567 0 14950 0 0 0 15121 0 15753 0 0 48833 0 4001 0 0 4066 5998 0 0 3956 0 17549 0 0 0 0 0 0 0 0 3629 0 0 0 0 0 0 0 0 0 0 0 0 0 0 0 0 0 0 0 0 0 0 0 0 0 0 0 0 0 0 0 0 0 0 0 0 0 0 0 0 0 0 0 0 0 0 639896
1482952 162513 288018 338161 129607 647126 85141 128184 624975 30944 36379 15343 67278 20752 0 16342 16150 10422 118754 19148 123718 7062 6759 383513 12724 31421 9413 9413 31933 47105 3541 3956 31065 10205 137819 5094 0 0 0 0 0 4723 0 28500 7891 4664 0 0 0 17104 0 0 10816 0 13133 0 9577 0 0 0 3463 5943 0 0 0 0 0 0 0 0 0 9064 0 0 0 0 4557 0 0 0 0 0 0 0 0 0 0 0 0 0 4703357
885047 96990 171893 201819 77351 386214 50813 76502 372994 18468 21712 9157 40152 12385 70071 0 9638 6220 70874 11428 73837 4215 4034 228886 7594 18752 5618 5618 19058 28113 0 0 18540 6090 82252 0 0 0 0 0 0 0 0 17009 4709 0 0 0 0 10208 0 0 6455 0 7838 0 5716 0 0 0 0 3547 0 0 0 0 0 0 0 0 0 5410 0 0 0 0 0 0 0 0 0 0 0 0 0 0 0 0 0 0 2878342
883723 96845 171636 201517 77235 385636 50737 76387 372436 18440 21679 9143 40092 12366 69967 9738 0 6210 70768 11411 73726 4208 4028 228544 7582 18724 5609 5609 19029 28071 0 0 18512 6081 82129 0 0 0 0 0 0 0 0 16984 4702 0 0 0 0 10193 0 0 6446 0 7826 0 5707 0 0 0 0 3541 0 0 0 0 0 0 0 0 0 5401 0 0 0 0 0 0 0 0 0 0 0 0 0 0 0 0 0 0 2874136
840916 92154 163322 191756 73494 366956 48280 72687 354395 17547 20629 8700 38150 11767 66577 9267 9158 0 67340 10858 70155 4005 3833 217473 7215 17817 5338 5338 18108 26711 0 0 17615 5787 78151 0 0 0 0 0 0 0 0 16161 4474 0 0 0 0 9699 0 0 6134 0 7447 0 5431 0 0 0 0 3370 0 0 0 0 0 0 0 0 0 5140 0 0 0 0 0 0 0 0 0 0 0 0 0 0 0 0 0 0 2737789
3495980 383115 678986 797196 305540 1525566 200715 302187 1473346 72949 85762 36170 158603 48921 276785 38524 38072 24568 0 45140 291660 16649 15935 904112 29995 74073 22190 22190 75280 111046 8347 9327 73234 24058 324901 12009 5168 0 0 3758 3758 11134 5182 67187 18602 10995 0 5654 4549 40323 0 0 25499 0 30961 0 22578 5324 4556 0 8163 14010 0 5544 0 4955 0 0 0 4204 4613 21368 0 0 3678 0 10744 0 0 0 0 0 0 5103 0 7252 0 4690 0 0 11007120
628723 68900 122110 143369 54949 274361 36097 54346 264969 13119 15424 6505 28524 8798 49778 6928 6847 4418 50348 0 52453 0 0 162597 5394 13321 3991 3991 13538 19971 0 0 13170 4327 58431 0 0 0 0 0 0 0 0 12083 3345 0 0 0 0 7252 0 0 4586 0 5568 0 4061 0 0 0 0 0 0 0 0 0 0 0 0 0 0 3843 0 0 0 0 0 0 0 0 0 0 0 0 0 0 0 0 0 0 2052054
153133 16781 29741 34919 13383 66824 8792 13237 64536 3195 3757 0 6947 0 12124 0 0 0 12263 0 0 0 0 39602 0 3245 0 0 3297 4864 0 0 3208 0 14232 0 0 0 0 0 0 0 0 0 0 0 0 0 0 0 0 0 0 0 0 0 0 0 0 0 0 0 0 0 0 0 0 0 0 0 0 0 0 0 0 0 0 0 0 0 0 0 0 0 0 0 0 0 0 0 514611
501238 54929 97350 114299 43807 218729 28778 43326 211242 10459 12296 5186 22740 7014 39684 5523 5459 3522 40139 6472 41817 0 0 129628 4301 10620 3182 3182 10793 15921 0 0 10500 3449 46583 0 0 0 0 0 0 0 0 9633 0 0 0 0 0 5781 0 0 3656 0 4439 0 3237 0 0 0 0 0 0 0 0 0 0 0 0 0 0 0 0 0 0 0 0 0 0 0 0 0 0 0 0 0 0 0 0 0 1642924
502005 55013 97499 114473 43874 219064 28822 43392 211565 10475 12315 5194 22775 7025 39745 5532 5467 3528 40200 6482 41881 0 0 129826 4307 10637 3186 3186 10810 15946 0 0 10516 3455 46654 0 0 0 0 0 0 0 0 9648 0 0 0 0 0 5790 0 0 3662 0 4446 0 3242 0 0 0 0 0 0 0 0 0 0 0 0 0 0 0 0 0 0 0 0 0 0 0 0 0 0 0 0 0 0 0 0 0 1645630
1075491 117860 208881 245247 93995 469320 61747 92964 453255 22442 26384 11127 48792 15050 85149 11851 11712 7558 86125 13887 89725 5122 4902 0 9228 22788 6826 6826 23159 34162 0 0 22529 7401 99951 3694 0 0 0 0 0 3425 0 20669 5723 3382 0 0 0 12405 0 0 7845 0 9525 0 6946 0 0 0 0 4310 0 0 0 0 0 0 0 0 0 6574 0 0 0 0 3305 0 0 0 0 0 0 0 0 0 0 0 0 0 3248121
351751 38547 68317 80211 30742 153496 20195 30405 148242 7340 8629 3639 15958 4922 27849 3876 3831 0 28168 4542 29346 0 0 90968 0 7453 0 0 7574 11173 0 0 7368 0 32690 0 0 0 0 0 0 0 0 6760 0 0 0 0 0 4057 0 0 0 0 0 0 0 0 0 0 0 0 0 0 0 0 0 0 0 0 0 0 0 0 0 0 0 0 0 0 0 0 0 0 0 0 0 0 0 0 1170742
701135 76835 136174 159881 61278 305959 40254 60605 295486 14630 17200 7254 31809 9811 55511 7726 7636 4927 56146 9053 58494 3339 3196 181324 6016 0 4450 4450 15098 22271 0 0 14687 4825 65160 0 0 0 0 0 0 0 0 13475 3731 0 0 0 0 8087 0 0 5114 0 6209 0 4528 0 0 0 0 0 0 0 0 0 0 0 0 0 0 4285 0 0 0 0 0 0 0 0 0 0 0 0 0 0 0 0 0 0 2276720
337991 37040 65644 77073 29540 147492 19405 29215 142443 7053 8291 3497 15334 4730 26760 3725 3681 0 27066 4364 28198 0 0 87409 0 7161 0 0 7278 10736 0 0 7080 0 31411 0 0 0 0 0 0 0 0 6496 0 0 0 0 0 3898 0 0 0 0 0 0 0 0 0 0 0 0 0 0 0 0 0 0 0 0 0 0 0 0 0 0 0 0 0 0 0 0 0 0 0 0 0 0 0 0 1126366
337991 37040 65644 77073 29540 147492 19405 29215 142443 7053 8291 3497 15334 4730 26760 3725 3681 0 27066 4364 28198 0 0 87409 0 7161 0 0 7278 10736 0 0 7080 0 31411 0 0 0 0 0 0 0 0 6496 0 0 0 0 0 3898 0 0 0 0 0 0 0 0 0 0 0 0 0 0 0 0 0 0 0 0 0 0 0 0 0 0 0 0 0 0 0 0 0 0 0 0 0 0 0 0 1126366
241835 26502 46969 55146 21136 105531 13885 20904 101919 5046 5933 0 10971 3384 19147 0 0 0 19366 0 20176 0 0 62542 0 5124 0 0 0 7682 0 0 5066 0 22475 0 0 0 0 0 0 0 0 4648 0 0 0 0 0 0 0 0 0 0 0 0 0 0 0 0 0 0 0 0 0 0 0 0 0 0 0 0 0 0 0 0 0 0 0 0 0 0 0 0 0 0 0 0 0 0 817921
588090 64447 114218 134103 51398 256629 33764 50834 247845 12271 14427 6084 26680 8229 46561 6481 6404 4133 47094 7593 49063 0 0 152089 5046 12460 3733 3733 12663 0 0 0 12319 4047 54654 0 0 0 0 0 0 0 0 11302 0 0 0 0 0 6783 0 0 4289 0 5208 0 3798 0 0 0 0 0 0 0 0 0 0 0 0 0 0 3594 0 0 0 0 0 0 0 0 0 0 0 0 0 0 0 0 0 0 1912746
244638 26809 47513 55785 21381 106755 14045 21146 103100 5105 6001 0 11099 3423 19369 0 0 0 19591 3159 20409 0 0 63267 0 5183 0 0 5268 7771 0 0 5125 0 22736 0 0 0 0 0 0 0 0 4702 0 0 0 0 0 0 0 0 0 0 0 0 0 0 0 0 0 0 0 0 0 0 0 0 0 0 0 0 0 0 0 0 0 0 0 0 0 0 0 0 0 0 0 0 0 0 827805
350092 38366 67995 79832 30597 152772 20100 30261 147543 7305 8588 3622 15883 4899 27718 3858 3813 0 28035 4520 29207 0 0 90539 0 7418 0 0 7539 11120 0 0 7334 0 32536 0 0 0 0 0 0 0 0 6728 0 0 0 0 0 4038 0 0 0 0 0 0 0 0 0 0 0 0 0 0 0 0 0 0 0 0 0 0 0 0 0 0 0 0 0 0 0 0 0 0 0 0 0 0 0 0 1169121
467521 51234 90802 106610 40860 204016 26842 40412 197032 9756 11469 4837 21210 6542 37015 5152 5091 3286 37439 6037 39004 0 0 120908 4011 9906 0 0 10067 14850 0 0 0 3217 43449 0 0 0 0 0 0 0 0 8985 0 0 0 0 0 5392 0 0 3410 0 4140 0 0 0 0 0 0 0 0 0 0 0 0 0 0 0 0 0 0 0 0 0 0 0 0 0 0 0 0 0 0 0 0 0 0 0 1536888
67072 7350 13027 15294 5862 29269 3851 5798 28267 0 0 0 0 0 5310 0 0 0 5371 0 5596 0 0 17346 0 0 0 0 0 0 0 0 0 0 6233 0 0 0 0 0 0 0 0 0 0 0 0 0 0 0 0 0 0 0 0 0 0 0 0 0 0 0 0 0 0 0 0 0 0 0 0 0 0 0 0 0 0 0 0 0 0 0 0 0 0 0 0 0 0 0 241970
504566 55294 97996 115057 44098 220181 28969 43614 212644 10529 12378 5220 22891 7061 39948 5560 5495 3546 40405 6515 42094 0 0 130488 4329 10691 3203 3203 10865 16027 0 0 10570 3472 0 0 0 0 0 0 0 0 0 9697 0 0 0 0 0 5820 0 0 3680 0 4469 0 3259 0 0 0 0 0 0 0 0 0 0 0 0 0 0 0 0 0 0 0 0 0 0 0 0 0 0 0 0 0 0 0 0 0 1616842
167716 18379 32574 38245 14658 73187 9629 14497 70682 3500 4114 0 7609 0 13278 0 0 0 13431 0 13992 0 0 43374 0 3554 0 0 3611 5327 0 0 3513 0 15587 0 0 0 0 0 0 0 0 3223 0 0 0 0 0 0 0 0 0 0 0 0 0 0 0 0 0 0 0 0 0 0 0 0 0 0 0 0 0 0 0 0 0 0 0 0 0 0 0 0 0 0 0 0 0 0 571695
105763 11590 20541 24117 9243 46153 6072 9142 44573 0 0 0 4798 0 8374 0 0 0 8469 0 8824 0 0 27352 0 0 0 0 0 3359 0 0 0 0 9829 0 0 0 0 0 0 0 0 0 0 0 0 0 0 0 0 0 0 0 0 0 0 0 0 0 0 0 0 0 0 0 0 0 0 0 0 0 0 0 0 0 0 0 0 0 0 0 0 0 0 0 0 0 0 0 374476
0 0 0 0 0 0 0 0 0 0 0 0 0 0 0 0 0 0 0 0 0 0 0 0 0 0 0 0 0 0 0 0 0 0 0 0 0 0 0 0 0 0 0 0 0 0 0 0 0 0 0 0 0 0 0 0 0 0 0 0 0 0 0 0 0 0 0 0 0 0 0 0 0 0 0 0 0 0 0 0 0 0 0 0 0 0 0 0 0 0 0
285410 31277 55432 65083 24944 124546 16386 24670 120283 5956 7002 0 12948 3994 22597 3145 0 0 22855 3685 23811 0 0 73811 0 6047 0 0 6146 9066 0 0 5979 0 26525 0 0 0 0 0 0 0 0 5485 0 0 0 0 0 3292 0 0 0 0 0 0 0 0 0 0 0 0 0 0 0 0 0 0 0 0 0 0 0 0 0 0 0 0 0 0 0 0 0 0 0 0 0 0 0 0 960349
133193 14596 25869 30372 11641 58123 7647 11513 56133 0 3267 0 6043 0 10545 0 0 0 10666 0 11112 0 0 34446 0 0 0 0 0 4231 0 0 0 0 12378 0 0 0 0 0 0 0 0 0 0 0 0 0 0 0 0 0 0 0 0 0 0 0 0 0 0 0 0 0 0 0 0 0 0 0 0 0 0 0 0 0 0 0 0 0 0 0 0 0 0 0 0 0 0 0 468431
133193 14596 25869 30372 11641 58123 7647 11513 56133 0 3267 0 6043 0 10545 0 0 0 10666 0 11112 0 0 34446 0 0 0 0 0 4231 0 0 0 0 12378 0 0 0 0 0 0 0 0 0 0 0 0 0 0 0 0 0 0 0 0 0 0 0 0 0 0 0 0 0 0 0 0 0 0 0 0 0 0 0 0 0 0 0 0 0 0 0 0 0 0 0 0 0 0 0 468431
0 0 0 0 0 0 0 0 0 0 0 0 0 0 0 0 0 0 0 0 0 0 0 0 0 0 0 0 0 0 0 0 0 0 0 0 0 0 0 0 0 0 0 0 0 0 0 0 0 0 0 0 0 0 0 0 0 0 0 0 0 0 0 0 0 0 0 0 0 0 0 0 0 0 0 0 0 0 0 0 0 0 0 0 0 0 0 0 0 0 8929
146541 16059 28461 33416 12807 63947 8413 12667 61758 0 3595 0 6648 0 11602 0 0 0 11735 0 12225 0 0 37898 0 0 0 0 3155 4655 0 0 0 0 13619 0 0 0 0 0 0 0 0 0 0 0 0 0 0 0 0 0 0 0 0 0 0 0 0 0 0 0 0 0 0 0 0 0 0 0 0 0 0 0 0 0 0 0 0 0 0 0 0 0 0 0 0 0 0 0 512104
371520 40714 72156 84718 32470 162123 21330 32114 156573 7752 9114 3844 16855 5199 29414 4094 4046 0 29751 4797 30995 0 0 96080 3188 7872 0 0 8000 11801 0 0 7783 0 34527 0 0 0 0 0 0 0 0 0 0 0 0 0 0 4285 0 0 0 0 3290 0 0 0 0 0 0 0 0 0 0 0 0 0 0 0 0 0 0 0 0 0 0 0 0 0 0 0 0 0 0 0 0 0 0 0 1229748
96071 10528 18659 21907 8396 41923 5516 8304 40488 0 0 0 4359 0 7606 0 0 0 7693 0 8015 0 0 24845 0 0 0 0 0 0 0 0 0 0 8928 0 0 0 0 0 0 0 0 0 0 0 0 0 0 0 0 0 0 0 0 0 0 0 0 0 0 0 0 0 0 0 0 0 0 0 0 0 0 0 0 0 0 0 0 0 0 0 0 0 0 0 0 0 0 0 342515
82854 9080 16092 18893 7241 36156 4757 7162 34918 0 0 0 3759 0 6560 0 0 0 6635 0 6912 0 0 21427 0 0 0 0 0 0 0 0 0 0 7700 0 0 0 0 0 0 0 0 0 0 0 0 0 0 0 0 0 0 0 0 0 0 0 0 0 0 0 0 0 0 0 0 0 0 0 0 0 0 0 0 0 0 0 0 0 0 0 0 0 0 0 0 0 0 0 295733
74569 8172 14483 17004 6517 32540 4281 6446 31426 0 0 0 3383 0 5904 0 0 0 5971 0 6221 0 0 19285 0 0 0 0 0 0 0 0 0 0 6930 0 0 0 0 0 0 0 0 0 0 0 0 0 0 0 0 0 0 0 0 0 0 0 0 0 0 0 0 0 0 0 0 0 0 0 0 0 0 0 0 0 0 0 0 0 0 0 0 0 0 0 0 0 0 0 266495
38082 4173 7396 8684 3328 16618 0 3292 16049 0 0 0 0 0 0 0 0 0 0 0 3177 0 0 9849 0 0 0 0 0 0 0 0 0 0 3539 0 0 0 0 0 0 0 0 0 0 0 0 0 0 0 0 0 0 0 0 0 0 0 0 0 0 0 0 0 0 0 0 0 0 0 0 0 0 0 0 0 0 0 0 0 0 0 0 0 0 0 0 0 0 0 146016
37582 4119 7299 8570 3285 16400 0 3249 15839 0 0 0 0 0 0 0 0 0 0 0 3135 0 0 9719 0 0 0 0 0 0 0 0 0 0 3493 0 0 0 0 0 0 0 0 0 0 0 0 0 0 0 0 0 0 0 0 0 0 0 0 0 0 0 0 0 0 0 0 0 0 0 0 0 0 0 0 0 0 0 0 0 0 0 0 0 0 0 0 0 0 0 144122
270344 29626 52506 61647 23627 117972 15521 23368 113934 5641 6632 0 12265 3783 21404 0 0 0 21649 3491 22554 0 0 69915 0 5728 0 0 5821 8587 0 0 5663 0 25125 0 0 0 0 0 0 0 0 5196 0 0 0 0 0 0 0 0 0 0 0 0 0 0 0 0 0 0 0 0 0 0 0 0 0 0 0 0 0 0 0 0 0 0 0 0 0 0 0 0 0 0 0 0 0 0 910124
49556 5431 9625 11300 4331 21625 0 4284 20885 0 0 0 0 0 3923 0 0 0 3968 0 4134 0 0 12816 0 0 0 0 0 0 0 0 0 0 4606 0 0 0 0 0 0 0 0 0 0 0 0 0 0 0 0 0 0 0 0 0 0 0 0 0 0 0 0 0 0 0 0 0 0 0 0 0 0 0 0 0 0 0 0 0 0 0 0 0 0 0 0 0 0 0 182199
45140 4947 8767 10293 3945 19698 0 3902 19024 0 0 0 0 0 3574 0 0 0 3615 0 3766 0 0 11674 0 0 0 0 0 0 0 0 0 0 4195 0 0 0 0 0 0 0 0 0 0 0 0 0 0 0 0 0 0 0 0 0 0 0 0 0 0 0 0 0 0 0 0 0 0 0 0 0 0 0 0 0 0 0 0 0 0 0 0 0 0 0 0 0 0 0 165961
276801 30334 53760 63119 24192 120789 15892 23926 116655 5776 6790 0 12558 3873 21915 0 0 0 22166 3574 23093 0 0 71585 0 5865 0 0 5960 8792 0 0 5798 0 25725 0 0 0 0 0 0 0 0 5320 0 0 0 0 0 3193 0 0 0 0 0 0 0 0 0 0 0 0 0 0 0 0 0 0 0 0 0 0 0 0 0 0 0 0 0 0 0 0 0 0 0 0 0 0 0 0 930881
42816 4692 8316 9763 3742 18684 0 3701 18044 0 0 0 0 0 3390 0 0 0 3429 0 3572 0 0 11073 0 0 0 0 0 0 0 0 0 0 3979 0 0 0 0 0 0 0 0 0 0 0 0 0 0 0 0 0 0 0 0 0 0 0 0 0 0 0 0 0 0 0 0 0 0 0 0 0 0 0 0 0 0 0 0 0 0 0 0 0 0 0 0 0 0 0 157476
198491 21752 38551 45262 17348 86617 11396 17157 83652 4142 4869 0 9005 0 15715 0 0 0 15895 0 16560 0 0 51333 0 4206 0 0 4274 6305 0 0 4158 0 18447 0 0 0 0 0 0 0 0 3815 0 0 0 0 0 0 0 0 0 0 0 0 0 0 0 0 0 0 0 0 0 0 0 0 0 0 0 0 0 0 0 0 0 0 0 0 0 0 0 0 0 0 0 0 0 0 674572
6183 0 0 0 0 0 0 0 0 0 0 0 0 0 0 0 0 0 0 0 0 0 0 0 0 0 0 0 0 0 0 0 0 0 0 0 0 0 0 0 0 0 0 0 0 0 0 0 0 0 0 0 0 0 0 0 0 0 0 0 0 0 0 0 0 0 0 0 0 0 0 0 0 0 0 0 0 0 0 0 0 0 0 0 0 0 0 0 0 0 36082
122375 13411 23768 27905 10695 53401 7026 10578 51574 0 0 0 5552 0 9689 0 0 0 9800 0 10209 0 0 31648 0 0 0 0 0 3887 0 0 0 0 11373 0 0 0 0 0 0 0 0 0 0 0 0 0 0 0 0 0 0 0 0 0 0 0 0 0 0 0 0 0 0 0 0 0 0 0 0 0 0 0 0 0 0 0 0 0 0 0 0 0 0 0 0 0 0 0 432142
0 0 0 0 0 0 0 0 0 0 0 0 0 0 0 0 0 0 0 0 0 0 0 0 0 0 0 0 0 0 0 0 0 0 0 0 0 0 0 0 0 0 0 0 0 0 0 0 0 0 0 0 0 0 0 0 0 0 0 0 0 0 0 0 0 0 0 0 0 0 0 0 0 0 0 0 0 0 0 0 0 0 0 0 0 0 0 0 0 0 12469
35833 3927 6959 8171 3132 15637 0 0 15101 0 0 0 0 0 0 0 0 0 0 0 0 0 0 9267 0 0 0 0 0 0 0 0 0 0 3330 0 0 0 0 0 0 0 0 0 0 0 0 0 0 0 0 0 0 0 0 0 0 0 0 0 0 0 0 0 0 0 0 0 0 0 0 0 0 0 0 0 0 0 0 0 0 0 0 0 0 0 0 0 0 0 143499
9429 0 0 0 0 4115 0 0 3974 0 0 0 0 0 0 0 0 0 0 0 0 0 0 0 0 0 0 0 0 0 0 0 0 0 0 0 0 0 0 0 0 0 0 0 0 0 0 0 0 0 0 0 0 0 0 0 0 0 0 0 0 0 0 0 0 0 0 0 0 0 0 0 0 0 0 0 0 0 0 0 0 0 0 0 0 0 0 0 0 0 46925
10792 0 0 0 0 4709 0 0 4548 0 0 0 0 0 0 0 0 0 0 0 0 0 0 0 0 0 0 0 0 0 0 0 0 0 0 0 0 0 0 0 0 0 0 0 0 0 0 0 0 0 0 0 0 0 0 0 0 0 0 0 0 0 0 0 0 0 0 0 0 0 0 0 0 0 0 0 0 0 0 0 0 0 0 0 0 0 0 0 0 0 53674
30393 3331 5903 6931 0 13263 0 0 12809 0 0 0 0 0 0 0 0 0 0 0 0 0 0 7860 0 0 0 0 0 0 0 0 0 0 0 0 0 0 0 0 0 0 0 0 0 0 0 0 0 0 0 0 0 0 0 0 0 0 0 0 0 0 0 0 0 0 0 0 0 0 0 0 0 0 0 0 0 0 0 0 0 0 0 0 0 0 0 0 0 0 127040
0 0 0 0 0 0 0 0 0 0 0 0 0 0 0 0 0 0 0 0 0 0 0 0 0 0 0 0 0 0 0 0 0 0 0 0 0 0 0 0 0 0 0 0 0 0 0 0 0 0 0 0 0 0 0 0 0 0 0 0 0 0 0 0 0 0 0 0 0 0 0 0 0 0 0 0 0 0 0 0 0 0 0 0 0 0 0 0 0 0 5597
154508 16932 30008 35233 13504 67424 8871 13355 65116 3224 3790 0 7010 0 12233 0 0 0 12373 0 12890 0 0 39958 0 3274 0 0 3327 4908 0 0 3237 0 14359 0 0 0 0 0 0 0 0 0 0 0 0 0 0 0 0 0 0 0 0 0 0 0 0 0 0 0 0 0 0 0 0 0 0 0 0 0 0 0 0 0 0 0 0 0 0 0 0 0 0 0 0 0 0 0 530184
5575 0 0 0 0 0 0 0 0 0 0 0 0 0 0 0 0 0 0 0 0 0 0 0 0 0 0 0 0 0 0 0 0 0 0 0 0 0 0 0 0 0 0 0 0 0 0 0 0 0 0 0 0 0 0 0 0 0 0 0 0 0 0 0 0 0 0 0 0 0 0 0 0 0 0 0 0 0 0 0 0 0 0 0 0 0 0 0 0 0 32532
16567 0 3218 3778 0 7230 0 0 6982 0 0 0 0 0 0 0 0 0 0 0 0 0 0 4285 0 0 0 0 0 0 0 0 0 0 0 0 0 0 0 0 0 0 0 0 0 0 0 0 0 0 0 0 0 0 0 0 0 0 0 0 0 0 0 0 0 0 0 0 0 0 0 0 0 0 0 0 0 0 0 0 0 0 0 0 0 0 0 0 0 0 71147
16495 0 3204 3761 0 7198 0 0 6952 0 0 0 0 0 0 0 0 0 0 0 0 0 0 4266 0 0 0 0 0 0 0 0 0 0 0 0 0 0 0 0 0 0 0 0 0 0 0 0 0 0 0 0 0 0 0 0 0 0 0 0 0 0 0 0 0 0 0 0 0 0 0 0 0 0 0 0 0 0 0 0 0 0 0 0 0 0 0 0 0 0 70875
21435 0 4163 4888 0 9354 0 0 9033 0 0 0 0 0 0 0 0 0 0 0 0 0 0 5543 0 0 0 0 0 0 0 0 0 0 0 0 0 0 0 0 0 0 0 0 0 0 0 0 0 0 0 0 0 0 0 0 0 0 0 0 0 0 0 0 0 0 0 0 0 0 0 0 0 0 0 0 0 0 0 0 0 0 0 0 0 0 0 0 0 0 92085
21559 0 4187 4916 0 9408 0 0 9086 0 0 0 0 0 0 0 0 0 0 0 0 0 0 5576 0 0 0 0 0 0 0 0 0 0 0 0 0 0 0 0 0 0 0 0 0 0 0 0 0 0 0 0 0 0 0 0 0 0 0 0 0 0 0 0 0 0 0 0 0 0 0 0 0 0 0 0 0 0 0 0 0 0 0 0 0 0 0 0 0 0 92634
0 0 0 0 0 0 0 0 0 0 0 0 0 0 0 0 0 0 0 0 0 0 0 0 0 0 0 0 0 0 0 0 0 0 0 0 0 0 0 0 0 0 0 0 0 0 0 0 0 0 0 0 0 0 0 0 0 0 0 0 0 0 0 0 0 0 0 0 0 0 0 0 0 0 0 0 0 0 0 0 0 0 0 0 0 0 0 0 0 0 428
6548 0 0 0 0 0 0 0 0 0 0 0 0 0 0 0 0 0 0 0 0 0 0 0 0 0 0 0 0 0 0 0 0 0 0 0 0 0 0 0 0 0 0 0 0 0 0 0 0 0 0 0 0 0 0 0 0 0 0 0 0 0 0 0 0 0 0 0 0 0 0 0 0 0 0 0 0 0 0 0 0 0 0 0 0 0 0 0 0 0 38198
51823 5679 10065 11817 4529 22615 0 4480 21840 0 0 0 0 0 4103 0 0 0 4150 0 4323 0 0 13402 0 0 0 0 0 0 0 0 0 0 4816 0 0 0 0 0 0 0 0 0 0 0 0 0 0 0 0 0 0 0 0 0 0 0 0 0 0 0 0 0 0 0 0 0 0 0 0 0 0 0 0 0 0 0 0 0 0 0 0 0 0 0 0 0 0 0 190011
9610 0 0 0 0 4193 0 0 4050 0 0 0 0 0 0 0 0 0 0 0 0 0 0 0 0 0 0 0 0 0 0 0 0 0 0 0 0 0 0 0 0 0 0 0 0 0 0 0 0 0 0 0 0 0 0 0 0 0 0 0 0 0 0 0 0 0 0 0 0 0 0 0 0 0 0 0 0 0 0 0 0 0 0 0 0 0 0 0 0 0 47833
4899 0 0 0 0 0 0 0 0 0 0 0 0 0 0 0 0 0 0 0 0 0 0 0 0 0 0 0 0 0 0 0 0 0 0 0 0 0 0 0 0 0 0 0 0 0 0 0 0 0 0 0 0 0 0 0 0 0 0 0 0 0 0 0 0 0 0 0 0 0 0 0 0 0 0 0 0 0 0 0 0 0 0 0 0 0 0 0 0 0 28591
8217 0 0 0 0 3586 0 0 3463 0 0 0 0 0 0 0 0 0 0 0 0 0 0 0 0 0 0 0 0 0 0 0 0 0 0 0 0 0 0 0 0 0 0 0 0 0 0 0 0 0 0 0 0 0 0 0 0 0 0 0 0 0 0 0 0 0 0 0 0 0 0 0 0 0 0 0 0 0 0 0 0 0 0 0 0 0 0 0 0 0 40889
6905 0 0 0 0 0 0 0 0 0 0 0 0 0 0 0 0 0 0 0 0 0 0 0 0 0 0 0 0 0 0 0 0 0 0 0 0 0 0 0 0 0 0 0 0 0 0 0 0 0 0 0 0 0 0 0 0 0 0 0 0 0 0 0 0 0 0 0 0 0 0 0 0 0 0 0 0 0 0 0 0 0 0 0 0 0 0 0 0 0 40292
43777 4797 8502 9982 3826 19103 0 3784 18449 0 0 0 0 0 3466 0 0 0 3506 0 3652 0 0 11321 0 0 0 0 0 0 0 0 0 0 4068 0 0 0 0 0 0 0 0 0 0 0 0 0 0 0 0 0 0 0 0 0 0 0 0 0 0 0 0 0 0 0 0 0 0 0 0 0 0 0 0 0 0 0 0 0 0 0 0 0 0 0 0 0 0 0 160758
4329 0 0 0 0 0 0 0 0 0 0 0 0 0 0 0 0 0 0 0 0 0 0 0 0 0 0 0 0 0 0 0 0 0 0 0 0 0 0 0 0 0 0 0 0 0 0 0 0 0 0 0 0 0 0 0 0 0 0 0 0 0 0 0 0 0 0 0 0 0 0 0 0 0 0 0 0 0 0 0 0 0 0 0 0 0 0 0 0 0 25259
0 0 0 0 0 0 0 0 0 0 0 0 0 0 0 0 0 0 0 0 0 0 0 0 0 0 0 0 0 0 0 0 0 0 0 0 0 0 0 0 0 0 0 0 0 0 0 0 0 0 0 0 0 0 0 0 0 0 0 0 0 0 0 0 0 0 0 0 0 0 0 0 0 0 0 0 0 0 0 0 0 0 0 0 0 0 0 0 0 0 0
0 0 0 0 0 0 0 0 0 0 0 0 0 0 0 0 0 0 0 0 0 0 0 0 0 0 0 0 0 0 0 0 0 0 0 0 0 0 0 0 0 0 0 0 0 0 0 0 0 0 0 0 0 0 0 0 0 0 0 0 0 0 0 0 0 0 0 0 0 0 0 0 0 0 0 0 0 0 0 0 0 0 0 0 0 0 0 0 0 0 6699
5635 0 0 0 0 0 0 0 0 0 0 0 0 0 0 0 0 0 0 0 0 0 0 0 0 0 0 0 0 0 0 0 0 0 0 0 0 0 0 0 0 0 0 0 0 0 0 0 0 0 0 0 0 0 0 0 0 0 0 0 0 0 0 0 0 0 0 0 0 0 0 0 0 0 0 0 0 0 0 0 0 0 0 0 0 0 0 0 0 0 32881
3872 0 0 0 0 0 0 0 0 0 0 0 0 0 0 0 0 0 0 0 0 0 0 0 0 0 0 0 0 0 0 0 0 0 0 0 0 0 0 0 0 0 0 0 0 0 0 0 0 0 0 0 0 0 0 0 0 0 0 0 0 0 0 0 0 0 0 0 0 0 0 0 0 0 0 0 0 0 0 0 0 0 0 0 0 0 0 0 0 0 22594
0 0 0 0 0 0 0 0 0 0 0 0 0 0 0 0 0 0 0 0 0 0 0 0 0 0 0 0 0 0 0 0 0 0 0 0 0 0 0 0 0 0 0 0 0 0 0 0 0 0 0 0 0 0 0 0 0 0 0 0 0 0 0 0 0 0 0 0 0 0 0 0 0 0 0 0 0 0 0 0 0 0 0 0 0 0 0 0 0 0 19343
27459 0 5333 6262 0 11983 0 0 11572 0 0 0 0 0 0 0 0 0 0 0 0 0 0 7101 0 0 0 0 0 0 0 0 0 0 0 0 0 0 0 0 0 0 0 0 0 0 0 0 0 0 0 0 0 0 0 0 0 0 0 0 0 0 0 0 0 0 0 0 0 0 0 0 0 0 0 0 0 0 0 0 0 0 0 0 0 0 0 0 0 0 117919
0 0 0 0 0 0 0 0 0 0 0 0 0 0 0 0 0 0 0 0 0 0 0 0 0 0 0 0 0 0 0 0 0 0 0 0 0 0 0 0 0 0 0 0 0 0 0 0 0 0 0 0 0 0 0 0 0 0 0 0 0 0 0 0 0 0 0 0 0 0 0 0 0 0 0 0 0 0 0 0 0 0 0 0 0 0 0 0 0 0 20096
7233 0 0 0 0 3156 0 0 0 0 0 0 0 0 0 0 0 0 0 0 0 0 0 0 0 0 0 0 0 0 0 0 0 0 0 0 0 0 0 0 0 0 0 0 0 0 0 0 0 0 0 0 0 0 0 0 0 0 0 0 0 0 0 0 0 0 0 0 0 0 0 0 0 0 0 0 0 0 0 0 0 0 0 0 0 0 0 0 0 0 39025
0 0 0 0 0 0 0 0 0 0 0 0 0 0 0 0 0 0 0 0 0 0 0 0 0 0 0 0 0 0 0 0 0 0 0 0 0 0 0 0 0 0 0 0 0 0 0 0 0 0 0 0 0 0 0 0 0 0 0 0 0 0 0 0 0 0 0 0 0 0 0 0 0 0 0 0 0 0 0 0 0 0 0 0 0 0 0 0 0 0 11232
20257 0 3934 4619 0 8840 0 0 8537 0 0 0 0 0 0 0 0 0 0 0 0 0 0 5239 0 0 0 0 0 0 0 0 0 0 0 0 0 0 0 0 0 0 0 0 0 0 0 0 0 0 0 0 0 0 0 0 0 0 0 0 0 0 0 0 0 0 0 0 0 0 0 0 0 0 0 0 0 0 0 0 0 0 0 0 0 0 0 0 0 0 86993
0 0 0 0 0 0 0 0 0 0 0 0 0 0 0 0 0 0 0 0 0 0 0 0 0 0 0 0 0 0 0 0 0 0 0 0 0 0 0 0 0 0 0 0 0 0 0 0 0 0 0 0 0 0 0 0 0 0 0 0 0 0 0 0 0 0 0 0 0 0 0 0 0 0 0 0 0 0 0 0 0 0 0 0 0 0 0 0 0 0 568
11474 0 0 0 0 5007 0 0 4836 0 0 0 0 0 0 0 0 0 0 0 0 0 0 0 0 0 0 0 0 0 0 0 0 0 0 0 0 0 0 0 0 0 0 0 0 0 0 0 0 0 0 0 0 0 0 0 0 0 0 0 0 0 0 0 0 0 0 0 0 0 0 0 0 0 0 0 0 0 0 0 0 0 0 0 0 0 0 0 0 0 57114
16947 28000 25584 26827 24987 26572 36199 27810 28711 33223 31635 40040 31647 33254 31463 39657 42300 39590 31823 36244 26841 39643 37939 30425 42130 36073 36580 36580 33505 30210 30961 34314 35664 38306 26570 41113 21565 22641 22750 15652 15652 38648 21563 38632 43105 37909 23817 23705 19071 35198 23345 23389 39072 912 44844 1257 38612 22374 19104 25212 30825 38055 22571 23057 16618 20804 12910 24339 15310 17671 19381 46190 16717 2592 18533 16330 37163 13099 16596 17141 8831 13878 22574 21410 14054 30468 22478 19688 19462 16341 0
