0 1685075 2986421 3506349 1343874 6709977 882814 1329123 6480296 320857 377212 159086 697594 215173 1217399 169443 167454 108060 1231346 198542 1282822 73226 70086 3976604 131930 325799 97599 97599 331106 488421 36713 41023 322107 105814 1429027 52818 22729 6533 7569 16528 16528 48970 22790 295512 81818 48359 11707 24868 20007 177353 11466 11486 112154 0 136178 0 99307 23414 20039 10880 35904 61618 9738 24383 4118 21793 3199 8051 0 18490 20289 93983 0 0 16175 0 47254 0 4112 4247 0 3439 6514 22444 3482 31896 9698 20629 4822 0
2930611 0 569180 668273 256128 1278851 168255 253317 1235076 61152 71892 30320 132954 41009 232023 32294 31914 20595 234681 37840 244492 13956 13357 757899 25144 62093 18601 18601 63105 93088 6997 7818 61390 20167 272357 10066 4331 0 0 3150 3150 9333 4343 56321 15593 9216 0 4739 3813 33801 0 0 21375 0 25954 0 18926 4462 3819 0 6843 11743 0 4647 0 4153 0 0 0 3524 3866 17912 0 0 0 0 9006 0 0 0 0 0 0 4277 0 6079 0 3931 0 0
5481149 600664 0 1249878 479039 2391848 314689 473781 2309975 114373 134461 56708 248665 76700 433956 60400 59690 38519 438927 70772 457276 26102 24983 1417506 47028 116134 34790 34790 118026 174103 13087 14623 114818 37718 509393 18827 8102 0 0 5891 5891 17456 8123 105338 29165 17238 4173 8864 7131 63219 4087 4094 39978 0 48542 0 35399 8346 7143 3878 12798 21964 3471 8691 0 7768 0 0 0 6591 7232 33501 0 0 5765 0 16844 0 0 0 0 0 0 8000 0 11370 3457 7353 0 0
6781148 743127 1317028 0 592656 2959137 389326 586150 2857847 141499 166352 70158 307642 94892 536880 74725 73848 47655 543030 87558 565731 32293 30908 1753705 58182 143679 43042 43042 146019 215396 16190 18091 142051 46664 630209 23293 10023 0 3338 7288 7288 21596 10050 130322 36082 21326 5163 10967 8823 78213 5056 5065 49460 0 60055 0 43794 10326 8837 4798 15834 27174 4294 10753 0 9610 0 3550 0 8154 8947 41447 0 0 7133 0 20839 0 0 0 0 0 0 9898 0 14066 4277 9097 0 0
5383095 589918 1045500 1227518 0 2349059 309059 465305 2268651 112327 132056 55693 244216 75328 426192 59319 58623 37830 431075 69506 449096 25635 24536 1392147 46186 114057 34168 34168 115915 170988 12852 14361 112764 37044 500280 18490 7957 0 0 5786 5786 17143 7978 103454 28643 16929 4098 8706 7004 62088 4014 4021 39263 0 47674 0 34765 8197 7015 3809 12569 21571 3409 8536 0 7629 0 0 0 6473 7102 32902 0 0 5662 0 16543 0 0 0 0 0 0 7857 0 11166 3395 7222 0 0
4283143 469378 831868 976694 374336 0 245908 370227 1805088 89374 105072 44313 194315 59936 339107 47198 46644 30100 342991 55304 357330 20397 19522 1107684 36749 90751 27186 27186 92229 136049 10226 11426 89723 29474 398056 14712 6331 0 0 4603 4603 13640 6348 82315 22790 13470 3261 6927 5573 49401 3194 3199 31240 0 37932 0 27661 6522 5581 0 10001 17163 0 6791 0 6070 0 0 0 5150 5651 26179 0 0 4505 0 13162 0 0 0 0 0 0 6252 0 8884 0 5746 0 0
3119032 341806 605775 711239 272596 1361074 0 269603 1314485 65083 76515 32269 141502 43646 246941 34370 33966 21919 249770 40273 260211 14853 14216 806627 26761 66086 19797 19797 67162 99073 7447 8321 65337 21463 289868 10713 4610 0 0 3352 3352 9933 4622 59942 16596 9809 0 5044 4058 35975 0 0 22749 0 27622 0 20143 4749 4064 0 7283 12498 0 4945 0 4420 0 0 0 3750 4115 19063 0 0 3281 0 9585 0 0 0 0 0 0 4552 0 6470 0 4184 0 0
8769955 961075 1703293 1999832 766473 3827007 503509 0 3696010 182999 215141 90734 397869 122723 694339 96641 95506 61631 702293 113237 731652 41764 39973 2268039 75245 185818 55665 55665 188844 278569 20939 23397 183712 60350 815040 30124 12963 3726 4316 9426 9426 27930 12998 168544 46664 27581 6677 14183 11411 101152 6539 6551 63967 0 77668 0 56639 13354 11429 6205 20478 35144 5554 13906 0 12429 0 4592 0 10546 11571 53603 0 0 9225 0 26951 0 0 0 0 0 3715 12801 0 18192 5531 11765 0 0
17194383 1884285 3339478 3920872 1502748 7503235 987181 1486253 0 358789 421806 177893 780064 240611 1361321 189475 187250 120835 1376916 222014 1434478 81883 78371 4446721 147527 364315 109138 109138 370249 546163 41054 45872 360186 118324 1597968 59062 25416 7306 8463 18482 18482 54760 25484 330448 91490 54076 13091 27808 22372 198320 12822 12844 125414 0 152277 0 111047 26182 22408 12167 40149 68903 10890 27265 4605 24369 3578 9003 0 20676 22687 105094 0 0 18087 0 52841 0 4598 4749 0 3845 7284 25098 3894 35667 10845 23068 5392 0
110358 12093 21433 25165 9645 48157 6336 9539 46509 0 0 0 5006 0 8737 0 0 0 8837 0 9206 0 0 28540 0 0 0 0 0 3505 0 0 0 0 10256 0 0 0 0 0 0 0 0 0 0 0 0 0 0 0 0 0 0 0 0 0 0 0 0 0 0 0 0 0 0 0 0 0 0 0 0 0 0 0 0 0 0 0 0 0 0 0 0 0 0 0 0 0 0 0
3447774 377832 669623 786203 301327 1504529 197947 298019 1453030 71943 0 35670 156416 48246 272968 37993 37547 24229 276095 44517 287637 16419 15714 891645 29581 73051 21884 21884 74241 109515 8232 9198 72223 23726 320420 11843 5096 0 0 3705 3705 10980 5110 66260 18345 10843 0 5576 4486 39766 0 0 25147 0 30534 0 22266 5250 4493 0 8050 13816 0 5467 0 4886 0 0 0 4146 4549 21073 0 0 3626 0 10595 0 0 0 0 0 0 5032 0 7152 0 4625 0 0
14082 0 0 3211 0 6145 0 0 5934 0 0 0 0 0 0 0 0 0 0 0 0 0 0 3641 0 0 0 0 0 0 0 0 0 0 0 0 0 0 0 0 0 0 0 0 0 0 0 0 0 0 0 0 0 0 0 0 0 0 0 0 0 0 0 0 0 0 0 0 0 0 0 0 0 0 0 0 0 0 0 0 0 0 0 0 0 0 0 0 0 0
3667227 401881 712245 836245 320507 1600294 210546 316988 1545516 76522 89963 37941 0 51317 290343 40411 39936 25771 293669 47351 305946 17464 16715 948399 31464 77701 23277 23277 78967 116486 8756 9783 76820 25236 340815 12596 5420 0 0 3941 3941 11679 5435 70478 19513 11533 0 5931 4771 42297 0 0 26748 0 32477 0 23684 5584 4779 0 8563 14695 0 5815 0 5197 0 0 0 4409 4838 22414 0 0 3857 0 11270 0 0 0 0 0 0 5353 0 7607 0 4920 0 0
188825 20692 36673 43058 16502 82399 10841 16321 79578 3940 4632 0 8566 0 14949 0 0 0 15121 0 15753 0 0 48833 0 4000 0 0 4066 5997 0 0 3955 0 17548 0 0 0 0 0 0 0 0 3628 0 0 0 0 0 0 0 0 0 0 0 0 0 0 0 0 0 0 0 0 0 0 0 0 0 0 0 0 0 0 0 0 0 0 0 0 0 0 0 0 0 0 0 0 0 0
1482952 162512 288017 338160 129606 647126 85140 128183 624975 30944 36379 15342 67277 20751 0 16341 16149 10421 118753 19147 123718 7062 6759 383513 12723 31420 9412 9412 31932 47104 3540 3956 31064 10205 137818 5093 0 0 0 0 0 4722 0 28499 7890 4663 0 0 0 17104 0 0 10816 0 13133 0 9577 0 0 0 3462 5942 0 0 0 0 0 0 0 0 0 9064 0 0 0 0 4557 0 0 0 0 0 0 0 0 0 0 0 0 0
885047 96989 171893 201819 77351 386214 50813 76501 372994 18467 21711 9156 40152 12384 70071 0 9638 6219 70874 11427 73836 4214 4034 228886 7593 18752 5617 5617 19057 28112 0 0 18539 6090 82252 0 0 0 0 0 0 0 0 17009 4709 0 0 0 0 10208 0 0 6455 0 7838 0 5715 0 0 0 0 3546 0 0 0 0 0 0 0 0 0 5409 0 0 0 0 0 0 0 0 0 0 0 0 0 0 0 0 0 0
883722 96844 171635 201517 77235 385636 50737 76387 372436 18440 21679 9143 40092 12366 69966 9738 0 6210 70768 11410 73726 4208 4028 228543 7582 18724 5609 5609 19029 28070 0 0 18512 6081 82129 0 0 0 0 0 0 0 0 16983 4702 0 0 0 0 10192 0 0 6445 0 7826 0 5707 0 0 0 0 3541 0 0 0 0 0 0 0 0 0 5401 0 0 0 0 0 0 0 0 0 0 0 0 0 0 0 0 0 0
840915 92153 163321 191755 73494 366956 48279 72687 354395 17547 20629 8700 38150 11767 66577 9266 9157 0 67340 10857 70155 4004 3832 217473 7215 17817 5337 5337 18107 26710 0 0 17615 5786 78150 0 0 0 0 0 0 0 0 16161 4474 0 0 0 0 9699 0 0 6133 0 7447 0 5430 0 0 0 0 3369 0 0 0 0 0 0 0 0 0 5139 0 0 0 0 0 0 0 0 0 0 0 0 0 0 0 0 0 0
3495980 383114 678986 797196 305540 1525565 200714 302186 1473345 72949 85762 36169 158603 48921 276785 38524 38071 24568 0 45140 291659 16648 15934 904112 29995 74073 22190 22190 75279 111046 8347 9326 73233 24057 324900 12008 5167 0 0 3757 3757 11133 5181 67187 18602 10994 0 5654 4548 40322 0 0 25499 0 30961 0 22578 5323 4556 0 8163 14009 0 5543 0 4954 0 0 0 4204 4612 21367 0 0 3677 0 10743 0 0 0 0 0 0 5103 0 7252 0 4690 0 0
628723 68900 122110 143369 54948 274360 36096 54345 264969 13119 15423 6504 28523 8798 49777 6928 6846 4418 50347 0 52452 0 0 162597 5394 13321 3990 3990 13538 19970 0 0 13170 4326 58430 0 0 0 0 0 0 0 0 12083 3345 0 0 0 0 7251 0 0 4585 0 5568 0 4060 0 0 0 0 0 0 0 0 0 0 0 0 0 0 3842 0 0 0 0 0 0 0 0 0 0 0 0 0 0 0 0 0 0
153133 16781 29741 34919 13383 66823 8791 13236 64536 3195 3756 0 6947 0 12123 0 0 0 12262 0 0 0 0 39602 0 3244 0 0 3297 4864 0 0 3207 0 14231 0 0 0 0 0 0 0 0 0 0 0 0 0 0 0 0 0 0 0 0 0 0 0 0 0 0 0 0 0 0 0 0 0 0 0 0 0 0 0 0 0 0 0 0 0 0 0 0 0 0 0 0 0 0 0
501238 54929 97350 114298 43807 218728 28777 43326 211241 10459 12296 5185 22739 7014 39684 5523 5458 3522 40138 6472 41816 0 0 129627 4300 10620 3181 3181 10793 15921 0 0 10499 3449 46582 0 0 0 0 0 0 0 0 9632 0 0 0 0 0 5781 0 0 3655 0 4439 0 3237 0 0 0 0 0 0 0 0 0 0 0 0 0 0 0 0 0 0 0 0 0 0 0 0 0 0 0 0 0 0 0 0 0
502005 55013 97499 114473 43874 219063 28821 43392 211565 10475 12315 5193 22774 7024 39744 5531 5466 3527 40200 6481 41880 0 0 129825 4307 10636 3186 3186 10809 15945 0 0 10515 3454 46654 0 0 0 0 0 0 0 0 9647 0 0 0 0 0 5790 0 0 3661 0 4445 0 3242 0 0 0 0 0 0 0 0 0 0 0 0 0 0 0 0 0 0 0 0 0 0 0 0 0 0 0 0 0 0 0 0 0
1075491 117860 208881 245246 93995 469319 61747 92963 453255 22441 26383 11127 48792 15049 85149 11851 11712 7558 86124 13886 89725 5121 4902 0 9227 22787 6826 6826 23158 34161 0 0 22529 7401 99951 3694 0 0 0 0 0 3425 0 20669 5722 3382 0 0 0 12404 0 0 7844 0 9524 0 6945 0 0 0 0 4309 0 0 0 0 0 0 0 0 0 6573 0 0 0 0 3305 0 0 0 0 0 0 0 0 0 0 0 0 0
351751 38547 68316 80210 30742 153496 20195 30404 148242 7339 8629 3639 15958 4922 27849 3876 3830 0 28168 4541 29345 0 0 90968 0 7452 0 0 7574 11173 0 0 7368 0 32690 0 0 0 0 0 0 0 0 6760 0 0 0 0 0 4057 0 0 0 0 0 0 0 0 0 0 0 0 0 0 0 0 0 0 0 0 0 0 0 0 0 0 0 0 0 0 0 0 0 0 0 0 0 0 0 0
701134 76835 136173 159881 61277 305959 40254 60604 295486 14630 17199 7253 31808 9811 55510 7726 7635 4927 56146 9053 58493 3338 3195 181323 6015 0 4450 4450 15097 22270 0 0 14687 4824 65160 0 0 0 0 0 0 0 0 13474 3730 0 0 0 0 8086 0 0 5114 0 6209 0 4528 0 0 0 0 0 0 0 0 0 0 0 0 0 0 4285 0 0 0 0 0 0 0 0 0 0 0 0 0 0 0 0 0 0
337990 37039 65644 77072 29539 147491 19405 29215 142442 7052 8291 3496 15333 4729 26759 3724 3680 0 27066 4364 28197 0 0 87409 0 7161 0 0 7278 10735 0 0 7080 0 31411 0 0 0 0 0 0 0 0 6495 0 0 0 0 0 3898 0 0 0 0 0 0 0 0 0 0 0 0 0 0 0 0 0 0 0 0 0 0 0 0 0 0 0 0 0 0 0 0 0 0 0 0 0 0 0 0
337990 37039 65644 77072 29539 147491 19405 29215 142442 7052 8291 3496 15333 4729 26759 3724 3680 0 27066 4364 28197 0 0 87409 0 7161 0 0 7278 10735 0 0 7080 0 31411 0 0 0 0 0 0 0 0 6495 0 0 0 0 0 3898 0 0 0 0 0 0 0 0 0 0 0 0 0 0 0 0 0 0 0 0 0 0 0 0 0 0 0 0 0 0 0 0 0 0 0 0 0 0 0 0
241835 26502 46969 55146 21135 105531 13884 20903 101919 5046 5932 0 10971 3384 19146 0 0 0 19366 0 20175 0 0 62542 0 5124 0 0 0 7681 0 0 5065 0 22475 0 0 0 0 0 0 0 0 4647 0 0 0 0 0 0 0 0 0 0 0 0 0 0 0 0 0 0 0 0 0 0 0 0 0 0 0 0 0 0 0 0 0 0 0 0 0 0 0 0 0 0 0 0 0 0
588090 64447 114218 134103 51397 256629 33764 50833 247844 12271 14426 6084 26680 8229 46560 6480 6404 4132 47093 7593 49062 0 0 152088 5045 12460 3732 3732 12663 0 0 0 12319 4046 54654 0 0 0 0 0 0 0 0 11302 0 0 0 0 0 6783 0 0 4289 0 5208 0 3798 0 0 0 0 0 0 0 0 0 0 0 0 0 0 3594 0 0 0 0 0 0 0 0 0 0 0 0 0 0 0 0 0 0
244638 26809 47513 55785 21380 106754 14045 21146 103100 5104 6001 0 11098 3423 19368 0 0 0 19590 3158 20409 0 0 63267 0 5183 0 0 5267 7770 0 0 5124 0 22735 0 0 0 0 0 0 0 0 4701 0 0 0 0 0 0 0 0 0 0 0 0 0 0 0 0 0 0 0 0 0 0 0 0 0 0 0 0 0 0 0 0 0 0 0 0 0 0 0 0 0 0 0 0 0 0
350091 38365 67994 79832 30597 152772 20099 30261 147542 7305 8588 3622 15882 4899 27717 3857 3812 0 28035 4520 29207 0 0 90538 0 7417 0 0 7538 11120 0 0 7333 0 32535 0 0 0 0 0 0 0 0 6728 0 0 0 0 0 4037 0 0 0 0 0 0 0 0 0 0 0 0 0 0 0 0 0 0 0 0 0 0 0 0 0 0 0 0 0 0 0 0 0 0 0 0 0 0 0 0
467521 51234 90801 106609 40860 204015 26841 40411 197032 9755 11469 4836 21210 6542 37014 5151 5091 3285 37438 6036 39003 0 0 120907 4011 9905 0 0 10067 14850 0 0 0 3217 43449 0 0 0 0 0 0 0 0 8984 0 0 0 0 0 5392 0 0 3410 0 4140 0 0 0 0 0 0 0 0 0 0 0 0 0 0 0 0 0 0 0 0 0 0 0 0 0 0 0 0 0 0 0 0 0 0 0
67071 7350 13026 15294 5861 29268 3850 5797 28266 0 0 0 0 0 5310 0 0 0 5371 0 5595 0 0 17345 0 0 0 0 0 0 0 0 0 0 6233 0 0 0 0 0 0 0 0 0 0 0 0 0 0 0 0 0 0 0 0 0 0 0 0 0 0 0 0 0 0 0 0 0 0 0 0 0 0 0 0 0 0 0 0 0 0 0 0 0 0 0 0 0 0 0
504566 55294 97996 115057 44097 220181 28968 43613 212644 10528 12377 5220 22890 7060 39947 5560 5494 3545 40405 6514 42094 0 0 130488 4329 10690 3202 3202 10864 16027 0 0 10569 3472 0 0 0 0 0 0 0 0 0 9696 0 0 0 0 0 5819 0 0 3680 0 4468 0 3258 0 0 0 0 0 0 0 0 0 0 0 0 0 0 0 0 0 0 0 0 0 0 0 0 0 0 0 0 0 0 0 0 0
167715 18379 32573 38244 14657 73187 9629 14497 70682 3499 4114 0 7608 0 13278 0 0 0 13430 0 13992 0 0 43373 0 3553 0 0 3611 5327 0 0 3513 0 15586 0 0 0 0 0 0 0 0 3223 0 0 0 0 0 0 0 0 0 0 0 0 0 0 0 0 0 0 0 0 0 0 0 0 0 0 0 0 0 0 0 0 0 0 0 0 0 0 0 0 0 0 0 0 0 0
105763 11590 20541 24117 9243 46152 6072 9142 44572 0 0 0 4798 0 8373 0 0 0 8469 0 8823 0 0 27351 0 0 0 0 0 3359 0 0 0 0 9829 0 0 0 0 0 0 0 0 0 0 0 0 0 0 0 0 0 0 0 0 0 0 0 0 0 0 0 0 0 0 0 0 0 0 0 0 0 0 0 0 0 0 0 0 0 0 0 0 0 0 0 0 0 0 0
0 0 0 0 0 0 0 0 0 0 0 0 0 0 0 0 0 0 0 0 0 0 0 0 0 0 0 0 0 0 0 0 0 0 0 0 0 0 0 0 0 0 0 0 0 0 0 0 0 0 0 0 0 0 0 0 0 0 0 0 0 0 0 0 0 0 0 0 0 0 0 0 0 0 0 0 0 0 0 0 0 0 0 0 0 0 0 0 0 0
285409 31277 55432 65082 24944 124546 16386 24670 120283 5955 7001 0 12948 3993 22596 3145 0 0 22855 3685 23810 0 0 73811 0 6047 0 0 6145 9065 0 0 5978 0 26524 0 0 0 0 0 0 0 0 5485 0 0 0 0 0 3291 0 0 0 0 0 0 0 0 0 0 0 0 0 0 0 0 0 0 0 0 0 0 0 0 0 0 0 0 0 0 0 0 0 0 0 0 0 0 0 0
133193 14596 25868 30372 11640 58122 7647 11513 56132 0 3267 0 6042 0 10545 0 0 0 10666 0 11111 0 0 34445 0 0 0 0 0 4230 0 0 0 0 12378 0 0 0 0 0 0 0 0 0 0 0 0 0 0 0 0 0 0 0 0 0 0 0 0 0 0 0 0 0 0 0 0 0 0 0 0 0 0 0 0 0 0 0 0 0 0 0 0 0 0 0 0 0 0 0
133193 14596 25868 30372 11640 58122 7647 11513 56132 0 3267 0 6042 0 10545 0 0 0 10666 0 11111 0 0 34445 0 0 0 0 0 4230 0 0 0 0 12378 0 0 0 0 0 0 0 0 0 0 0 0 0 0 0 0 0 0 0 0 0 0 0 0 0 0 0 0 0 0 0 0 0 0 0 0 0 0 0 0 0 0 0 0 0 0 0 0 0 0 0 0 0 0 0
0 0 0 0 0 0 0 0 0 0 0 0 0 0 0 0 0 0 0 0 0 0 0 0 0 0 0 0 0 0 0 0 0 0 0 0 0 0 0 0 0 0 0 0 0 0 0 0 0 0 0 0 0 0 0 0 0 0 0 0 0 0 0 0 0 0 0 0 0 0 0 0 0 0 0 0 0 0 0 0 0 0 0 0 0 0 0 0 0 0
146540 16058 28460 33415 12807 63946 8413 12666 61758 0 3594 0 6648 0 11601 0 0 0 11734 0 12225 0 0 37897 0 0 0 0 3155 4654 0 0 0 0 13618 0 0 0 0 0 0 0 0 0 0 0 0 0 0 0 0 0 0 0 0 0 0 0 0 0 0 0 0 0 0 0 0 0 0 0 0 0 0 0 0 0 0 0 0 0 0 0 0 0 0 0 0 0 0 0
371519 40713 72156 84718 32469 162122 21330 32113 156573 7752 9113 3843 16854 5198 29414 4093 4045 0 29751 4797 30994 0 0 96080 3187 7871 0 0 7999 11800 0 0 7782 0 34527 0 0 0 0 0 0 0 0 0 0 0 0 0 0 4285 0 0 0 0 3290 0 0 0 0 0 0 0 0 0 0 0 0 0 0 0 0 0 0 0 0 0 0 0 0 0 0 0 0 0 0 0 0 0 0 0
96071 10528 18658 21907 8396 41923 5515 8304 40488 0 0 0 4358 0 7606 0 0 0 7693 0 8014 0 0 24845 0 0 0 0 0 0 0 0 0 0 8928 0 0 0 0 0 0 0 0 0 0 0 0 0 0 0 0 0 0 0 0 0 0 0 0 0 0 0 0 0 0 0 0 0 0 0 0 0 0 0 0 0 0 0 0 0 0 0 0 0 0 0 0 0 0 0
82854 9079 16091 18893 7241 36155 4756 7161 34918 0 0 0 3758 0 6559 0 0 0 6634 0 6912 0 0 21427 0 0 0 0 0 0 0 0 0 0 7700 0 0 0 0 0 0 0 0 0 0 0 0 0 0 0 0 0 0 0 0 0 0 0 0 0 0 0 0 0 0 0 0 0 0 0 0 0 0 0 0 0 0 0 0 0 0 0 0 0 0 0 0 0 0 0
74568 8171 14482 17004 6517 32540 4281 6445 31426 0 0 0 3382 0 5903 0 0 0 5971 0 6221 0 0 19284 0 0 0 0 0 0 0 0 0 0 6930 0 0 0 0 0 0 0 0 0 0 0 0 0 0 0 0 0 0 0 0 0 0 0 0 0 0 0 0 0 0 0 0 0 0 0 0 0 0 0 0 0 0 0 0 0 0 0 0 0 0 0 0 0 0 0
38082 4173 7396 8683 3328 16618 0 3291 16049 0 0 0 0 0 0 0 0 0 0 0 3177 0 0 9848 0 0 0 0 0 0 0 0 0 0 3539 0 0 0 0 0 0 0 0 0 0 0 0 0 0 0 0 0 0 0 0 0 0 0 0 0 0 0 0 0 0 0 0 0 0 0 0 0 0 0 0 0 0 0 0 0 0 0 0 0 0 0 0 0 0 0
37582 4118 7299 8569 3284 16400 0 3248 15838 0 0 0 0 0 0 0 0 0 0 0 3135 0 0 9719 0 0 0 0 0 0 0 0 0 0 3492 0 0 0 0 0 0 0 0 0 0 0 0 0 0 0 0 0 0 0 0 0 0 0 0 0 0 0 0 0 0 0 0 0 0 0 0 0 0 0 0 0 0 0 0 0 0 0 0 0 0 0 0 0 0 0
270343 29626 52505 61647 23627 117971 15521 23368 113933 5641 6631 0 12264 3783 21403 0 0 0 21648 3490 22554 0 0 69914 0 5728 0 0 5821 8587 0 0 5663 0 25124 0 0 0 0 0 0 0 0 5195 0 0 0 0 0 0 0 0 0 0 0 0 0 0 0 0 0 0 0 0 0 0 0 0 0 0 0 0 0 0 0 0 0 0 0 0 0 0 0 0 0 0 0 0 0 0
49556 5430 9624 11300 4331 21625 0 4283 20884 0 0 0 0 0 3923 0 0 0 3968 0 4134 0 0 12815 0 0 0 0 0 0 0 0 0 0 4605 0 0 0 0 0 0 0 0 0 0 0 0 0 0 0 0 0 0 0 0 0 0 0 0 0 0 0 0 0 0 0 0 0 0 0 0 0 0 0 0 0 0 0 0 0 0 0 0 0 0 0 0 0 0 0
45139 4946 8766 10293 3945 19697 0 3901 19023 0 0 0 0 0 3573 0 0 0 3614 0 3765 0 0 11673 0 0 0 0 0 0 0 0 0 0 4195 0 0 0 0 0 0 0 0 0 0 0 0 0 0 0 0 0 0 0 0 0 0 0 0 0 0 0 0 0 0 0 0 0 0 0 0 0 0 0 0 0 0 0 0 0 0 0 0 0 0 0 0 0 0 0
276800 30333 53759 63119 24191 120789 15891 23926 116654 5775 6790 0 12557 3873 21914 0 0 0 22166 3574 23092 0 0 71584 0 5864 0 0 5960 8792 0 0 5798 0 25724 0 0 0 0 0 0 0 0 5319 0 0 0 0 0 3192 0 0 0 0 0 0 0 0 0 0 0 0 0 0 0 0 0 0 0 0 0 0 0 0 0 0 0 0 0 0 0 0 0 0 0 0 0 0 0 0
42815 4692 8315 9763 3741 18683 0 3700 18044 0 0 0 0 0 3389 0 0 0 3428 0 3571 0 0 11072 0 0 0 0 0 0 0 0 0 0 3979 0 0 0 0 0 0 0 0 0 0 0 0 0 0 0 0 0 0 0 0 0 0 0 0 0 0 0 0 0 0 0 0 0 0 0 0 0 0 0 0 0 0 0 0 0 0 0 0 0 0 0 0 0 0 0
198491 21752 38550 45262 17347 86617 11395 17157 83652 4141 4869 0 9005 0 15715 0 0 0 15895 0 16559 0 0 51332 0 4205 0 0 4274 6304 0 0 4157 0 18446 0 0 0 0 0 0 0 0 3814 0 0 0 0 0 0 0 0 0 0 0 0 0 0 0 0 0 0 0 0 0 0 0 0 0 0 0 0 0 0 0 0 0 0 0 0 0 0 0 0 0 0 0 0 0 0
6182 0 0 0 0 0 0 0 0 0 0 0 0 0 0 0 0 0 0 0 0 0 0 0 0 0 0 0 0 0 0 0 0 0 0 0 0 0 0 0 0 0 0 0 0 0 0 0 0 0 0 0 0 0 0 0 0 0 0 0 0 0 0 0 0 0 0 0 0 0 0 0 0 0 0 0 0 0 0 0 0 0 0 0 0 0 0 0 0 0
122374 13410 23767 27905 10695 53401 7025 10577 51573 0 0 0 5551 0 9688 0 0 0 9799 0 10209 0 0 31647 0 0 0 0 0 3887 0 0 0 0 11372 0 0 0 0 0 0 0 0 0 0 0 0 0 0 0 0 0 0 0 0 0 0 0 0 0 0 0 0 0 0 0 0 0 0 0 0 0 0 0 0 0 0 0 0 0 0 0 0 0 0 0 0 0 0 0
0 0 0 0 0 0 0 0 0 0 0 0 0 0 0 0 0 0 0 0 0 0 0 0 0 0 0 0 0 0 0 0 0 0 0 0 0 0 0 0 0 0 0 0 0 0 0 0 0 0 0 0 0 0 0 0 0 0 0 0 0 0 0 0 0 0 0 0 0 0 0 0 0 0 0 0 0 0 0 0 0 0 0 0 0 0 0 0 0 0
35832 3926 6959 8170 3131 15636 0 0 15101 0 0 0 0 0 0 0 0 0 0 0 0 0 0 9266 0 0 0 0 0 0 0 0 0 0 3330 0 0 0 0 0 0 0 0 0 0 0 0 0 0 0 0 0 0 0 0 0 0 0 0 0 0 0 0 0 0 0 0 0 0 0 0 0 0 0 0 0 0 0 0 0 0 0 0 0 0 0 0 0 0 0
9429 0 0 0 0 4114 0 0 3973 0 0 0 0 0 0 0 0 0 0 0 0 0 0 0 0 0 0 0 0 0 0 0 0 0 0 0 0 0 0 0 0 0 0 0 0 0 0 0 0 0 0 0 0 0 0 0 0 0 0 0 0 0 0 0 0 0 0 0 0 0 0 0 0 0 0 0 0 0 0 0 0 0 0 0 0 0 0 0 0 0
10791 0 0 0 0 4709 0 0 4548 0 0 0 0 0 0 0 0 0 0 0 0 0 0 0 0 0 0 0 0 0 0 0 0 0 0 0 0 0 0 0 0 0 0 0 0 0 0 0 0 0 0 0 0 0 0 0 0 0 0 0 0 0 0 0 0 0 0 0 0 0 0 0 0 0 0 0 0 0 0 0 0 0 0 0 0 0 0 0 0 0
30392 3330 5902 6930 0 13262 0 0 12808 0 0 0 0 0 0 0 0 0 0 0 0 0 0 7860 0 0 0 0 0 0 0 0 0 0 0 0 0 0 0 0 0 0 0 0 0 0 0 0 0 0 0 0 0 0 0 0 0 0 0 0 0 0 0 0 0 0 0 0 0 0 0 0 0 0 0 0 0 0 0 0 0 0 0 0 0 0 0 0 0 0
0 0 0 0 0 0 0 0 0 0 0 0 0 0 0 0 0 0 0 0 0 0 0 0 0 0 0 0 0 0 0 0 0 0 0 0 0 0 0 0 0 0 0 0 0 0 0 0 0 0 0 0 0 0 0 0 0 0 0 0 0 0 0 0 0 0 0 0 0 0 0 0 0 0 0 0 0 0 0 0 0 0 0 0 0 0 0 0 0 0
154508 16932 30008 35232 13503 67423 8870 13355 65115 3224 3790 0 7009 0 12232 0 0 0 12372 0 12890 0 0 39958 0 3273 0 0 3327 4907 0 0 3236 0 14359 0 0 0 0 0 0 0 0 0 0 0 0 0 0 0 0 0 0 0 0 0 0 0 0 0 0 0 0 0 0 0 0 0 0 0 0 0 0 0 0 0 0 0 0 0 0 0 0 0 0 0 0 0 0 0
5575 0 0 0 0 0 0 0 0 0 0 0 0 0 0 0 0 0 0 0 0 0 0 0 0 0 0 0 0 0 0 0 0 0 0 0 0 0 0 0 0 0 0 0 0 0 0 0 0 0 0 0 0 0 0 0 0 0 0 0 0 0 0 0 0 0 0 0 0 0 0 0 0 0 0 0 0 0 0 0 0 0 0 0 0 0 0 0 0 0
16567 0 3217 3777 0 7229 0 0 6982 0 0 0 0 0 0 0 0 0 0 0 0 0 0 4284 0 0 0 0 0 0 0 0 0 0 0 0 0 0 0 0 0 0 0 0 0 0 0 0 0 0 0 0 0 0 0 0 0 0 0 0 0 0 0 0 0 0 0 0 0 0 0 0 0 0 0 0 0 0 0 0 0 0 0 0 0 0 0 0 0 0
16495 0 3203 3761 0 7198 0 0 6951 0 0 0 0 0 0 0 0 0 0 0 0 0 0 4265 0 0 0 0 0 0 0 0 0 0 0 0 0 0 0 0 0 0 0 0 0 0 0 0 0 0 0 0 0 0 0 0 0 0 0 0 0 0 0 0 0 0 0 0 0 0 0 0 0 0 0 0 0 0 0 0 0 0 0 0 0 0 0 0 0 0
21434 0 4163 4887 0 9353 0 0 9033 0 0 0 0 0 0 0 0 0 0 0 0 0 0 5543 0 0 0 0 0 0 0 0 0 0 0 0 0 0 0 0 0 0 0 0 0 0 0 0 0 0 0 0 0 0 0 0 0 0 0 0 0 0 0 0 0 0 0 0 0 0 0 0 0 0 0 0 0 0 0 0 0 0 0 0 0 0 0 0 0 0
21559 0 4187 4916 0 9407 0 0 9085 0 0 0 0 0 0 0 0 0 0 0 0 0 0 5575 0 0 0 0 0 0 0 0 0 0 0 0 0 0 0 0 0 0 0 0 0 0 0 0 0 0 0 0 0 0 0 0 0 0 0 0 0 0 0 0 0 0 0 0 0 0 0 0 0 0 0 0 0 0 0 0 0 0 0 0 0 0 0 0 0 0
0 0 0 0 0 0 0 0 0 0 0 0 0 0 0 0 0 0 0 0 0 0 0 0 0 0 0 0 0 0 0 0 0 0 0 0 0 0 0 0 0 0 0 0 0 0 0 0 0 0 0 0 0 0 0 0 0 0 0 0 0 0 0 0 0 0 0 0 0 0 0 0 0 0 0 0 0 0 0 0 0 0 0 0 0 0 0 0 0 0
6548 0 0 0 0 0 0 0 0 0 0 0 0 0 0 0 0 0 0 0 0 0 0 0 0 0 0 0 0 0 0 0 0 0 0 0 0 0 0 0 0 0 0 0 0 0 0 0 0 0 0 0 0 0 0 0 0 0 0 0 0 0 0 0 0 0 0 0 0 0 0 0 0 0 0 0 0 0 0 0 0 0 0 0 0 0 0 0 0 0
51823 5679 10065 11817 4529 22614 0 4479 21840 0 0 0 0 0 4102 0 0 0 4149 0 4323 0 0 13402 0 0 0 0 0 0 0 0 0 0 4816 0 0 0 0 0 0 0 0 0 0 0 0 0 0 0 0 0 0 0 0 0 0 0 0 0 0 0 0 0 0 0 0 0 0 0 0 0 0 0 0 0 0 0 0 0 0 0 0 0 0 0 0 0 0 0
9609 0 0 0 0 4193 0 0 4049 0 0 0 0 0 0 0 0 0 0 0 0 0 0 0 0 0 0 0 0 0 0 0 0 0 0 0 0 0 0 0 0 0 0 0 0 0 0 0 0 0 0 0 0 0 0 0 0 0 0 0 0 0 0 0 0 0 0 0 0 0 0 0 0 0 0 0 0 0 0 0 0 0 0 0 0 0 0 0 0 0
4899 0 0 0 0 0 0 0 0 0 0 0 0 0 0 0 0 0 0 0 0 0 0 0 0 0 0 0 0 0 0 0 0 0 0 0 0 0 0 0 0 0 0 0 0 0 0 0 0 0 0 0 0 0 0 0 0 0 0 0 0 0 0 0 0 0 0 0 0 0 0 0 0 0 0 0 0 0 0 0 0 0 0 0 0 0 0 0 0 0
8217 0 0 0 0 3585 0 0 3463 0 0 0 0 0 0 0 0 0 0 0 0 0 0 0 0 0 0 0 0 0 0 0 0 0 0 0 0 0 0 0 0 0 0 0 0 0 0 0 0 0 0 0 0 0 0 0 0 0 0 0 0 0 0 0 0 0 0 0 0 0 0 0 0 0 0 0 0 0 0 0 0 0 0 0 0 0 0 0 0 0
6904 0 0 0 0 0 0 0 0 0 0 0 0 0 0 0 0 0 0 0 0 0 0 0 0 0 0 0 0 0 0 0 0 0 0 0 0 0 0 0 0 0 0 0 0 0 0 0 0 0 0 0 0 0 0 0 0 0 0 0 0 0 0 0 0 0 0 0 0 0 0 0 0 0 0 0 0 0 0 0 0 0 0 0 0 0 0 0 0 0
43776 4797 8502 9982 3825 19103 0 3783 18449 0 0 0 0 0 3465 0 0 0 3505 0 3652 0 0 11321 0 0 0 0 0 0 0 0 0 0 4068 0 0 0 0 0 0 0 0 0 0 0 0 0 0 0 0 0 0 0 0 0 0 0 0 0 0 0 0 0 0 0 0 0 0 0 0 0 0 0 0 0 0 0 0 0 0 0 0 0 0 0 0 0 0 0
4328 0 0 0 0 0 0 0 0 0 0 0 0 0 0 0 0 0 0 0 0 0 0 0 0 0 0 0 0 0 0 0 0 0 0 0 0 0 0 0 0 0 0 0 0 0 0 0 0 0 0 0 0 0 0 0 0 0 0 0 0 0 0 0 0 0 0 0 0 0 0 0 0 0 0 0 0 0 0 0 0 0 0 0 0 0 0 0 0 0
0 0 0 0 0 0 0 0 0 0 0 0 0 0 0 0 0 0 0 0 0 0 0 0 0 0 0 0 0 0 0 0 0 0 0 0 0 0 0 0 0 0 0 0 0 0 0 0 0 0 0 0 0 0 0 0 0 0 0 0 0 0 0 0 0 0 0 0 0 0 0 0 0 0 0 0 0 0 0 0 0 0 0 0 0 0 0 0 0 0
0 0 0 0 0 0 0 0 0 0 0 0 0 0 0 0 0 0 0 0 0 0 0 0 0 0 0 0 0 0 0 0 0 0 0 0 0 0 0 0 0 0 0 0 0 0 0 0 0 0 0 0 0 0 0 0 0 0 0 0 0 0 0 0 0 0 0 0 0 0 0 0 0 0 0 0 0 0 0 0 0 0 0 0 0 0 0 0 0 0
5634 0 0 0 0 0 0 0 0 0 0 0 0 0 0 0 0 0 0 0 0 0 0 0 0 0 0 0 0 0 0 0 0 0 0 0 0 0 0 0 0 0 0 0 0 0 0 0 0 0 0 0 0 0 0 0 0 0 0 0 0 0 0 0 0 0 0 0 0 0 0 0 0 0 0 0 0 0 0 0 0 0 0 0 0 0 0 0 0 0
3871 0 0 0 0 0 0 0 0 0 0 0 0 0 0 0 0 0 0 0 0 0 0 0 0 0 0 0 0 0 0 0 0 0 0 0 0 0 0 0 0 0 0 0 0 0 0 0 0 0 0 0 0 0 0 0 0 0 0 0 0 0 0 0 0 0 0 0 0 0 0 0 0 0 0 0 0 0 0 0 0 0 0 0 0 0 0 0 0 0
0 0 0 0 0 0 0 0 0 0 0 0 0 0 0 0 0 0 0 0 0 0 0 0 0 0 0 0 0 0 0 0 0 0 0 0 0 0 0 0 0 0 0 0 0 0 0 0 0 0 0 0 0 0 0 0 0 0 0 0 0 0 0 0 0 0 0 0 0 0 0 0 0 0 0 0 0 0 0 0 0 0 0 0 0 0 0 0 0 0
27459 0 5333 6261 0 11982 0 0 11572 0 0 0 0 0 0 0 0 0 0 0 0 0 0 7101 0 0 0 0 0 0 0 0 0 0 0 0 0 0 0 0 0 0 0 0 0 0 0 0 0 0 0 0 0 0 0 0 0 0 0 0 0 0 0 0 0 0 0 0 0 0 0 0 0 0 0 0 0 0 0 0 0 0 0 0 0 0 0 0 0 0
0 0 0 0 0 0 0 0 0 0 0 0 0 0 0 0 0 0 0 0 0 0 0 0 0 0 0 0 0 0 0 0 0 0 0 0 0 0 0 0 0 0 0 0 0 0 0 0 0 0 0 0 0 0 0 0 0 0 0 0 0 0 0 0 0 0 0 0 0 0 0 0 0 0 0 0 0 0 0 0 0 0 0 0 0 0 0 0 0 0
7232 0 0 0 0 3156 0 0 0 0 0 0 0 0 0 0 0 0 0 0 0 0 0 0 0 0 0 0 0 0 0 0 0 0 0 0 0 0 0 0 0 0 0 0 0 0 0 0 0 0 0 0 0 0 0 0 0 0 0 0 0 0 0 0 0 0 0 0 0 0 0 0 0 0 0 0 0 0 0 0 0 0 0 0 0 0 0 0 0 0
0 0 0 0 0 0 0 0 0 0 0 0 0 0 0 0 0 0 0 0 0 0 0 0 0 0 0 0 0 0 0 0 0 0 0 0 0 0 0 0 0 0 0 0 0 0 0 0 0 0 0 0 0 0 0 0 0 0 0 0 0 0 0 0 0 0 0 0 0 0 0 0 0 0 0 0 0 0 0 0 0 0 0 0 0 0 0 0 0 0
20256 0 3934 4619 0 8839 0 0 8536 0 0 0 0 0 0 0 0 0 0 0 0 0 0 5238 0 0 0 0 0 0 0 0 0 0 0 0 0 0 0 0 0 0 0 0 0 0 0 0 0 0 0 0 0 0 0 0 0 0 0 0 0 0 0 0 0 0 0 0 0 0 0 0 0 0 0 0 0 0 0 0 0 0 0 0 0 0 0 0 0 0
0 0 0 0 0 0 0 0 0 0 0 0 0 0 0 0 0 0 0 0 0 0 0 0 0 0 0 0 0 0 0 0 0 0 0 0 0 0 0 0 0 0 0 0 0 0 0 0 0 0 0 0 0 0 0 0 0 0 0 0 0 0 0 0 0 0 0 0 0 0 0 0 0 0 0 0 0 0 0 0 0 0 0 0 0 0 0 0 0 0
11474 0 0 0 0 5007 0 0 4835 0 0 0 0 0 0 0 0 0 0 0 0 0 0 0 0 0 0 0 0 0 0 0 0 0 0 0 0 0 0 0 0 0 0 0 0 0 0 0 0 0 0 0 0 0 0 0 0 0 0 0 0 0 0 0 0 0 0 0 0 0 0 0 0 0 0 0 0 0 0 0 0 0 0 0 0 0 0 0 0 0
