0 138897 206716 47088 12731 4573 124825 30413 25387 991 1193 823 52156 360 211 1409 1323 6671 2191 10250 2102 5691 1074 389 443 242 186 888 119 542 508 294 2681 139 108 16 137950 22 1467 43 508 100 76 209 21059 7042 300 123 209 255 22 1134 22 24 114 159 197 75 54 20 25 27 0 94 229 605 69 24 175 29 237 90 96 8 260 47088
225334 0 174947 39852 10775 3870 105641 25739 21485 839 1010 696 44141 305 178 1192 1119 5645 1854 8674 1779 4817 909 329 375 205 157 751 101 459 430 248 2269 118 92 13 116749 18 1241 36 430 85 65 177 17823 5960 254 104 177 216 19 960 18 20 96 135 167 63 46 17 21 23 0 79 194 512 58 20 148 25 201 76 82 7 220 39852
249591 130205 0 44142 11935 4286 117013 28509 23798 929 1118 771 48892 338 198 1321 1240 6253 2054 9608 1971 5335 1006 364 415 227 174 832 112 508 476 275 2514 130 101 15 129317 20 1375 40 476 94 72 196 19741 6601 281 116 196 239 21 1063 20 22 107 149 185 70 50 18 23 25 0 88 215 567 65 23 164 28 222 85 90 8 244 44142
32388 16896 25146 0 1548 556 15184 3699 3088 120 145 100 6344 43 25 171 160 811 266 1246 255 692 130 47 53 29 22 108 14 66 61 35 326 16 13 1 16781 2 178 5 61 12 9 25 2561 856 36 15 25 31 2 138 2 2 13 19 24 9 6 2 3 3 0 11 27 73 8 2 21 3 28 11 11 1 31 5728
1700 887 1320 300 0 29 797 194 162 6 7 5 333 2 1 9 8 42 13 65 13 36 6 2 2 1 1 5 0 3 3 1 17 0 0 0 881 0 9 0 3 0 0 1 134 44 1 0 1 1 0 7 0 0 0 1 1 0 0 0 0 0 0 0 1 3 0 0 1 0 1 0 0 0 1 300
2168 1131 1683 383 103 0 1016 247 206 8 9 6 424 2 1 11 10 54 17 83 17 46 8 3 3 1 1 7 0 4 4 2 21 1 0 0 1123 0 11 0 4 0 0 1 171 57 2 1 1 2 0 9 0 0 0 1 1 0 0 0 0 0 0 0 1 4 0 0 1 0 1 0 0 0 2 383
125390 65412 97351 22176 5996 2153 0 14322 11956 467 562 387 24562 169 99 663 623 3141 1032 4827 990 2680 505 183 208 114 87 418 56 255 239 138 1263 65 51 7 64966 10 691 20 239 47 36 98 9917 3316 141 58 98 120 10 534 10 11 53 75 93 35 25 9 11 12 0 44 108 285 32 11 82 14 111 42 45 4 122 22176
12855 6706 9980 2273 614 220 6026 0 1225 47 57 39 2518 17 10 68 63 322 105 494 101 274 51 18 21 11 8 42 5 26 24 14 129 6 5 0 6660 1 70 2 24 4 3 10 1016 340 14 5 10 12 1 54 1 1 5 7 9 3 2 0 1 1 0 4 11 29 3 1 8 1 11 4 4 0 12 2273
1221 637 948 215 58 20 572 139 0 4 5 3 239 1 0 6 6 30 10 47 9 26 4 1 2 1 0 4 0 2 2 1 12 0 0 0 632 0 6 0 2 0 0 0 96 32 1 0 0 1 0 5 0 0 0 0 0 0 0 0 0 0 0 0 1 2 0 0 0 0 1 0 0 0 1 215
0 0 0 0 0 0 0 0 0 0 0 0 0 0 0 0 0 0 0 0 0 0 0 0 0 0 0 0 0 0 0 0 0 0 0 0 0 0 0 0 0 0 0 0 0 0 0 0 0 0 0 0 0 0 0 0 0 0 0 0 0 0 0 0 0 0 0 0 0 0 0 0 0 0 0 0
443 231 343 78 21 7 207 50 42 1 0 1 86 0 0 2 2 11 3 17 3 9 1 0 0 0 0 1 0 0 0 0 4 0 0 0 229 0 2 0 0 0 0 0 35 11 0 0 0 0 0 1 0 0 0 0 0 0 0 0 0 0 0 0 0 1 0 0 0 0 0 0 0 0 0 78
182 95 141 32 8 3 85 20 17 0 0 0 35 0 0 0 0 4 1 7 1 3 0 0 0 0 0 0 0 0 0 0 1 0 0 0 94 0 1 0 0 0 0 0 14 4 0 0 0 0 0 0 0 0 0 0 0 0 0 0 0 0 0 0 0 0 0 0 0 0 0 0 0 0 0 32
66439 34659 51582 11750 3177 1141 31148 7589 6335 247 297 205 0 90 52 351 330 1664 546 2557 524 1420 268 97 110 60 46 221 29 135 126 73 669 34 27 4 34423 5 366 10 126 25 19 52 5255 1757 75 30 52 63 5 283 5 6 28 39 49 18 13 5 6 6 0 23 57 151 17 6 43 7 59 22 24 2 65 11750
0 0 0 0 0 0 0 0 0 0 0 0 0 0 0 0 0 0 0 0 0 0 0 0 0 0 0 0 0 0 0 0 0 0 0 0 0 0 0 0 0 0 0 0 0 0 0 0 0 0 0 0 0 0 0 0 0 0 0 0 0 0 0 0 0 0 0 0 0 0 0 0 0 0 0 0
4139 2159 3213 732 197 71 1940 472 394 15 18 12 810 5 0 21 20 103 34 159 32 88 16 6 6 3 2 13 1 8 7 4 41 2 1 0 2144 0 22 0 7 1 1 3 327 109 4 1 3 3 0 17 0 0 1 2 3 1 0 0 0 0 0 1 3 9 1 0 2 0 3 1 1 0 4 732
257 134 199 45 12 4 120 29 24 0 1 0 50 0 0 0 1 6 2 9 2 5 1 0 0 0 0 0 0 0 0 0 2 0 0 0 133 0 1 0 0 0 0 0 20 6 0 0 0 0 0 1 0 0 0 0 0 0 0 0 0 0 0 0 0 0 0 0 0 0 0 0 0 0 0 45
507 264 393 89 24 8 237 57 48 1 2 1 99 0 0 2 0 12 4 19 4 10 2 0 0 0 0 1 0 1 0 0 5 0 0 0 262 0 2 0 0 0 0 0 40 13 0 0 0 0 0 2 0 0 0 0 0 0 0 0 0 0 0 0 0 1 0 0 0 0 0 0 0 0 0 89
0 0 0 0 0 0 0 0 0 0 0 0 0 0 0 0 0 0 0 0 0 0 0 0 0 0 0 0 0 0 0 0 0 0 0 0 0 0 0 0 0 0 0 0 0 0 0 0 0 0 0 0 0 0 0 0 0 0 0 0 0 0 0 0 0 0 0 0 0 0 0 0 0 0 0 0
0 0 0 0 0 0 0 0 0 0 0 0 0 0 0 0 0 0 0 0 0 0 0 0 0 0 0 0 0 0 0 0 0 0 0 0 0 0 0 0 0 0 0 0 0 0 0 0 0 0 0 0 0 0 0 0 0 0 0 0 0 0 0 0 0 0 0 0 0 0 0 0 0 0 0 0
2523 1316 1959 446 120 43 1182 288 240 9 11 7 494 3 2 13 12 63 20 0 19 53 10 3 4 2 1 8 1 5 4 2 25 1 1 0 1307 0 13 0 4 0 0 1 199 66 2 1 1 2 0 10 0 0 1 1 1 0 0 0 0 0 0 0 2 5 0 0 1 0 2 0 0 0 2 446
0 0 0 0 0 0 0 0 0 0 0 0 0 0 0 0 0 0 0 0 0 0 0 0 0 0 0 0 0 0 0 0 0 0 0 0 0 0 0 0 0 0 0 0 0 0 0 0 0 0 0 0 0 0 0 0 0 0 0 0 0 0 0 0 0 0 0 0 0 0 0 0 0 0 0 0
0 0 0 0 0 0 0 0 0 0 0 0 0 0 0 0 0 0 0 0 0 0 0 0 0 0 0 0 0 0 0 0 0 0 0 0 0 0 0 0 0 0 0 0 0 0 0 0 0 0 0 0 0 0 0 0 0 0 0 0 0 0 0 0 0 0 0 0 0 0 0 0 0 0 0 0
0 0 0 0 0 0 0 0 0 0 0 0 0 0 0 0 0 0 0 0 0 0 0 0 0 0 0 0 0 0 0 0 0 0 0 0 0 0 0 0 0 0 0 0 0 0 0 0 0 0 0 0 0 0 0 0 0 0 0 0 0 0 0 0 0 0 0 0 0 0 0 0 0 0 0 0
3368 1757 2615 595 161 57 1579 384 321 12 15 10 659 4 2 17 16 84 27 129 26 72 13 0 5 3 2 11 1 6 6 3 33 1 1 0 1745 0 18 0 6 1 0 2 266 89 3 1 2 3 0 14 0 0 1 2 2 0 0 0 0 0 0 1 2 7 0 0 2 0 3 1 1 0 3 595
1434 748 1114 253 68 24 672 163 136 5 6 4 281 1 1 7 7 35 11 55 11 30 5 2 0 1 1 4 0 2 2 1 14 0 0 0 743 0 7 0 2 0 0 1 113 37 1 0 1 1 0 6 0 0 0 0 1 0 0 0 0 0 0 0 1 3 0 0 0 0 1 0 0 0 1 253
1168 609 907 206 55 20 547 133 111 4 5 3 228 1 0 6 5 29 9 44 9 24 4 1 1 0 0 3 0 2 2 1 11 0 0 0 605 0 6 0 2 0 0 0 92 30 1 0 0 1 0 4 0 0 0 0 0 0 0 0 0 0 0 0 1 2 0 0 0 0 1 0 0 0 1 206
677 353 525 119 32 11 317 77 64 2 3 2 132 0 0 3 3 16 5 26 5 14 2 0 1 0 0 2 0 1 1 0 6 0 0 0 350 0 3 0 1 0 0 0 53 17 0 0 0 0 0 2 0 0 0 0 0 0 0 0 0 0 0 0 0 1 0 0 0 0 0 0 0 0 0 119
304 158 236 53 14 5 142 34 29 1 1 0 59 0 0 1 1 7 2 11 2 6 1 0 0 0 0 0 0 0 0 0 3 0 0 0 157 0 1 0 0 0 0 0 24 8 0 0 0 0 0 1 0 0 0 0 0 0 0 0 0 0 0 0 0 0 0 0 0 0 0 0 0 0 0 53
115 60 89 20 5 1 54 13 11 0 0 0 22 0 0 0 0 2 0 4 0 2 0 0 0 0 0 0 0 0 0 0 1 0 0 0 59 0 0 0 0 0 0 0 9 3 0 0 0 0 0 0 0 0 0 0 0 0 0 0 0 0 0 0 0 0 0 0 0 0 0 0 0 0 0 20
148 77 115 26 7 2 69 16 14 0 0 0 29 0 0 0 0 3 1 5 1 3 0 0 0 0 0 0 0 0 0 0 1 0 0 0 76 0 0 0 0 0 0 0 11 3 0 0 0 0 0 0 0 0 0 0 0 0 0 0 0 0 0 0 0 0 0 0 0 0 0 0 0 0 0 26
2256 1177 1751 399 107 38 1057 257 215 8 10 6 442 3 1 11 11 56 18 86 17 48 9 3 3 2 1 7 1 4 0 2 22 1 0 0 1169 0 12 0 4 0 0 1 178 59 2 1 1 2 0 9 0 0 0 1 1 0 0 0 0 0 0 0 1 5 0 0 1 0 2 0 0 0 2 399
921 480 715 163 44 15 432 105 87 3 4 2 180 1 0 4 4 23 7 35 7 19 3 1 1 0 0 3 0 1 1 0 9 0 0 0 477 0 5 0 1 0 0 0 72 24 1 0 0 0 0 3 0 0 0 0 0 0 0 0 0 0 0 0 0 2 0 0 0 0 0 0 0 0 0 163
4741 2473 3681 838 226 81 2222 541 452 17 21 14 928 6 3 25 23 118 39 182 37 101 19 6 7 4 3 15 2 9 9 5 0 2 1 0 2456 0 26 0 9 1 1 3 375 125 5 2 3 4 0 20 0 0 2 2 3 1 0 0 0 0 0 1 4 10 1 0 3 0 4 1 1 0 4 838
1029 537 799 182 49 17 482 117 98 3 4 3 201 1 0 5 5 25 8 39 8 22 4 1 1 0 0 3 0 2 1 1 10 0 0 0 533 0 5 0 1 0 0 0 81 27 1 0 0 0 0 4 0 0 0 0 0 0 0 0 0 0 0 0 0 2 0 0 0 0 0 0 0 0 1 182
2314 1207 1797 409 110 39 1085 264 220 8 10 7 453 3 1 12 11 57 19 89 18 49 9 3 3 2 1 7 1 4 4 2 23 1 0 0 1199 0 12 0 4 0 0 1 183 61 2 1 1 2 0 9 0 0 0 1 1 0 0 0 0 0 0 0 1 5 0 0 1 0 2 0 0 0 2 409
0 0 0 0 0 0 0 0 0 0 0 0 0 0 0 0 0 0 0 0 0 0 0 0 0 0 0 0 0 0 0 0 0 0 0 0 0 0 0 0 0 0 0 0 0 0 0 0 0 0 0 0 0 0 0 0 0 0 0 0 0 0 0 0 0 0 0 0 0 0 0 0 0 0 0 0
639 333 496 113 30 10 299 73 61 2 2 1 125 0 0 3 3 16 5 24 5 13 2 0 1 0 0 2 0 1 1 0 6 0 0 0 0 0 3 0 1 0 0 0 50 16 0 0 0 0 0 2 0 0 0 0 0 0 0 0 0 0 0 0 0 1 0 0 0 0 0 0 0 0 0 113
680 354 528 120 32 11 318 77 64 2 3 2 133 0 0 3 3 17 5 26 5 14 2 0 1 0 0 2 0 1 1 0 6 0 0 0 352 0 3 0 1 0 0 0 53 17 0 0 0 0 0 2 0 0 0 0 0 0 0 0 0 0 0 0 0 1 0 0 0 0 0 0 0 0 0 120
473 247 367 83 22 8 222 54 45 1 2 1 92 0 0 2 2 11 3 18 3 10 1 0 0 0 0 1 0 0 0 0 4 0 0 0 245 0 0 0 0 0 0 0 37 12 0 0 0 0 0 2 0 0 0 0 0 0 0 0 0 0 0 0 0 1 0 0 0 0 0 0 0 0 0 83
593 309 461 105 28 10 278 67 56 2 2 1 116 0 0 3 2 14 4 22 4 12 2 0 0 0 0 1 0 1 1 0 5 0 0 0 307 0 3 0 1 0 0 0 46 15 0 0 0 0 0 2 0 0 0 0 0 0 0 0 0 0 0 0 0 1 0 0 0 0 0 0 0 0 0 105
2256 1177 1751 399 107 38 1057 257 215 8 10 6 442 3 1 11 11 56 18 86 17 48 9 3 3 2 1 7 1 4 4 2 22 1 0 0 1169 0 12 0 0 0 0 1 178 59 2 1 1 2 0 9 0 0 0 1 1 0 0 0 0 0 0 0 1 5 0 0 1 0 2 0 0 0 2 399
434 226 337 76 20 7 203 49 41 1 1 1 85 0 0 2 2 10 3 16 3 9 1 0 0 0 0 1 0 0 0 0 4 0 0 0 225 0 2 0 0 0 0 0 34 11 0 0 0 0 0 1 0 0 0 0 0 0 0 0 0 0 0 0 0 0 0 0 0 0 0 0 0 0 0 76
0 0 0 0 0 0 0 0 0 0 0 0 0 0 0 0 0 0 0 0 0 0 0 0 0 0 0 0 0 0 0 0 0 0 0 0 0 0 0 0 0 0 0 0 0 0 0 0 0 0 0 0 0 0 0 0 0 0 0 0 0 0 0 0 0 0 0 0 0 0 0 0 0 0 0 0
162 84 126 28 7 2 76 18 15 0 0 0 31 0 0 0 0 4 1 6 1 3 0 0 0 0 0 0 0 0 0 0 1 0 0 0 84 0 0 0 0 0 0 0 12 4 0 0 0 0 0 0 0 0 0 0 0 0 0 0 0 0 0 0 0 0 0 0 0 0 0 0 0 0 0 28
50744 26471 39397 8974 2426 871 23789 5796 4838 189 227 156 9940 68 40 268 252 1271 417 1953 400 1084 204 74 84 46 35 169 22 103 96 56 511 26 20 3 26291 4 279 8 96 19 14 39 0 1342 57 23 39 48 4 216 4 4 21 30 37 14 10 3 4 5 0 17 43 115 13 4 33 5 45 17 18 1 49 8974
12596 6571 9780 2227 602 216 5905 1438 1201 46 56 38 2467 17 10 66 62 315 103 484 99 269 50 18 20 11 8 42 5 25 24 13 126 6 5 0 6526 1 69 2 24 4 3 9 996 0 14 5 9 12 1 53 1 1 5 7 9 3 2 0 1 1 0 4 10 28 3 1 8 1 11 4 4 0 12 2227
2884 1504 2239 510 137 49 1352 329 275 10 12 8 565 3 2 15 14 72 23 111 22 61 11 4 4 2 2 9 1 5 5 3 29 1 1 0 1494 0 15 0 5 1 0 2 228 76 0 1 2 2 0 12 0 0 1 1 2 0 0 0 0 0 0 1 2 6 0 0 1 0 2 0 1 0 2 510
1068 557 829 189 51 18 501 122 101 3 4 3 209 1 0 5 5 26 8 41 8 22 4 1 1 0 0 3 0 2 2 1 10 0 0 0 553 0 5 0 2 0 0 0 84 28 1 0 0 1 0 4 0 0 0 0 0 0 0 0 0 0 0 0 0 2 0 0 0 0 0 0 0 0 1 189
163 85 126 28 7 2 76 18 15 0 0 0 31 0 0 0 0 4 1 6 1 3 0 0 0 0 0 0 0 0 0 0 1 0 0 0 84 0 0 0 0 0 0 0 12 4 0 0 0 0 0 0 0 0 0 0 0 0 0 0 0 0 0 0 0 0 0 0 0 0 0 0 0 0 0 28
0 0 0 0 0 0 0 0 0 0 0 0 0 0 0 0 0 0 0 0 0 0 0 0 0 0 0 0 0 0 0 0 0 0 0 0 0 0 0 0 0 0 0 0 0 0 0 0 0 0 0 0 0 0 0 0 0 0 0 0 0 0 0 0 0 0 0 0 0 0 0 0 0 0 0 0
0 0 0 0 0 0 0 0 0 0 0 0 0 0 0 0 0 0 0 0 0 0 0 0 0 0 0 0 0 0 0 0 0 0 0 0 0 0 0 0 0 0 0 0 0 0 0 0 0 0 0 0 0 0 0 0 0 0 0 0 0 0 0 0 0 0 0 0 0 0 0 0 0 0 0 0
1 0 0 0 0 0 0 0 0 0 0 0 0 0 0 0 0 0 0 0 0 0 0 0 0 0 0 0 0 0 0 0 0 0 0 0 0 0 0 0 0 0 0 0 0 0 0 0 0 0 0 0 0 0 0 0 0 0 0 0 0 0 0 0 0 0 0 0 0 0 0 0 0 0 0 0
681 355 528 120 32 11 319 77 64 2 3 2 133 0 0 3 3 17 5 26 5 14 2 0 1 0 0 2 0 1 1 0 6 0 0 0 352 0 3 0 1 0 0 0 53 18 0 0 0 0 0 2 0 0 0 0 0 0 0 0 0 0 0 0 0 1 0 0 0 0 0 0 0 0 0 120
960 500 745 169 45 16 450 109 91 3 4 2 188 1 0 5 4 24 7 36 7 20 3 1 1 0 0 3 0 1 1 1 9 0 0 0 497 0 5 0 1 0 0 0 75 25 1 0 0 0 0 4 0 0 0 0 0 0 0 0 0 0 0 0 0 2 0 0 0 0 0 0 0 0 0 169
162 84 126 28 7 2 76 18 15 0 0 0 31 0 0 0 0 4 1 6 1 3 0 0 0 0 0 0 0 0 0 0 1 0 0 0 84 0 0 0 0 0 0 0 12 4 0 0 0 0 0 0 0 0 0 0 0 0 0 0 0 0 0 0 0 0 0 0 0 0 0 0 0 0 0 28
1096 572 851 193 52 18 514 125 104 4 4 3 214 1 0 5 5 27 9 42 8 23 4 1 1 0 0 3 0 2 2 1 11 0 0 0 568 0 6 0 2 0 0 0 86 29 1 0 0 1 0 4 0 0 0 0 0 0 0 0 0 0 0 0 0 2 0 0 0 0 0 0 0 0 1 193
0 0 0 0 0 0 0 0 0 0 0 0 0 0 0 0 0 0 0 0 0 0 0 0 0 0 0 0 0 0 0 0 0 0 0 0 0 0 0 0 0 0 0 0 0 0 0 0 0 0 0 0 0 0 0 0 0 0 0 0 0 0 0 0 0 0 0 0 0 0 0 0 0 0 0 0
161 84 125 28 7 2 75 18 15 0 0 0 31 0 0 0 0 4 1 6 1 3 0 0 0 0 0 0 0 0 0 0 1 0 0 0 83 0 0 0 0 0 0 0 12 4 0 0 0 0 0 0 0 0 0 0 0 0 0 0 0 0 0 0 0 0 0 0 0 0 0 0 0 0 0 28
76 39 59 13 3 1 35 8 7 0 0 0 14 0 0 0 0 1 0 2 0 1 0 0 0 0 0 0 0 0 0 0 0 0 0 0 39 0 0 0 0 0 0 0 6 2 0 0 0 0 0 0 0 0 0 0 0 0 0 0 0 0 0 0 0 0 0 0 0 0 0 0 0 0 0 13
736 384 571 130 35 12 345 84 70 2 3 2 144 0 0 3 3 18 6 28 5 15 2 1 1 0 0 2 0 1 1 0 7 0 0 0 381 0 4 0 1 0 0 0 58 19 0 0 0 0 0 3 0 0 0 0 0 0 0 0 0 0 0 0 0 1 0 0 0 0 0 0 0 0 0 130
0 0 0 0 0 0 0 0 0 0 0 0 0 0 0 0 0 0 0 0 0 0 0 0 0 0 0 0 0 0 0 0 0 0 0 0 0 0 0 0 0 0 0 0 0 0 0 0 0 0 0 0 0 0 0 0 0 0 0 0 0 0 0 0 0 0 0 0 0 0 0 0 0 0 0 0
0 0 0 0 0 0 0 0 0 0 0 0 0 0 0 0 0 0 0 0 0 0 0 0 0 0 0 0 0 0 0 0 0 0 0 0 0 0 0 0 0 0 0 0 0 0 0 0 0 0 0 0 0 0 0 0 0 0 0 0 0 0 0 0 0 0 0 0 0 0 0 0 0 0 0 0
0 0 0 0 0 0 0 0 0 0 0 0 0 0 0 0 0 0 0 0 0 0 0 0 0 0 0 0 0 0 0 0 0 0 0 0 0 0 0 0 0 0 0 0 0 0 0 0 0 0 0 0 0 0 0 0 0 0 0 0 0 0 0 0 0 0 0 0 0 0 0 0 0 0 0 0
0 0 0 0 0 0 0 0 0 0 0 0 0 0 0 0 0 0 0 0 0 0 0 0 0 0 0 0 0 0 0 0 0 0 0 0 0 0 0 0 0 0 0 0 0 0 0 0 0 0 0 0 0 0 0 0 0 0 0 0 0 0 0 0 0 0 0 0 0 0 0 0 0 0 0 0
0 0 0 0 0 0 0 0 0 0 0 0 0 0 0 0 0 0 0 0 0 0 0 0 0 0 0 0 0 0 0 0 0 0 0 0 0 0 0 0 0 0 0 0 0 0 0 0 0 0 0 0 0 0 0 0 0 0 0 0 0 0 0 0 0 0 0 0 0 0 0 0 0 0 0 0
677 353 525 119 32 11 317 77 64 2 3 2 132 0 0 3 3 16 5 26 5 14 2 0 1 0 0 2 0 1 1 0 6 0 0 0 350 0 3 0 1 0 0 0 53 17 0 0 0 0 0 2 0 0 0 0 0 0 0 0 0 0 0 0 0 0 0 0 0 0 0 0 0 0 0 119
0 0 0 0 0 0 0 0 0 0 0 0 0 0 0 0 0 0 0 0 0 0 0 0 0 0 0 0 0 0 0 0 0 0 0 0 0 0 0 0 0 0 0 0 0 0 0 0 0 0 0 0 0 0 0 0 0 0 0 0 0 0 0 0 0 0 0 0 0 0 0 0 0 0 0 0
307 160 238 54 14 5 144 35 29 1 1 0 60 0 0 1 1 7 2 11 2 6 1 0 0 0 0 1 0 0 0 0 3 0 0 0 159 0 1 0 0 0 0 0 24 8 0 0 0 0 0 1 0 0 0 0 0 0 0 0 0 0 0 0 0 0 0 0 0 0 0 0 0 0 0 54
528 275 409 93 25 9 247 60 50 1 2 1 103 0 0 2 2 13 4 20 4 11 2 0 0 0 0 1 0 1 1 0 5 0 0 0 273 0 2 0 1 0 0 0 41 13 0 0 0 0 0 2 0 0 0 0 0 0 0 0 0 0 0 0 0 1 0 0 0 0 0 0 0 0 0 93
344 179 267 60 16 5 161 39 32 1 1 1 67 0 0 1 1 8 2 13 2 7 1 0 0 0 0 1 0 0 0 0 3 0 0 0 178 0 1 0 0 0 0 0 27 9 0 0 0 0 0 1 0 0 0 0 0 0 0 0 0 0 0 0 0 0 0 0 0 0 0 0 0 0 0 60
0 0 0 0 0 0 0 0 0 0 0 0 0 0 0 0 0 0 0 0 0 0 0 0 0 0 0 0 0 0 0 0 0 0 0 0 0 0 0 0 0 0 0 0 0 0 0 0 0 0 0 0 0 0 0 0 0 0 0 0 0 0 0 0 0 0 0 0 0 0 0 0 0 0 0 0
12 6 9 2 0 0 5 1 1 0 0 0 2 0 0 0 0 0 0 0 0 0 0 0 0 0 0 0 0 0 0 0 0 0 0 0 6 0 0 0 0 0 0 0 0 0 0 0 0 0 0 0 0 0 0 0 0 0 0 0 0 0 0 0 0 0 0 0 0 0 0 0 0 0 0 2
0 0 0 0 0 0 0 0 0 0 0 0 0 0 0 0 0 0 0 0 0 0 0 0 0 0 0 0 0 0 0 0 0 0 0 0 0 0 0 0 0 0 0 0 0 0 0 0 0 0 0 0 0 0 0 0 0 0 0 0 0 0 0 0 0 0 0 0 0 0 0 0 0 0 0 0
630 329 489 111 30 10 295 72 60 2 2 1 123 0 0 3 3 15 5 24 4 13 2 0 1 0 0 2 0 1 1 0 6 0 0 0 326 0 3 0 1 0 0 0 49 16 0 0 0 0 0 2 0 0 0 0 0 0 0 0 0 0 0 0 0 1 0 0 0 0 0 0 0 0 0 111
41 21 32 7 1 0 19 4 3 0 0 0 8 0 0 0 0 1 0 1 0 0 0 0 0 0 0 0 0 0 0 0 0 0 0 0 21 0 0 0 0 0 0 0 3 1 0 0 0 0 0 0 0 0 0 0 0 0 0 0 0 0 0 0 0 0 0 0 0 0 0 0 0 0 0 7
32388 16896 25146 5728 1548 556 15184 3699 3088 120 145 100 6344 43 25 171 160 811 266 1246 255 692 130 47 53 29 22 108 14 66 61 35 326 16 13 1 16781 2 178 5 61 12 9 25 2561 856 36 15 25 31 2 138 2 2 13 19 24 9 6 2 3 3 0 11 27 73 8 2 21 3 28 11 11 1 31 0
