0 138897 206716 47089 12732 4573 124825 30413 25387 992 1194 823 52157 361 211 1409 1323 6671 2192 10250 2103 5692 1074 389 444 242 186 888 120 543 508 294 2682 140 109 16 137950 22 1467 43 508 101 77 209 21060 7043 301 124 210 255 22 1135 22 24 114 160 198 75 54 20 25 27 0 94 229 605 70 25 175 30 238 91 97 9 261 47089 0
225335 0 174948 39852 10775 3870 105642 25739 21486 839 1010 697 44141 305 179 1193 1120 5646 1855 8675 1780 4817 909 329 375 205 158 752 101 459 430 249 2270 118 92 14 116750 19 1242 37 430 85 65 177 17823 5960 254 105 177 216 19 960 19 20 97 135 167 64 46 17 21 23 0 80 194 512 59 21 149 25 201 77 82 7 221 39852 0
249592 130205 0 44142 11935 4287 117014 28510 23799 930 1119 772 48893 338 198 1321 1241 6254 2054 9609 1971 5336 1007 365 416 227 175 832 112 509 477 276 2514 131 102 15 129317 21 1376 41 477 94 72 196 19742 6602 282 116 196 239 21 1064 21 23 107 150 186 70 51 19 24 26 0 89 215 567 65 23 164 28 223 85 91 8 244 44142 0
32389 16896 25146 0 1549 556 15184 3700 3088 121 145 100 6345 44 26 171 161 812 267 1247 256 692 131 47 54 29 23 108 15 66 62 36 326 17 13 2 16781 3 179 5 62 12 9 25 2562 857 37 15 25 31 3 138 3 3 14 19 24 9 7 2 3 3 0 11 28 74 8 3 21 4 29 11 12 1 32 5728 0
1701 887 1320 301 0 29 797 194 162 6 8 5 333 2 1 9 8 43 14 65 13 36 7 2 3 2 1 6 1 3 3 2 17 1 1 0 881 0 9 0 3 1 0 1 135 45 2 1 1 2 0 7 0 0 1 1 1 0 0 0 0 0 0 1 1 4 0 0 1 0 2 1 1 0 2 301 0
2169 1131 1684 384 104 0 1017 248 207 8 10 7 425 3 2 11 11 54 18 83 17 46 9 3 4 2 2 7 1 4 4 2 22 1 1 0 1124 0 12 0 4 1 1 2 172 57 2 1 2 2 0 9 0 0 1 1 2 1 0 0 0 0 0 1 2 5 1 0 1 0 2 1 1 0 2 384 0
125390 65413 97352 22176 5996 2154 0 14323 11956 467 562 388 24563 170 100 664 623 3142 1032 4827 990 2681 506 183 209 114 88 418 56 256 239 139 1263 66 51 8 64967 10 691 20 239 47 36 99 9918 3317 142 58 99 120 11 534 10 11 54 75 93 35 26 10 12 13 0 44 108 285 33 12 83 14 112 43 46 4 123 22176 0
12855 6706 9981 2274 615 221 6027 0 1226 48 58 40 2518 17 10 68 64 322 106 495 102 275 52 19 21 12 9 43 6 26 25 14 129 7 5 1 6661 1 71 2 25 5 4 10 1017 340 15 6 10 12 1 55 1 1 6 8 10 4 3 1 1 1 0 5 11 29 3 1 8 1 11 4 5 0 13 2274 0
1221 637 948 216 58 21 573 140 0 5 5 4 239 2 1 6 6 31 10 47 10 26 5 2 2 1 1 4 1 2 2 1 12 1 0 0 633 0 7 0 2 0 0 1 97 32 1 1 1 1 0 5 0 0 1 1 1 0 0 0 0 0 0 0 1 3 0 0 1 0 1 0 0 0 1 216 0
0 0 0 0 0 0 0 0 0 0 0 0 0 0 0 0 0 0 0 0 0 0 0 0 0 0 0 0 0 0 0 0 0 0 0 0 0 0 0 0 0 0 0 0 0 0 0 0 0 0 0 0 0 0 0 0 0 0 0 0 0 0 0 0 0 0 0 0 0 0 0 0 0 0 0 0 0
443 231 344 78 21 8 208 51 42 2 0 1 87 1 0 2 2 11 4 17 3 9 2 1 1 0 0 1 0 1 1 0 4 0 0 0 230 0 2 0 1 0 0 0 35 12 1 0 0 0 0 2 0 0 0 0 0 0 0 0 0 0 0 0 0 1 0 0 0 0 0 0 0 0 0 78 0
183 95 142 32 9 3 86 21 17 1 1 0 36 0 0 1 1 5 2 7 1 4 1 0 0 0 0 1 0 0 0 0 2 0 0 0 95 0 1 0 0 0 0 0 14 5 0 0 0 0 0 1 0 0 0 0 0 0 0 0 0 0 0 0 0 0 0 0 0 0 0 0 0 0 0 32 0
66439 34659 51583 11750 3177 1141 31148 7589 6335 247 298 205 0 90 53 352 330 1665 547 2558 525 1420 268 97 111 60 46 222 30 135 127 73 669 35 27 4 34423 6 366 11 127 25 19 52 5255 1757 75 31 52 64 6 283 6 6 29 40 49 19 14 5 6 7 0 24 57 151 17 6 44 7 59 23 24 2 65 11750 0
0 0 0 0 0 0 0 0 0 0 0 0 0 0 0 0 0 0 0 0 0 0 0 0 0 0 0 0 0 0 0 0 0 0 0 0 0 0 0 0 0 0 0 0 0 0 0 0 0 0 0 0 0 0 0 0 0 0 0 0 0 0 0 0 0 0 0 0 0 0 0 0 0 0 0 0 0
4139 2159 3214 732 198 71 1941 473 395 15 19 13 811 6 0 22 21 104 34 159 33 88 17 6 7 4 3 14 2 8 8 5 42 2 2 0 2145 0 23 1 8 2 1 3 327 109 5 2 3 4 0 18 0 0 2 2 3 1 1 0 0 0 0 1 4 9 1 0 3 0 4 1 2 0 4 732 0
257 134 200 45 12 4 121 29 25 1 1 1 50 0 0 0 1 6 2 10 2 5 1 0 0 0 0 1 0 1 0 0 3 0 0 0 133 0 1 0 0 0 0 0 20 7 0 0 0 0 0 1 0 0 0 0 0 0 0 0 0 0 0 0 0 1 0 0 0 0 0 0 0 0 0 45 0
507 265 394 90 24 9 238 58 48 2 2 2 99 1 0 3 0 13 4 20 4 11 2 1 1 0 0 2 0 1 1 1 5 0 0 0 263 0 3 0 1 0 0 0 40 13 1 0 0 0 0 2 0 0 0 0 0 0 0 0 0 0 0 0 0 1 0 0 0 0 0 0 0 0 0 90 0
0 0 0 0 0 0 0 0 0 0 0 0 0 0 0 0 0 0 0 0 0 0 0 0 0 0 0 0 0 0 0 0 0 0 0 0 0 0 0 0 0 0 0 0 0 0 0 0 0 0 0 0 0 0 0 0 0 0 0 0 0 0 0 0 0 0 0 0 0 0 0 0 0 0 0 0 0
0 0 0 0 0 0 0 0 0 0 0 0 0 0 0 0 0 0 0 0 0 0 0 0 0 0 0 0 0 0 0 0 0 0 0 0 0 0 0 0 0 0 0 0 0 0 0 0 0 0 0 0 0 0 0 0 0 0 0 0 0 0 0 0 0 0 0 0 0 0 0 0 0 0 0 0 0
2523 1316 1959 446 121 43 1183 288 241 9 11 8 494 3 2 13 13 63 21 0 20 54 10 4 4 2 2 8 1 5 5 3 25 1 1 0 1307 0 14 0 5 1 1 2 200 67 3 1 2 2 0 11 0 0 1 2 2 1 1 0 0 0 0 1 2 6 1 0 2 0 2 1 1 0 2 446 0
0 0 0 0 0 0 0 0 0 0 0 0 0 0 0 0 0 0 0 0 0 0 0 0 0 0 0 0 0 0 0 0 0 0 0 0 0 0 0 0 0 0 0 0 0 0 0 0 0 0 0 0 0 0 0 0 0 0 0 0 0 0 0 0 0 0 0 0 0 0 0 0 0 0 0 0 0
0 0 0 0 0 0 0 0 0 0 0 0 0 0 0 0 0 0 0 0 0 0 0 0 0 0 0 0 0 0 0 0 0 0 0 0 0 0 0 0 0 0 0 0 0 0 0 0 0 0 0 0 0 0 0 0 0 0 0 0 0 0 0 0 0 0 0 0 0 0 0 0 0 0 0 0 0
0 0 0 0 0 0 0 0 0 0 0 0 0 0 0 0 0 0 0 0 0 0 0 0 0 0 0 0 0 0 0 0 0 0 0 0 0 0 0 0 0 0 0 0 0 0 0 0 0 0 0 0 0 0 0 0 0 0 0 0 0 0 0 0 0 0 0 0 0 0 0 0 0 0 0 0 0
3368 1757 2615 596 161 58 1579 385 321 13 15 10 660 5 3 18 17 84 28 130 27 72 14 0 6 3 2 11 2 7 6 4 34 2 1 0 1745 0 19 1 6 1 1 3 266 89 4 2 3 3 0 14 0 0 1 2 3 1 1 0 0 0 0 1 3 8 1 0 2 0 3 1 1 0 3 596 0
1435 749 1114 254 69 25 673 164 137 5 6 4 281 2 1 8 7 36 12 55 11 31 6 2 0 1 1 5 1 3 3 2 14 1 1 0 743 0 8 0 3 1 0 1 113 38 2 1 1 1 0 6 0 0 1 1 1 0 0 0 0 0 0 1 1 3 0 0 1 0 1 0 1 0 1 254 0
1169 610 907 207 56 20 548 133 111 4 5 4 229 2 1 6 6 29 10 45 9 25 5 2 2 0 1 4 1 2 2 1 12 1 0 0 605 0 6 0 2 0 0 1 92 31 1 1 1 1 0 5 0 0 1 1 1 0 0 0 0 0 0 0 1 3 0 0 1 0 1 0 0 0 1 207 0
677 353 526 120 32 12 317 77 65 3 3 2 133 1 1 4 3 17 6 26 5 14 3 1 1 1 0 2 0 1 1 1 7 0 0 0 351 0 4 0 1 0 0 1 54 18 1 0 1 1 0 3 0 0 0 0 1 0 0 0 0 0 0 0 1 2 0 0 0 0 1 0 0 0 1 120 0
305 159 237 54 15 5 143 35 29 1 1 1 60 0 0 2 2 8 3 12 2 7 1 0 1 0 0 0 0 1 1 0 3 0 0 0 158 0 2 0 1 0 0 0 24 8 0 0 0 0 0 1 0 0 0 0 0 0 0 0 0 0 0 0 0 1 0 0 0 0 0 0 0 0 0 54 0
116 60 90 20 6 2 54 13 11 0 1 0 23 0 0 1 1 3 1 4 1 2 0 0 0 0 0 0 0 0 0 0 1 0 0 0 60 0 1 0 0 0 0 0 9 3 0 0 0 0 0 0 0 0 0 0 0 0 0 0 0 0 0 0 0 0 0 0 0 0 0 0 0 0 0 20 0
148 77 115 26 7 3 70 17 14 1 1 0 29 0 0 1 1 4 1 6 1 3 1 0 0 0 0 0 0 0 0 0 1 0 0 0 77 0 1 0 0 0 0 0 12 4 0 0 0 0 0 1 0 0 0 0 0 0 0 0 0 0 0 0 0 0 0 0 0 0 0 0 0 0 0 26 0
2257 1177 1752 399 108 39 1058 258 215 8 10 7 442 3 2 12 11 57 19 87 18 48 9 3 4 2 2 8 1 5 0 2 23 1 1 0 1169 0 12 0 4 1 1 2 178 60 3 1 2 2 0 10 0 0 1 1 2 1 0 0 0 0 0 1 2 5 1 0 1 0 2 1 1 0 2 399 0
922 481 716 163 44 16 432 105 88 3 4 3 181 1 1 5 5 23 8 35 7 20 4 1 2 1 1 3 0 2 2 0 9 0 0 0 478 0 5 0 2 0 0 1 73 24 1 0 1 1 0 4 0 0 0 1 1 0 0 0 0 0 0 0 1 2 0 0 1 0 1 0 0 0 1 163 0
4741 2473 3681 839 227 81 2223 542 452 18 21 15 929 6 4 25 24 119 39 183 37 101 19 7 8 4 3 16 2 10 9 5 0 2 2 0 2456 0 26 1 9 2 1 4 375 125 5 2 4 5 0 20 0 0 2 3 4 1 1 0 0 0 0 2 4 11 1 0 3 1 4 2 2 0 5 839 0
1029 537 799 182 49 18 483 118 98 4 5 3 202 1 1 5 5 26 8 40 8 22 4 2 2 1 1 3 0 2 2 1 10 0 0 0 533 0 6 0 2 0 0 1 81 27 1 0 1 1 0 4 0 0 0 1 1 0 0 0 0 0 0 0 1 2 0 0 1 0 1 0 0 0 1 182 0
2315 1207 1797 409 111 40 1085 264 221 9 10 7 453 3 2 12 12 58 19 89 18 49 9 3 4 2 2 8 1 5 4 3 23 1 0 0 1199 0 13 0 4 1 1 2 183 61 3 1 2 2 0 10 0 0 1 1 2 1 0 0 0 0 0 1 2 5 1 0 2 0 2 1 1 0 2 409 0
0 0 0 0 0 0 0 0 0 0 0 0 0 0 0 0 0 0 0 0 0 0 0 0 0 0 0 0 0 0 0 0 0 0 0 0 0 0 0 0 0 0 0 0 0 0 0 0 0 0 0 0 0 0 0 0 0 0 0 0 0 0 0 0 0 0 0 0 0 0 0 0 0 0 0 0 0
640 334 497 113 31 11 300 73 61 2 3 2 125 1 1 3 3 16 5 25 5 14 3 1 1 1 0 2 0 1 1 1 6 0 0 0 0 0 4 0 1 0 0 1 51 17 1 0 1 1 0 3 0 0 0 0 0 0 0 0 0 0 0 0 1 1 0 0 0 0 1 0 0 0 1 113 0
680 355 528 120 33 12 319 78 65 3 3 2 133 1 1 4 3 17 6 26 5 15 3 1 1 1 0 2 0 1 1 1 7 0 0 0 352 0 4 0 1 0 0 1 54 18 1 0 1 1 0 3 0 0 0 0 1 0 0 0 0 0 0 0 1 2 0 0 0 0 1 0 0 0 1 120 0
474 247 368 84 23 8 222 54 45 2 2 1 93 1 0 3 2 12 4 18 4 10 2 1 1 0 0 2 0 1 1 1 5 0 0 0 245 0 0 0 1 0 0 0 37 13 1 0 0 0 0 2 0 0 0 0 0 0 0 0 0 0 0 0 0 1 0 0 0 0 0 0 0 0 0 84 0
594 310 461 105 28 10 278 68 57 2 3 2 116 1 0 3 3 15 5 23 5 13 2 1 1 1 0 2 0 1 1 1 6 0 0 0 308 0 3 0 1 0 0 0 47 16 1 0 0 1 0 3 0 0 0 0 0 0 0 0 0 0 0 0 1 1 0 0 0 0 1 0 0 0 1 105 0
2257 1177 1752 399 108 39 1058 258 215 8 10 7 442 3 2 12 11 57 19 87 18 48 9 3 4 2 2 8 1 5 4 2 23 1 1 0 1169 0 12 0 0 1 1 2 178 60 3 1 2 2 0 10 0 0 1 1 2 1 0 0 0 0 0 1 2 5 1 0 1 0 2 1 1 0 2 399 0
434 227 337 77 21 7 204 50 41 2 2 1 85 1 0 2 2 11 4 17 3 9 2 1 1 0 0 1 0 1 1 0 4 0 0 0 225 0 2 0 1 0 0 0 34 11 0 0 0 0 0 2 0 0 0 0 0 0 0 0 0 0 0 0 0 1 0 0 0 0 0 0 0 0 0 77 0
0 0 0 0 0 0 0 0 0 0 0 0 0 0 0 0 0 0 0 0 0 0 0 0 0 0 0 0 0 0 0 0 0 0 0 0 0 0 0 0 0 0 0 0 0 0 0 0 0 0 0 0 0 0 0 0 0 0 0 0 0 0 0 0 0 0 0 0 0 0 0 0 0 0 0 0 0
162 85 126 29 8 3 76 19 15 1 1 1 32 0 0 1 1 4 1 6 1 3 1 0 0 0 0 1 0 0 0 0 2 0 0 0 84 0 1 0 0 0 0 0 13 4 0 0 0 0 0 1 0 0 0 0 0 0 0 0 0 0 0 0 0 0 0 0 0 0 0 0 0 0 0 29 0
50744 26472 39397 8975 2427 872 23790 5796 4838 189 227 157 9940 69 40 269 252 1271 418 1954 401 1085 205 74 85 46 35 169 23 103 97 56 511 27 21 3 26291 4 280 8 97 19 15 40 0 1342 57 24 40 49 4 216 4 5 22 30 38 14 10 4 5 5 0 18 44 115 13 5 33 6 45 17 18 2 50 8975 0
12597 6572 9780 2228 602 216 5906 1439 1201 47 56 39 2468 17 10 67 63 316 104 485 99 269 51 18 21 11 9 42 6 26 24 14 127 7 5 1 6527 1 69 2 24 5 4 10 996 0 14 6 10 12 1 54 1 1 5 8 9 4 3 1 1 1 0 4 11 29 3 1 8 1 11 4 5 0 12 2228 0
2885 1505 2240 510 138 50 1352 329 275 11 13 9 565 4 2 15 14 72 24 111 23 62 12 4 5 3 2 10 1 6 6 3 29 2 1 0 1495 0 16 0 6 1 1 2 228 76 0 1 2 3 0 12 0 0 1 2 2 1 1 0 0 0 0 1 2 7 1 0 2 0 3 1 1 0 3 510 0
1069 558 830 189 51 18 501 122 102 4 5 3 209 1 1 6 5 27 9 41 8 23 4 2 2 1 1 4 0 2 2 1 11 1 0 0 554 0 6 0 2 0 0 1 85 28 1 0 1 1 0 5 0 0 0 1 1 0 0 0 0 0 0 0 1 2 0 0 1 0 1 0 0 0 1 189 0
163 85 127 29 8 3 76 19 16 1 1 1 32 0 0 1 1 4 1 6 1 3 1 0 0 0 0 1 0 0 0 0 2 0 0 0 84 0 1 0 0 0 0 0 13 4 0 0 0 0 0 1 0 0 0 0 0 0 0 0 0 0 0 0 0 0 0 0 0 0 0 0 0 0 0 29 0
0 0 0 0 0 0 0 0 0 0 0 0 0 0 0 0 0 0 0 0 0 0 0 0 0 0 0 0 0 0 0 0 0 0 0 0 0 0 0 0 0 0 0 0 0 0 0 0 0 0 0 0 0 0 0 0 0 0 0 0 0 0 0 0 0 0 0 0 0 0 0 0 0 0 0 0 0
0 0 0 0 0 0 0 0 0 0 0 0 0 0 0 0 0 0 0 0 0 0 0 0 0 0 0 0 0 0 0 0 0 0 0 0 0 0 0 0 0 0 0 0 0 0 0 0 0 0 0 0 0 0 0 0 0 0 0 0 0 0 0 0 0 0 0 0 0 0 0 0 0 0 0 0 0
1 1 1 0 0 0 1 0 0 0 0 0 0 0 0 0 0 0 0 0 0 0 0 0 0 0 0 0 0 0 0 0 0 0 0 0 1 0 0 0 0 0 0 0 0 0 0 0 0 0 0 0 0 0 0 0 0 0 0 0 0 0 0 0 0 0 0 0 0 0 0 0 0 0 0 0 0
681 355 529 120 33 12 319 78 65 3 3 2 133 1 1 4 3 17 6 26 5 15 3 1 1 1 0 2 0 1 1 1 7 0 0 0 353 0 4 0 1 0 0 1 54 18 1 0 1 1 0 3 0 0 0 0 1 0 0 0 0 0 0 0 1 2 0 0 0 0 1 0 0 0 1 120 0
960 501 745 170 46 16 450 110 92 4 4 3 188 1 1 5 5 24 8 37 8 21 4 1 2 1 1 3 0 2 2 1 10 1 0 0 497 0 5 0 2 0 0 1 76 25 1 0 1 1 0 4 0 0 0 1 1 0 0 0 0 0 0 0 1 2 0 0 1 0 1 0 0 0 1 170 0
163 85 126 29 8 3 76 19 16 1 1 1 32 0 0 1 1 4 1 6 1 3 1 0 0 0 0 1 0 0 0 0 2 0 0 0 84 0 1 0 0 0 0 0 13 4 0 0 0 0 0 1 0 0 0 0 0 0 0 0 0 0 0 0 0 0 0 0 0 0 0 0 0 0 0 29 0
1097 572 852 194 52 19 514 125 105 4 5 3 215 1 1 6 5 27 9 42 9 23 4 2 2 1 1 4 0 2 2 1 11 1 0 0 568 0 6 0 2 0 0 1 87 29 1 1 1 1 0 5 0 0 0 0 1 0 0 0 0 0 0 0 1 2 0 0 1 0 1 0 0 0 1 194 0
0 0 0 0 0 0 0 0 0 0 0 0 0 0 0 0 0 0 0 0 0 0 0 0 0 0 0 0 0 0 0 0 0 0 0 0 0 0 0 0 0 0 0 0 0 0 0 0 0 0 0 0 0 0 0 0 0 0 0 0 0 0 0 0 0 0 0 0 0 0 0 0 0 0 0 0 0
161 84 125 29 8 3 76 18 15 1 1 0 32 0 0 1 1 4 1 6 1 3 1 0 0 0 0 1 0 0 0 0 2 0 0 0 84 0 1 0 0 0 0 0 13 4 0 0 0 0 0 1 0 0 0 0 0 0 0 0 0 0 0 0 0 0 0 0 0 0 0 0 0 0 0 29 0
76 40 59 13 4 1 36 9 7 0 0 0 15 0 0 0 0 2 1 3 1 2 0 0 0 0 0 0 0 0 0 0 1 0 0 0 39 0 0 0 0 0 0 0 6 2 0 0 0 0 0 0 0 0 0 0 0 0 0 0 0 0 0 0 0 0 0 0 0 0 0 0 0 0 0 13 0
736 384 572 130 35 13 345 84 70 3 3 2 144 1 1 4 4 18 6 28 6 16 3 1 1 1 1 2 0 2 1 1 7 0 0 0 382 0 4 0 1 0 0 1 58 19 1 0 1 1 0 3 0 0 0 0 1 0 0 0 0 0 0 0 1 2 0 0 0 0 1 0 0 0 1 130 0
0 0 0 0 0 0 0 0 0 0 0 0 0 0 0 0 0 0 0 0 0 0 0 0 0 0 0 0 0 0 0 0 0 0 0 0 0 0 0 0 0 0 0 0 0 0 0 0 0 0 0 0 0 0 0 0 0 0 0 0 0 0 0 0 0 0 0 0 0 0 0 0 0 0 0 0 0
0 0 0 0 0 0 0 0 0 0 0 0 0 0 0 0 0 0 0 0 0 0 0 0 0 0 0 0 0 0 0 0 0 0 0 0 0 0 0 0 0 0 0 0 0 0 0 0 0 0 0 0 0 0 0 0 0 0 0 0 0 0 0 0 0 0 0 0 0 0 0 0 0 0 0 0 0
0 0 0 0 0 0 0 0 0 0 0 0 0 0 0 0 0 0 0 0 0 0 0 0 0 0 0 0 0 0 0 0 0 0 0 0 0 0 0 0 0 0 0 0 0 0 0 0 0 0 0 0 0 0 0 0 0 0 0 0 0 0 0 0 0 0 0 0 0 0 0 0 0 0 0 0 0
0 0 0 0 0 0 0 0 0 0 0 0 0 0 0 0 0 0 0 0 0 0 0 0 0 0 0 0 0 0 0 0 0 0 0 0 0 0 0 0 0 0 0 0 0 0 0 0 0 0 0 0 0 0 0 0 0 0 0 0 0 0 0 0 0 0 0 0 0 0 0 0 0 0 0 0 0
0 0 0 0 0 0 0 0 0 0 0 0 0 0 0 0 0 0 0 0 0 0 0 0 0 0 0 0 0 0 0 0 0 0 0 0 0 0 0 0 0 0 0 0 0 0 0 0 0 0 0 0 0 0 0 0 0 0 0 0 0 0 0 0 0 0 0 0 0 0 0 0 0 0 0 0 0
677 353 526 120 32 12 317 77 65 3 3 2 133 1 1 4 3 17 6 26 5 14 3 1 1 1 0 2 0 1 1 1 7 0 0 0 351 0 4 0 1 0 0 1 54 18 1 0 1 1 0 3 0 0 0 0 1 0 0 0 0 0 0 0 1 0 0 0 0 0 1 0 0 0 1 120 0
0 0 0 0 0 0 0 0 0 0 0 0 0 0 0 0 0 0 0 0 0 0 0 0 0 0 0 0 0 0 0 0 0 0 0 0 0 0 0 0 0 0 0 0 0 0 0 0 0 0 0 0 0 0 0 0 0 0 0 0 0 0 0 0 0 0 0 0 0 0 0 0 0 0 0 0 0
307 160 239 54 15 5 144 35 29 1 1 1 60 0 0 2 2 8 3 12 2 7 1 0 1 0 0 1 0 1 1 0 3 0 0 0 159 0 2 0 1 0 0 0 24 8 0 0 0 0 0 1 0 0 0 0 0 0 0 0 0 0 0 0 0 1 0 0 0 0 0 0 0 0 0 54 0
528 275 410 93 25 9 248 60 50 2 2 2 103 1 0 3 3 13 4 20 4 11 2 1 1 0 0 2 0 1 1 1 5 0 0 0 274 0 3 0 1 0 0 0 42 14 1 0 0 1 0 2 0 0 0 0 0 0 0 0 0 0 0 0 0 1 0 0 0 0 0 0 0 0 1 93 0
344 179 267 61 16 6 161 39 33 1 2 1 67 0 0 2 2 9 3 13 3 7 1 1 1 0 0 1 0 1 1 0 3 0 0 0 178 0 2 0 1 0 0 0 27 9 0 0 0 0 0 1 0 0 0 0 0 0 0 0 0 0 0 0 0 1 0 0 0 0 0 0 0 0 0 61 0
0 0 0 0 0 0 0 0 0 0 0 0 0 0 0 0 0 0 0 0 0 0 0 0 0 0 0 0 0 0 0 0 0 0 0 0 0 0 0 0 0 0 0 0 0 0 0 0 0 0 0 0 0 0 0 0 0 0 0 0 0 0 0 0 0 0 0 0 0 0 0 0 0 0 0 0 0
12 6 10 2 1 0 6 1 1 0 0 0 2 0 0 0 0 0 0 0 0 0 0 0 0 0 0 0 0 0 0 0 0 0 0 0 6 0 0 0 0 0 0 0 1 0 0 0 0 0 0 0 0 0 0 0 0 0 0 0 0 0 0 0 0 0 0 0 0 0 0 0 0 0 0 2 0
0 0 0 0 0 0 0 0 0 0 0 0 0 0 0 0 0 0 0 0 0 0 0 0 0 0 0 0 0 0 0 0 0 0 0 0 0 0 0 0 0 0 0 0 0 0 0 0 0 0 0 0 0 0 0 0 0 0 0 0 0 0 0 0 0 0 0 0 0 0 0 0 0 0 0 0 0
631 329 490 112 30 11 296 72 60 2 3 2 124 1 1 3 3 16 5 24 5 13 3 1 1 1 0 2 0 1 1 1 6 0 0 0 327 0 3 0 1 0 0 0 50 17 1 0 0 1 0 3 0 0 0 0 0 0 0 0 0 0 0 0 1 1 0 0 0 0 1 0 0 0 1 112 0
42 22 32 7 2 1 19 5 4 0 0 0 8 0 0 0 0 1 0 2 0 1 0 0 0 0 0 0 0 0 0 0 0 0 0 0 22 0 0 0 0 0 0 0 3 1 0 0 0 0 0 0 0 0 0 0 0 0 0 0 0 0 0 0 0 0 0 0 0 0 0 0 0 0 0 7 0
32389 16896 25146 5728 1549 556 15184 3700 3088 121 145 100 6345 44 26 171 161 812 267 1247 256 692 131 47 54 29 23 108 15 66 62 36 326 17 13 2 16781 3 179 5 62 12 9 25 2562 857 37 15 25 31 3 138 3 3 14 19 24 9 7 2 3 3 0 11 28 74 8 3 21 4 29 11 12 1 32 0 0
0 0 0 0 0 0 0 0 0 0 0 0 0 0 0 0 0 0 0 0 0 0 0 0 0 0 0 0 0 0 0 0 0 0 0 0 0 0 0 0 0 0 0 0 0 0 0 0 0 0 0 0 0 0 0 0 0 0 0 0 0 0 0 0 0 0 0 0 0 0 0 0 0 0 0 0 0
