0 22039 15390 16342 27715 3029 2982 12170 7315 5179 9620 7207 5846 6204 2245 499 707 0 5665 1873 325 2140 488 0 779 0 461 0 188 459 1821 289 1231 213 241 11085 0 0 0 275 486 353 0 0 182 0 0 569 0 0 1048 460 152 187 814 0 0 0 0 767 0 135 0 0 0 93 118 0 0 0 0 0 104 0 0 0 0 203 0 940 113 0 249 0 0 143 0 0 0 797 162 100 140 442 327 0 0 109 98 227 190 0 100 0 0 122 255 0 177 0 0 0 0 89 0 0 0 1799 0 118 153 0 0 0 0 0 493 0 310 0 0 0 0 0 0 0 0 0 0 0 0 0 0 0 271117
30919 0 80705 85696 145336 10165 10007 63817 24549 17382 32286 24187 19620 20820 7535 3142 4448 543 35649 11788 1092 7182 3073 482 4899 199 2898 510 1181 2886 11460 1818 7748 1341 1513 58130 0 146 0 1729 3060 2219 188 135 1147 218 152 3582 319 134 6594 2893 958 1176 5122 109 128 417 299 4827 195 846 158 367 290 587 746 214 0 231 426 393 654 433 217 113 235 1275 233 5917 710 0 1569 104 515 900 134 286 134 5015 1018 628 883 2780 2056 530 308 684 618 1427 1198 250 629 454 0 766 1602 0 1116 141 301 476 411 557 477 219 0 11320 0 744 965 108 150 0 253 300 3105 157 1948 129 134 368 174 268 268 337 116 112 140 112 110 294 299 95 1193775
25765 96305 0 71410 121109 8471 8339 53179 20457 14484 26904 20155 16349 17350 6279 2619 3707 453 29707 9823 910 5985 2561 402 4083 166 2415 425 984 2405 9549 1515 6456 1117 1261 48440 0 122 0 1441 2550 1849 157 112 956 181 127 2985 266 111 5495 2411 799 980 4268 91 107 347 250 4022 162 705 132 306 242 489 621 178 0 193 355 328 545 361 181 94 196 1063 194 4930 592 0 1307 87 429 750 112 238 112 4179 848 523 736 2316 1713 442 257 570 515 1189 998 208 524 378 0 638 1335 0 930 117 251 397 343 464 397 183 0 9433 0 620 804 90 125 0 211 250 2587 131 1624 107 112 307 145 223 223 281 96 93 117 93 92 245 249 0 1036335
33340 124622 87026 0 156718 10961 10791 68815 26472 18743 34815 26082 21156 22451 8125 3388 4797 586 38441 12711 1178 7745 3313 520 5283 215 3125 550 1273 3112 12357 1960 8355 1446 1632 62683 0 158 0 1865 3300 2392 203 145 1237 235 164 3863 344 144 7110 3120 1033 1268 5523 118 138 449 323 5205 210 913 171 396 313 633 804 231 0 249 459 424 705 467 234 122 254 1375 252 6380 766 91 1692 112 555 970 145 308 145 5407 1098 677 952 2997 2217 572 332 738 667 1538 1291 270 678 489 0 826 1727 0 1203 152 324 514 444 601 514 237 0 12206 89 802 1040 117 162 0 273 323 3348 170 2101 139 145 397 188 289 289 363 125 121 151 120 119 317 323 102 1333082
24300 90830 63428 67350 0 7989 7865 50155 19294 13661 25374 19009 15420 16363 5922 2470 3496 427 28018 9264 858 5645 2415 379 3851 157 2278 401 928 2268 9007 1428 6089 1054 1189 45686 0 115 0 1359 2405 1744 148 106 901 171 120 2815 251 105 5182 2274 753 924 4026 0 101 327 235 3794 153 665 125 288 228 461 586 168 0 182 335 309 514 340 171 89 185 1002 183 4650 558 0 1233 0 405 707 106 225 105 3941 800 493 694 2185 1616 417 242 538 486 1121 941 196 494 356 0 602 1259 0 877 110 236 374 323 438 375 172 0 8897 0 585 758 0 118 0 199 235 2440 124 1531 101 105 289 137 211 210 265 91 88 110 88 0 231 235 0 905229
36528 87384 61022 64795 109890 0 11823 48253 29003 20535 38144 28575 23179 24597 8902 1980 2803 342 22462 7427 1290 8485 1936 304 3087 126 1826 321 744 1819 7221 1145 4882 845 954 43953 0 92 0 1090 1928 1398 119 0 723 137 96 2257 201 0 4155 1823 604 741 3227 0 0 262 189 3041 123 533 100 231 183 370 470 135 0 146 268 248 412 273 137 0 148 803 147 3728 447 0 988 0 324 567 0 180 0 3160 641 395 556 1751 1295 334 194 431 390 899 755 157 396 286 0 482 1009 0 703 89 190 300 259 351 300 138 0 7133 0 469 608 0 95 0 160 189 1956 99 1228 0 0 232 110 169 169 212 0 0 88 0 0 185 189 0 1101005
8803 21059 14706 15615 26482 2894 0 11628 6989 4949 9192 6886 5586 5928 2145 477 675 0 5413 1790 311 2045 467 0 744 0 440 0 179 438 1740 276 1176 204 230 10592 0 0 0 263 465 337 0 0 174 0 0 544 0 0 1001 439 146 179 778 0 0 0 0 733 0 129 0 0 0 89 113 0 0 0 0 0 99 0 0 0 0 194 0 898 108 0 238 0 0 137 0 0 0 761 155 95 134 422 312 0 0 104 94 217 182 0 95 0 0 116 243 0 169 0 0 0 0 0 0 0 0 1719 0 113 146 0 0 0 0 0 471 0 296 0 0 0 0 0 0 0 0 0 0 0 0 0 0 0 267642
20896 78108 54544 57917 98225 6870 6763 0 16591 11747 21820 16347 13260 14071 5093 2124 3006 367 24093 7967 738 4854 2077 326 3311 135 1959 345 798 1951 7745 1228 5236 906 1023 39287 0 99 0 1169 2068 1499 127 91 775 147 103 2421 216 90 4457 1955 648 795 3462 0 0 282 202 3262 132 572 107 248 196 397 504 145 0 156 288 266 442 293 147 0 159 862 158 3999 480 0 1060 0 348 608 91 193 91 3389 688 424 597 1879 1389 358 208 462 418 964 809 169 425 307 0 517 1082 0 754 95 203 322 278 377 322 148 0 7650 0 503 652 0 101 0 171 202 2099 106 1317 87 91 249 118 181 181 228 0 0 95 0 0 199 202 0 857499
22829 54613 38137 40496 68679 7506 7389 30157 0 12834 23839 17859 14486 15373 5564 1237 1752 214 14038 4642 807 5303 1210 190 1929 0 1141 201 465 1137 4513 716 3051 528 596 27470 0 0 0 681 1205 874 0 0 452 0 0 1411 126 0 2597 1139 377 463 2017 0 0 164 118 1901 0 333 0 144 114 231 294 0 0 91 168 155 257 171 0 0 93 502 92 2330 280 0 618 0 203 354 0 113 0 1975 401 247 348 1095 810 209 121 269 244 562 472 98 248 179 0 301 631 0 439 0 118 188 162 219 188 0 0 4458 0 293 380 0 0 0 100 118 1223 0 767 0 0 145 0 106 105 133 0 0 0 0 0 116 118 0 673990
6387 15279 10670 11330 19215 2100 2067 8437 5071 0 6670 4997 4053 4301 1557 346 490 0 3928 1299 226 1484 339 0 540 0 319 0 130 318 1263 200 854 148 167 7685 0 0 0 191 337 244 0 0 126 0 0 395 0 0 726 319 106 130 564 0 0 0 0 532 0 93 0 0 0 0 0 0 0 0 0 0 0 0 0 0 0 140 0 652 0 0 173 0 0 99 0 0 0 552 112 0 97 306 226 0 0 0 0 157 132 0 0 0 0 0 176 0 123 0 0 0 0 0 0 0 0 1247 0 0 106 0 0 0 0 0 342 0 215 0 0 0 0 0 0 0 0 0 0 0 0 0 0 0 192762
20040 47941 33478 35548 60288 6589 6486 26472 15912 11266 0 15677 12717 13495 4884 1086 1538 188 12323 4075 708 4655 1062 167 1694 0 1002 176 408 998 3961 628 2678 464 523 24113 0 0 0 598 1058 767 0 0 396 0 0 1238 110 0 2279 1000 331 406 1771 0 0 144 104 1669 0 293 0 127 100 203 258 0 0 0 147 136 226 150 0 0 0 441 0 2045 245 0 542 0 178 311 0 99 0 1733 352 217 305 961 711 183 107 237 214 493 414 0 217 157 0 265 554 0 386 0 104 165 142 193 165 0 0 3913 0 257 333 0 0 0 88 104 1073 0 674 0 0 127 0 93 93 116 0 0 0 0 0 102 103 0 584815
17780 42534 29702 31539 53488 5846 5755 23487 14117 9995 18566 0 11282 11973 4333 964 1364 167 10933 3615 628 4130 942 148 1503 0 889 156 362 885 3515 557 2376 411 464 21394 0 0 0 530 939 680 0 0 352 0 0 1099 98 0 2022 887 294 361 1571 0 0 128 92 1480 0 260 0 113 89 180 229 0 0 0 131 121 200 133 0 0 0 391 0 1815 218 0 481 0 158 276 0 88 0 1538 312 192 271 852 630 163 94 210 190 438 367 0 193 139 0 235 491 0 342 0 92 146 126 171 146 0 0 3472 0 228 296 0 0 0 0 92 952 0 598 0 0 113 0 0 0 103 0 0 0 0 0 90 92 0 525745
22163 53020 37025 39315 66676 7287 7173 29277 17597 12460 23144 17338 0 14924 5401 1201 1701 208 13629 4506 783 5148 1175 184 1873 0 1108 195 451 1103 4381 695 2962 513 579 26668 0 0 0 661 1170 848 0 0 438 0 0 1369 122 0 2521 1106 366 450 1958 0 0 159 114 1845 0 324 0 140 111 224 285 0 0 88 163 150 250 166 0 0 90 487 89 2262 271 0 600 0 197 344 0 109 0 1917 389 240 337 1063 786 203 118 262 236 545 458 96 240 173 0 293 612 0 426 0 115 182 157 213 182 0 0 4328 0 284 369 0 0 0 97 115 1187 0 745 0 0 141 0 103 102 129 0 0 0 0 0 112 114 0 659377
11946 28578 19957 21191 35939 3928 3866 15781 9485 6716 12475 9345 7581 0 2911 648 917 112 7346 2429 422 2775 633 99 1010 0 597 105 243 595 2361 375 1597 276 312 14374 0 0 0 356 631 457 0 0 236 0 0 738 0 0 1359 596 197 242 1055 0 0 0 0 995 0 174 0 0 0 121 154 0 0 0 88 0 135 89 0 0 0 263 0 1219 146 0 323 0 106 185 0 0 0 1033 210 129 182 573 424 109 0 141 127 294 247 0 130 93 0 158 330 0 230 0 0 98 0 115 98 0 0 2333 0 153 199 0 0 0 0 0 640 0 401 0 0 0 0 0 0 0 0 0 0 0 0 0 0 0 356133
6507 15566 10870 11542 19575 2139 2106 8595 5166 3658 6795 5090 4129 4382 0 353 499 0 4001 1323 230 1512 345 0 550 0 325 0 133 324 1286 204 870 150 170 7829 0 0 0 194 344 249 0 0 129 0 0 402 0 0 740 325 108 132 575 0 0 0 0 542 0 95 0 0 0 0 0 0 0 0 0 0 0 0 0 0 0 143 0 664 0 0 176 0 0 101 0 0 0 563 114 0 99 312 231 0 0 0 0 160 134 0 0 0 0 0 180 0 125 0 0 0 0 0 0 0 0 1271 0 0 108 0 0 0 0 0 349 0 219 0 0 0 0 0 0 0 0 0 0 0 0 0 0 0 199335
423 1896 1324 1406 2385 139 137 1047 336 238 441 331 268 285 103 0 203 0 1625 537 0 98 140 0 223 0 132 0 0 132 522 0 353 0 0 954 0 0 0 0 139 101 0 0 0 0 0 163 0 0 301 132 0 0 233 0 0 0 0 220 0 0 0 0 0 0 0 0 0 0 0 0 0 0 0 0 0 0 0 270 0 0 0 0 0 0 0 0 0 229 0 0 0 127 94 0 0 0 0 0 0 0 0 0 0 0 0 0 0 0 0 0 0 0 0 0 0 516 0 0 0 0 0 0 0 0 142 0 89 0 0 0 0 0 0 0 0 0 0 0 0 0 0 0 31643
620 2781 1942 2062 3498 204 201 1536 492 349 648 485 393 418 151 210 0 0 2383 788 0 144 205 0 328 0 194 0 0 193 766 122 518 90 101 1399 0 0 0 116 205 148 0 0 0 0 0 239 0 0 441 193 0 0 342 0 0 0 0 323 0 0 0 0 0 0 0 0 0 0 0 0 0 0 0 0 0 0 0 396 0 0 105 0 0 0 0 0 0 335 0 0 0 186 137 0 0 0 0 95 0 0 0 0 0 0 107 0 0 0 0 0 0 0 0 0 0 757 0 0 0 0 0 0 0 0 208 0 130 0 0 0 0 0 0 0 0 0 0 0 0 0 0 0 45551
0 263 183 195 330 0 0 145 0 0 0 0 0 0 0 0 0 0 225 0 0 0 0 0 0 0 0 0 0 0 0 0 0 0 0 132 0 0 0 0 0 0 0 0 0 0 0 0 0 0 0 0 0 0 0 0 0 0 0 0 0 0 0 0 0 0 0 0 0 0 0 0 0 0 0 0 0 0 0 0 0 0 0 0 0 0 0 0 0 0 0 0 0 0 0 0 0 0 0 0 0 0 0 0 0 0 0 0 0 0 0 0 0 0 0 0 0 0 0 0 0 0 0 0 0 0 0 0 0 0 0 0 0 0 0 0 0 0 0 0 0 0 0 0 5501
3895 17470 12200 12954 21970 1281 1261 9647 3092 2190 4067 3047 2472 2623 949 1319 1868 228 0 4950 138 905 1290 202 2057 0 1217 214 496 1212 4812 763 3253 563 636 8787 0 0 0 726 1285 932 0 0 482 91 0 1504 134 0 2769 1215 402 494 2151 0 0 175 126 2027 0 355 0 154 122 246 313 90 0 97 179 165 274 182 91 0 99 535 98 2484 298 0 659 0 216 378 0 120 0 2106 427 264 371 1167 863 223 129 287 260 599 503 105 264 190 0 321 673 0 468 0 126 200 173 234 200 92 0 4753 0 312 405 0 0 0 106 126 1304 0 818 0 0 155 0 113 112 141 0 0 0 0 0 123 126 0 253642
3112 13959 9748 10351 17555 1023 1007 7708 2471 1750 3250 2435 1975 2096 758 1054 1493 182 11961 0 110 723 1031 162 1644 0 972 171 396 968 3845 610 2600 450 508 7021 0 0 0 580 1027 744 0 0 385 0 0 1202 107 0 2212 971 322 395 1719 0 0 140 100 1620 0 284 0 123 97 197 250 0 0 0 143 132 219 145 0 0 0 428 0 1985 238 0 526 0 173 302 0 96 0 1682 342 211 296 933 690 178 103 230 207 479 402 0 211 152 0 257 537 0 374 0 101 160 138 187 160 0 0 3798 0 250 324 0 0 0 0 101 1042 0 654 0 0 124 0 90 90 113 0 0 0 0 0 99 100 0 214796
3622 8665 6051 6425 10897 1191 1172 4785 2876 2036 3782 2834 2299 2439 883 196 278 0 2227 737 0 841 192 0 306 0 181 0 0 180 716 114 484 0 95 4359 0 0 0 108 191 139 0 0 0 0 0 224 0 0 412 181 0 0 320 0 0 0 0 302 0 0 0 0 0 0 0 0 0 0 0 0 0 0 0 0 0 0 0 370 0 0 98 0 0 0 0 0 0 313 0 0 0 174 128 0 0 0 0 89 0 0 0 0 0 0 100 0 0 0 0 0 0 0 0 0 0 707 0 0 0 0 0 0 0 0 194 0 122 0 0 0 0 0 0 0 0 0 0 0 0 0 0 0 112920
6898 16503 11524 12237 20753 2268 2233 9113 5477 3878 7204 5397 4377 4645 1681 374 529 0 4242 1403 244 0 366 0 583 0 345 0 141 343 1364 216 922 160 180 8301 0 0 0 206 364 264 0 0 136 0 0 426 0 0 785 344 114 140 610 0 0 0 0 574 0 101 0 0 0 0 89 0 0 0 0 0 0 0 0 0 0 152 0 704 0 0 187 0 0 107 0 0 0 597 121 0 105 331 245 0 0 0 0 170 143 0 0 0 0 91 191 0 133 0 0 0 0 0 0 0 0 1347 0 89 115 0 0 0 0 0 369 0 232 0 0 0 0 0 0 0 0 0 0 0 0 0 0 0 211178
873 3917 2735 2904 4926 287 283 2163 693 491 912 683 554 588 213 296 419 0 3356 1110 0 203 0 0 461 0 273 0 111 272 1079 171 729 126 142 1970 0 0 0 163 288 209 0 0 108 0 0 337 0 0 621 272 90 111 482 0 0 0 0 454 0 0 0 0 0 0 0 0 0 0 0 0 0 0 0 0 0 120 0 557 0 0 148 0 0 0 0 0 0 472 96 0 0 262 194 0 0 0 0 134 113 0 0 0 0 0 151 0 105 0 0 0 0 0 0 0 0 1066 0 0 91 0 0 0 0 0 292 0 183 0 0 0 0 0 0 0 0 0 0 0 0 0 0 0 63386
676 3031 2117 2248 3812 222 219 1674 537 380 706 529 429 455 165 229 324 0 2597 859 0 157 224 0 357 0 211 0 0 210 835 132 564 98 110 1525 0 0 0 126 223 162 0 0 0 0 0 261 0 0 480 211 0 0 373 0 0 0 0 352 0 0 0 0 0 0 0 0 0 0 0 0 0 0 0 0 0 93 0 431 0 0 114 0 0 0 0 0 0 365 0 0 0 203 150 0 0 0 0 104 87 0 0 0 0 0 117 0 0 0 0 0 0 0 0 0 0 825 0 0 0 0 0 0 0 0 226 0 142 0 0 0 0 0 0 0 0 0 0 0 0 0 0 0 49839
91 410 287 304 516 0 0 227 0 0 96 0 0 0 0 0 0 0 352 116 0 0 0 0 0 0 0 0 0 0 113 0 0 0 0 206 0 0 0 0 0 0 0 0 0 0 0 0 0 0 0 0 0 0 0 0 0 0 0 0 0 0 0 0 0 0 0 0 0 0 0 0 0 0 0 0 0 0 0 0 0 0 0 0 0 0 0 0 0 0 0 0 0 0 0 0 0 0 0 0 0 0 0 0 0 0 0 0 0 0 0 0 0 0 0 0 0 112 0 0 0 0 0 0 0 0 0 0 0 0 0 0 0 0 0 0 0 0 0 0 0 0 0 0 7964
131 586 409 434 737 0 0 323 104 0 136 102 0 88 0 0 0 0 502 166 0 0 0 0 0 0 0 0 0 0 161 0 109 0 0 295 0 0 0 0 0 0 0 0 0 0 0 0 0 0 93 0 0 0 0 0 0 0 0 0 0 0 0 0 0 0 0 0 0 0 0 0 0 0 0 0 0 0 0 0 0 0 0 0 0 0 0 0 0 0 0 0 0 0 0 0 0 0 0 0 0 0 0 0 0 0 0 0 0 0 0 0 0 0 0 0 0 159 0 0 0 0 0 0 0 0 0 0 0 0 0 0 0 0 0 0 0 0 0 0 0 0 0 0 11035
102 457 319 339 574 0 0 252 0 0 106 0 0 0 0 0 0 0 391 129 0 0 0 0 0 0 0 0 0 0 126 0 0 0 0 230 0 0 0 0 0 0 0 0 0 0 0 0 0 0 0 0 0 0 0 0 0 0 0 0 0 0 0 0 0 0 0 0 0 0 0 0 0 0 0 0 0 0 0 0 0 0 0 0 0 0 0 0 0 0 0 0 0 0 0 0 0 0 0 0 0 0 0 0 0 0 0 0 0 0 0 0 0 0 0 0 0 124 0 0 0 0 0 0 0 0 0 0 0 0 0 0 0 0 0 0 0 0 0 0 0 0 0 0 8919
0 0 0 0 88 0 0 0 0 0 0 0 0 0 0 0 0 0 0 0 0 0 0 0 0 0 0 0 0 0 0 0 0 0 0 0 0 0 0 0 0 0 0 0 0 0 0 0 0 0 0 0 0 0 0 0 0 0 0 0 0 0 0 0 0 0 0 0 0 0 0 0 0 0 0 0 0 0 0 0 0 0 0 0 0 0 0 0 0 0 0 0 0 0 0 0 0 0 0 0 0 0 0 0 0 0 0 0 0 0 0 0 0 0 0 0 0 0 0 0 0 0 0 0 0 0 0 0 0 0 0 0 0 0 0 0 0 0 0 0 0 0 0 0 1772
0 309 216 229 388 0 0 170 0 0 0 0 0 0 0 0 0 0 265 87 0 0 0 0 0 0 0 0 0 0 0 0 0 0 0 155 0 0 0 0 0 0 0 0 0 0 0 0 0 0 0 0 0 0 0 0 0 0 0 0 0 0 0 0 0 0 0 0 0 0 0 0 0 0 0 0 0 0 0 0 0 0 0 0 0 0 0 0 0 0 0 0 0 0 0 0 0 0 0 0 0 0 0 0 0 0 0 0 0 0 0 0 0 0 0 0 0 0 0 0 0 0 0 0 0 0 0 0 0 0 0 0 0 0 0 0 0 0 0 0 0 0 0 0 6368
924 4146 2895 3074 5214 304 299 2289 734 520 965 723 586 622 225 313 443 0 3552 1175 0 215 306 0 488 0 289 0 118 0 1142 181 772 134 151 2085 0 0 0 172 305 221 0 0 114 0 0 357 0 0 657 288 96 117 510 0 0 0 0 481 0 0 0 0 0 0 0 0 0 0 0 0 0 0 0 0 0 127 0 590 0 0 156 0 0 90 0 0 0 500 101 0 88 277 205 0 0 0 0 142 119 0 0 0 0 0 160 0 111 0 0 0 0 0 0 0 0 1128 0 0 96 0 0 0 0 0 309 0 194 0 0 0 0 0 0 0 0 0 0 0 0 0 0 0 66938
109 489 341 362 614 0 0 270 0 0 114 0 0 0 0 0 0 0 419 138 0 0 0 0 0 0 0 0 0 0 0 0 91 0 0 246 0 0 0 0 0 0 0 0 0 0 0 0 0 0 0 0 0 0 0 0 0 0 0 0 0 0 0 0 0 0 0 0 0 0 0 0 0 0 0 0 0 0 0 0 0 0 0 0 0 0 0 0 0 0 0 0 0 0 0 0 0 0 0 0 0 0 0 0 0 0 0 0 0 0 0 0 0 0 0 0 0 133 0 0 0 0 0 0 0 0 0 0 0 0 0 0 0 0 0 0 0 0 0 0 0 0 0 0 9338
197 883 617 655 1111 0 0 488 156 111 206 154 125 133 0 0 94 0 757 250 0 0 0 0 104 0 0 0 0 0 243 0 164 0 0 444 0 0 0 0 0 0 0 0 0 0 0 0 0 0 140 0 0 0 109 0 0 0 0 102 0 0 0 0 0 0 0 0 0 0 0 0 0 0 0 0 0 0 0 126 0 0 0 0 0 0 0 0 0 106 0 0 0 0 0 0 0 0 0 0 0 0 0 0 0 0 0 0 0 0 0 0 0 0 0 0 0 240 0 0 0 0 0 0 0 0 0 0 0 0 0 0 0 0 0 0 0 0 0 0 0 0 0 0 15676
320 1434 1001 1063 1803 105 103 792 254 180 334 250 203 215 0 108 153 0 1229 406 0 0 106 0 169 0 100 0 0 99 395 0 0 0 0 721 0 0 0 0 105 0 0 0 0 0 0 123 0 0 227 100 0 0 177 0 0 0 0 166 0 0 0 0 0 0 0 0 0 0 0 0 0 0 0 0 0 0 0 204 0 0 0 0 0 0 0 0 0 173 0 0 0 96 0 0 0 0 0 0 0 0 0 0 0 0 0 0 0 0 0 0 0 0 0 0 0 390 0 0 0 0 0 0 0 0 107 0 0 0 0 0 0 0 0 0 0 0 0 0 0 0 0 0 24068
0 349 244 259 439 0 0 193 0 0 0 0 0 0 0 0 0 0 299 99 0 0 0 0 0 0 0 0 0 0 96 0 0 0 0 176 0 0 0 0 0 0 0 0 0 0 0 0 0 0 0 0 0 0 0 0 0 0 0 0 0 0 0 0 0 0 0 0 0 0 0 0 0 0 0 0 0 0 0 0 0 0 0 0 0 0 0 0 0 0 0 0 0 0 0 0 0 0 0 0 0 0 0 0 0 0 0 0 0 0 0 0 0 0 0 0 0 95 0 0 0 0 0 0 0 0 0 0 0 0 0 0 0 0 0 0 0 0 0 0 0 0 0 0 7009
747 3352 2341 2486 4215 246 242 1851 593 420 780 585 474 503 182 253 358 0 2872 950 0 174 248 0 395 0 233 0 95 233 923 146 624 108 0 1686 0 0 0 139 247 179 0 0 92 0 0 289 0 0 531 233 0 95 413 0 0 0 0 389 0 0 0 0 0 0 0 0 0 0 0 0 0 0 0 0 0 103 0 477 0 0 126 0 0 0 0 0 0 404 0 0 0 224 166 0 0 0 0 115 96 0 0 0 0 0 129 0 90 0 0 0 0 0 0 0 0 912 0 0 0 0 0 0 0 0 250 0 157 0 0 0 0 0 0 0 0 0 0 0 0 0 0 0 54661
1010 3777 2638 2801 4750 332 327 2086 802 568 1055 790 641 680 246 103 145 0 1165 385 0 235 100 0 160 0 95 0 0 94 375 0 253 0 0 0 0 0 0 0 100 0 0 0 0 0 0 117 0 0 215 95 0 0 167 0 0 0 0 158 0 0 0 0 0 0 0 0 0 0 0 0 0 0 0 0 0 0 0 193 0 0 0 0 0 0 0 0 0 164 0 0 0 91 0 0 0 0 0 0 0 0 0 0 0 0 0 0 0 0 0 0 0 0 0 0 0 370 0 0 0 0 0 0 0 0 101 0 0 0 0 0 0 0 0 0 0 0 0 0 0 0 0 0 43473
0 274 191 203 344 0 0 151 0 0 0 0 0 0 0 0 0 0 235 0 0 0 0 0 0 0 0 0 0 0 0 0 0 0 0 138 0 0 0 0 0 0 0 0 0 0 0 0 0 0 0 0 0 0 0 0 0 0 0 0 0 0 0 0 0 0 0 0 0 0 0 0 0 0 0 0 0 0 0 0 0 0 0 0 0 0 0 0 0 0 0 0 0 0 0 0 0 0 0 0 0 0 0 0 0 0 0 0 0 0 0 0 0 0 0 0 0 0 0 0 0 0 0 0 0 0 0 0 0 0 0 0 0 0 0 0 0 0 0 0 0 0 0 0 5745
0 247 173 183 311 0 0 137 0 0 0 0 0 0 0 0 0 0 212 0 0 0 0 0 0 0 0 0 0 0 0 0 0 0 0 124 0 0 0 0 0 0 0 0 0 0 0 0 0 0 0 0 0 0 0 0 0 0 0 0 0 0 0 0 0 0 0 0 0 0 0 0 0 0 0 0 0 0 0 0 0 0 0 0 0 0 0 0 0 0 0 0 0 0 0 0 0 0 0 0 0 0 0 0 0 0 0 0 0 0 0 0 0 0 0 0 0 0 0 0 0 0 0 0 0 0 0 0 0 0 0 0 0 0 0 0 0 0 0 0 0 0 0 0 5189
148 662 462 491 832 0 0 365 117 0 154 115 94 99 0 0 0 0 567 187 0 0 0 0 0 0 0 0 0 0 182 0 123 0 0 333 0 0 0 0 0 0 0 0 0 0 0 0 0 0 105 0 0 0 0 0 0 0 0 0 0 0 0 0 0 0 0 0 0 0 0 0 0 0 0 0 0 0 0 94 0 0 0 0 0 0 0 0 0 0 0 0 0 0 0 0 0 0 0 0 0 0 0 0 0 0 0 0 0 0 0 0 0 0 0 0 0 180 0 0 0 0 0 0 0 0 0 0 0 0 0 0 0 0 0 0 0 0 0 0 0 0 0 0 12283
0 143 100 106 180 0 0 0 0 0 0 0 0 0 0 0 0 0 123 0 0 0 0 0 0 0 0 0 0 0 0 0 0 0 0 0 0 0 0 0 0 0 0 0 0 0 0 0 0 0 0 0 0 0 0 0 0 0 0 0 0 0 0 0 0 0 0 0 0 0 0 0 0 0 0 0 0 0 0 0 0 0 0 0 0 0 0 0 0 0 0 0 0 0 0 0 0 0 0 0 0 0 0 0 0 0 0 0 0 0 0 0 0 0 0 0 0 0 0 0 0 0 0 0 0 0 0 0 0 0 0 0 0 0 0 0 0 0 0 0 0 0 0 0 3139
399 1789 1249 1326 2249 131 129 988 317 224 416 312 253 269 97 135 191 0 1533 507 0 93 132 0 211 0 125 0 0 124 493 0 333 0 0 900 0 0 0 0 0 95 0 0 0 0 0 154 0 0 283 124 0 0 220 0 0 0 0 208 0 0 0 0 0 0 0 0 0 0 0 0 0 0 0 0 0 0 0 254 0 0 0 0 0 0 0 0 0 216 0 0 0 119 88 0 0 0 0 0 0 0 0 0 0 0 0 0 0 0 0 0 0 0 0 0 0 487 0 0 0 0 0 0 0 0 133 0 0 0 0 0 0 0 0 0 0 0 0 0 0 0 0 0 29933
135 605 422 448 760 0 0 334 107 0 141 105 0 91 0 0 0 0 518 171 0 0 0 0 0 0 0 0 0 0 167 0 113 0 0 304 0 0 0 0 0 0 0 0 0 0 0 0 0 0 96 0 0 0 0 0 0 0 0 0 0 0 0 0 0 0 0 0 0 0 0 0 0 0 0 0 0 0 0 0 0 0 0 0 0 0 0 0 0 0 0 0 0 0 0 0 0 0 0 0 0 0 0 0 0 0 0 0 0 0 0 0 0 0 0 0 0 164 0 0 0 0 0 0 0 0 0 0 0 0 0 0 0 0 0 0 0 0 0 0 0 0 0 0 11317
0 0 0 0 0 0 0 0 0 0 0 0 0 0 0 0 0 0 0 0 0 0 0 0 0 0 0 0 0 0 0 0 0 0 0 0 0 0 0 0 0 0 0 0 0 0 0 0 0 0 0 0 0 0 0 0 0 0 0 0 0 0 0 0 0 0 0 0 0 0 0 0 0 0 0 0 0 0 0 0 0 0 0 0 0 0 0 0 0 0 0 0 0 0 0 0 0 0 0 0 0 0 0 0 0 0 0 0 0 0 0 0 0 0 0 0 0 0 0 0 0 0 0 0 0 0 0 0 0 0 0 0 0 0 0 0 0 0 0 0 0 0 0 0 1045
0 0 0 0 101 0 0 0 0 0 0 0 0 0 0 0 0 0 0 0 0 0 0 0 0 0 0 0 0 0 0 0 0 0 0 0 0 0 0 0 0 0 0 0 0 0 0 0 0 0 0 0 0 0 0 0 0 0 0 0 0 0 0 0 0 0 0 0 0 0 0 0 0 0 0 0 0 0 0 0 0 0 0 0 0 0 0 0 0 0 0 0 0 0 0 0 0 0 0 0 0 0 0 0 0 0 0 0 0 0 0 0 0 0 0 0 0 0 0 0 0 0 0 0 0 0 0 0 0 0 0 0 0 0 0 0 0 0 0 0 0 0 0 0 2034
107 481 336 357 605 0 0 266 0 0 112 0 0 0 0 0 0 0 412 136 0 0 0 0 0 0 0 0 0 0 133 0 90 0 0 242 0 0 0 0 0 0 0 0 0 0 0 0 0 0 0 0 0 0 0 0 0 0 0 0 0 0 0 0 0 0 0 0 0 0 0 0 0 0 0 0 0 0 0 0 0 0 0 0 0 0 0 0 0 0 0 0 0 0 0 0 0 0 0 0 0 0 0 0 0 0 0 0 0 0 0 0 0 0 0 0 0 131 0 0 0 0 0 0 0 0 0 0 0 0 0 0 0 0 0 0 0 0 0 0 0 0 0 0 9358
0 0 0 0 87 0 0 0 0 0 0 0 0 0 0 0 0 0 0 0 0 0 0 0 0 0 0 0 0 0 0 0 0 0 0 0 0 0 0 0 0 0 0 0 0 0 0 0 0 0 0 0 0 0 0 0 0 0 0 0 0 0 0 0 0 0 0 0 0 0 0 0 0 0 0 0 0 0 0 0 0 0 0 0 0 0 0 0 0 0 0 0 0 0 0 0 0 0 0 0 0 0 0 0 0 0 0 0 0 0 0 0 0 0 0 0 0 0 0 0 0 0 0 0 0 0 0 0 0 0 0 0 0 0 0 0 0 0 0 0 0 0 0 0 1753
119 534 373 396 671 0 0 295 94 0 124 93 0 0 0 0 0 0 457 151 0 0 0 0 0 0 0 0 0 0 147 0 99 0 0 268 0 0 0 0 0 0 0 0 0 0 0 0 0 0 0 0 0 0 0 0 0 0 0 0 0 0 0 0 0 0 0 0 0 0 0 0 0 0 0 0 0 0 0 0 0 0 0 0 0 0 0 0 0 0 0 0 0 0 0 0 0 0 0 0 0 0 0 0 0 0 0 0 0 0 0 0 0 0 0 0 0 145 0 0 0 0 0 0 0 0 0 0 0 0 0 0 0 0 0 0 0 0 0 0 0 0 0 0 10218
209 937 654 694 1178 0 0 517 166 117 218 163 132 141 0 0 100 0 802 265 0 0 0 0 110 0 0 0 0 0 258 0 174 0 0 471 0 0 0 0 0 0 0 0 0 0 0 0 0 0 148 0 0 0 115 0 0 0 0 109 0 0 0 0 0 0 0 0 0 0 0 0 0 0 0 0 0 0 0 133 0 0 0 0 0 0 0 0 0 113 0 0 0 0 0 0 0 0 0 0 0 0 0 0 0 0 0 0 0 0 0 0 0 0 0 0 0 255 0 0 0 0 0 0 0 0 0 0 0 0 0 0 0 0 0 0 0 0 0 0 0 0 0 0 16525
0 0 0 0 0 0 0 0 0 0 0 0 0 0 0 0 0 0 0 0 0 0 0 0 0 0 0 0 0 0 0 0 0 0 0 0 0 0 0 0 0 0 0 0 0 0 0 0 0 0 0 0 0 0 0 0 0 0 0 0 0 0 0 0 0 0 0 0 0 0 0 0 0 0 0 0 0 0 0 0 0 0 0 0 0 0 0 0 0 0 0 0 0 0 0 0 0 0 0 0 0 0 0 0 0 0 0 0 0 0 0 0 0 0 0 0 0 0 0 0 0 0 0 0 0 0 0 0 0 0 0 0 0 0 0 0 0 0 0 0 0 0 0 0 109
0 0 0 0 0 0 0 0 0 0 0 0 0 0 0 0 0 0 0 0 0 0 0 0 0 0 0 0 0 0 0 0 0 0 0 0 0 0 0 0 0 0 0 0 0 0 0 0 0 0 0 0 0 0 0 0 0 0 0 0 0 0 0 0 0 0 0 0 0 0 0 0 0 0 0 0 0 0 0 0 0 0 0 0 0 0 0 0 0 0 0 0 0 0 0 0 0 0 0 0 0 0 0 0 0 0 0 0 0 0 0 0 0 0 0 0 0 0 0 0 0 0 0 0 0 0 0 0 0 0 0 0 0 0 0 0 0 0 0 0 0 0 0 0 1112
959 4300 3003 3189 5408 315 310 2375 761 539 1001 750 608 646 234 325 460 0 3685 1218 0 223 318 0 506 0 300 0 122 298 1184 188 801 139 156 2163 0 0 0 179 316 229 0 0 119 0 0 370 0 0 0 299 99 122 529 0 0 0 0 499 0 87 0 0 0 0 0 0 0 0 0 0 0 0 0 0 0 132 0 612 0 0 162 0 0 93 0 0 0 518 105 0 91 287 212 0 0 0 0 147 124 0 0 0 0 0 166 0 115 0 0 0 0 0 0 0 0 1170 0 0 100 0 0 0 0 0 321 0 201 0 0 0 0 0 0 0 0 0 0 0 0 0 0 0 68797
129 580 405 430 730 0 0 320 103 0 135 101 0 87 0 0 0 0 497 164 0 0 0 0 0 0 0 0 0 0 160 0 108 0 0 292 0 0 0 0 0 0 0 0 0 0 0 0 0 0 92 0 0 0 0 0 0 0 0 0 0 0 0 0 0 0 0 0 0 0 0 0 0 0 0 0 0 0 0 0 0 0 0 0 0 0 0 0 0 0 0 0 0 0 0 0 0 0 0 0 0 0 0 0 0 0 0 0 0 0 0 0 0 0 0 0 0 158 0 0 0 0 0 0 0 0 0 0 0 0 0 0 0 0 0 0 0 0 0 0 0 0 0 0 10837
451 2022 1412 1499 2542 148 146 1116 358 253 471 353 286 303 110 153 216 0 1732 573 0 105 149 0 238 0 141 0 0 140 557 88 376 0 0 1017 0 0 0 0 149 108 0 0 0 0 0 174 0 0 320 141 0 0 249 0 0 0 0 235 0 0 0 0 0 0 0 0 0 0 0 0 0 0 0 0 0 0 0 287 0 0 0 0 0 0 0 0 0 244 0 0 0 135 100 0 0 0 0 0 0 0 0 0 0 0 0 0 0 0 0 0 0 0 0 0 0 550 0 0 0 0 0 0 0 0 151 0 95 0 0 0 0 0 0 0 0 0 0 0 0 0 0 0 33749
0 193 135 143 243 0 0 107 0 0 0 0 0 0 0 0 0 0 165 0 0 0 0 0 0 0 0 0 0 0 0 0 0 0 0 97 0 0 0 0 0 0 0 0 0 0 0 0 0 0 0 0 0 0 0 0 0 0 0 0 0 0 0 0 0 0 0 0 0 0 0 0 0 0 0 0 0 0 0 0 0 0 0 0 0 0 0 0 0 0 0 0 0 0 0 0 0 0 0 0 0 0 0 0 0 0 0 0 0 0 0 0 0 0 0 0 0 0 0 0 0 0 0 0 0 0 0 0 0 0 0 0 0 0 0 0 0 0 0 0 0 0 0 0 4035
627 2813 1965 2086 3538 206 203 1554 498 353 655 491 398 422 153 212 301 0 2411 797 0 146 208 0 331 0 196 0 0 195 775 123 524 91 102 1415 0 0 0 117 207 150 0 0 0 0 0 242 0 0 446 196 0 0 0 0 0 0 0 326 0 0 0 0 0 0 0 0 0 0 0 0 0 0 0 0 0 0 0 400 0 0 106 0 0 0 0 0 0 339 0 0 0 188 139 0 0 0 0 96 0 0 0 0 0 0 108 0 0 0 0 0 0 0 0 0 0 765 0 0 0 0 0 0 0 0 210 0 132 0 0 0 0 0 0 0 0 0 0 0 0 0 0 0 46009
0 236 165 175 297 0 0 130 0 0 0 0 0 0 0 0 0 0 202 0 0 0 0 0 0 0 0 0 0 0 0 0 0 0 0 119 0 0 0 0 0 0 0 0 0 0 0 0 0 0 0 0 0 0 0 0 0 0 0 0 0 0 0 0 0 0 0 0 0 0 0 0 0 0 0 0 0 0 0 0 0 0 0 0 0 0 0 0 0 0 0 0 0 0 0 0 0 0 0 0 0 0 0 0 0 0 0 0 0 0 0 0 0 0 0 0 0 0 0 0 0 0 0 0 0 0 0 0 0 0 0 0 0 0 0 0 0 0 0 0 0 0 0 0 4951
0 0 0 0 94 0 0 0 0 0 0 0 0 0 0 0 0 0 0 0 0 0 0 0 0 0 0 0 0 0 0 0 0 0 0 0 0 0 0 0 0 0 0 0 0 0 0 0 0 0 0 0 0 0 0 0 0 0 0 0 0 0 0 0 0 0 0 0 0 0 0 0 0 0 0 0 0 0 0 0 0 0 0 0 0 0 0 0 0 0 0 0 0 0 0 0 0 0 0 0 0 0 0 0 0 0 0 0 0 0 0 0 0 0 0 0 0 0 0 0 0 0 0 0 0 0 0 0 0 0 0 0 0 0 0 0 0 0 0 0 0 0 0 0 1899
0 329 230 244 414 0 0 182 0 0 0 0 0 0 0 0 0 0 282 93 0 0 0 0 0 0 0 0 0 0 91 0 0 0 0 166 0 0 0 0 0 0 0 0 0 0 0 0 0 0 0 0 0 0 0 0 0 0 0 0 0 0 0 0 0 0 0 0 0 0 0 0 0 0 0 0 0 0 0 0 0 0 0 0 0 0 0 0 0 0 0 0 0 0 0 0 0 0 0 0 0 0 0 0 0 0 0 0 0 0 0 0 0 0 0 0 0 90 0 0 0 0 0 0 0 0 0 0 0 0 0 0 0 0 0 0 0 0 0 0 0 0 0 0 6623
0 0 0 0 0 0 0 0 0 0 0 0 0 0 0 0 0 0 0 0 0 0 0 0 0 0 0 0 0 0 0 0 0 0 0 0 0 0 0 0 0 0 0 0 0 0 0 0 0 0 0 0 0 0 0 0 0 0 0 0 0 0 0 0 0 0 0 0 0 0 0 0 0 0 0 0 0 0 0 0 0 0 0 0 0 0 0 0 0 0 0 0 0 0 0 0 0 0 0 0 0 0 0 0 0 0 0 0 0 0 0 0 0 0 0 0 0 0 0 0 0 0 0 0 0 0 0 0 0 0 0 0 0 0 0 0 0 0 0 0 0 0 0 0 443
786 3527 2463 2615 4435 259 254 1947 624 442 821 615 499 529 192 266 377 0 3022 999 0 183 260 0 415 0 246 0 100 245 971 154 657 114 128 1774 0 0 0 147 259 188 0 0 97 0 0 304 0 0 559 245 0 100 434 0 0 0 0 0 0 0 0 0 0 0 0 0 0 0 0 0 0 0 0 0 0 108 0 502 0 0 133 0 0 0 0 0 0 425 0 0 0 236 174 0 0 0 0 121 102 0 0 0 0 0 136 0 95 0 0 0 0 0 0 0 0 960 0 0 0 0 0 0 0 0 263 0 165 0 0 0 0 0 0 0 0 0 0 0 0 0 0 0 57110
0 0 0 0 0 0 0 0 0 0 0 0 0 0 0 0 0 0 0 0 0 0 0 0 0 0 0 0 0 0 0 0 0 0 0 0 0 0 0 0 0 0 0 0 0 0 0 0 0 0 0 0 0 0 0 0 0 0 0 0 0 0 0 0 0 0 0 0 0 0 0 0 0 0 0 0 0 0 0 0 0 0 0 0 0 0 0 0 0 0 0 0 0 0 0 0 0 0 0 0 0 0 0 0 0 0 0 0 0 0 0 0 0 0 0 0 0 0 0 0 0 0 0 0 0 0 0 0 0 0 0 0 0 0 0 0 0 0 0 0 0 0 0 0 0
117 524 366 388 659 0 0 289 93 0 122 91 0 0 0 0 0 0 449 148 0 0 0 0 0 0 0 0 0 0 144 0 98 0 0 263 0 0 0 0 0 0 0 0 0 0 0 0 0 0 0 0 0 0 0 0 0 0 0 0 0 0 0 0 0 0 0 0 0 0 0 0 0 0 0 0 0 0 0 0 0 0 0 0 0 0 0 0 0 0 0 0 0 0 0 0 0 0 0 0 0 0 0 0 0 0 0 0 0 0 0 0 0 0 0 0 0 142 0 0 0 0 0 0 0 0 0 0 0 0 0 0 0 0 0 0 0 0 0 0 0 0 0 0 10005
0 306 213 227 384 0 0 169 0 0 0 0 0 0 0 0 0 0 262 0 0 0 0 0 0 0 0 0 0 0 0 0 0 0 0 154 0 0 0 0 0 0 0 0 0 0 0 0 0 0 0 0 0 0 0 0 0 0 0 0 0 0 0 0 0 0 0 0 0 0 0 0 0 0 0 0 0 0 0 0 0 0 0 0 0 0 0 0 0 0 0 0 0 0 0 0 0 0 0 0 0 0 0 0 0 0 0 0 0 0 0 0 0 0 0 0 0 0 0 0 0 0 0 0 0 0 0 0 0 0 0 0 0 0 0 0 0 0 0 0 0 0 0 0 6410
0 0 0 0 0 0 0 0 0 0 0 0 0 0 0 0 0 0 0 0 0 0 0 0 0 0 0 0 0 0 0 0 0 0 0 0 0 0 0 0 0 0 0 0 0 0 0 0 0 0 0 0 0 0 0 0 0 0 0 0 0 0 0 0 0 0 0 0 0 0 0 0 0 0 0 0 0 0 0 0 0 0 0 0 0 0 0 0 0 0 0 0 0 0 0 0 0 0 0 0 0 0 0 0 0 0 0 0 0 0 0 0 0 0 0 0 0 0 0 0 0 0 0 0 0 0 0 0 0 0 0 0 0 0 0 0 0 0 0 0 0 0 0 0 306
0 0 0 0 0 0 0 0 0 0 0 0 0 0 0 0 0 0 0 0 0 0 0 0 0 0 0 0 0 0 0 0 0 0 0 0 0 0 0 0 0 0 0 0 0 0 0 0 0 0 0 0 0 0 0 0 0 0 0 0 0 0 0 0 0 0 0 0 0 0 0 0 0 0 0 0 0 0 0 0 0 0 0 0 0 0 0 0 0 0 0 0 0 0 0 0 0 0 0 0 0 0 0 0 0 0 0 0 0 0 0 0 0 0 0 0 0 0 0 0 0 0 0 0 0 0 0 0 0 0 0 0 0 0 0 0 0 0 0 0 0 0 0 0 13
95 427 299 317 538 0 0 236 0 0 100 0 0 0 0 0 0 0 366 121 0 0 0 0 0 0 0 0 0 0 118 0 0 0 0 215 0 0 0 0 0 0 0 0 0 0 0 0 0 0 0 0 0 0 0 0 0 0 0 0 0 0 0 0 0 0 0 0 0 0 0 0 0 0 0 0 0 0 0 0 0 0 0 0 0 0 0 0 0 0 0 0 0 0 0 0 0 0 0 0 0 0 0 0 0 0 0 0 0 0 0 0 0 0 0 0 0 116 0 0 0 0 0 0 0 0 0 0 0 0 0 0 0 0 0 0 0 0 0 0 0 0 0 0 8404
360 1613 1126 1196 2029 118 116 891 286 202 376 281 228 242 88 122 172 0 1382 457 0 0 119 0 190 0 112 0 0 112 444 0 300 0 0 811 0 0 0 0 119 0 0 0 0 0 0 139 0 0 256 112 0 0 199 0 0 0 0 187 0 0 0 0 0 0 0 0 0 0 0 0 0 0 0 0 0 0 0 229 0 0 0 0 0 0 0 0 0 194 0 0 0 108 0 0 0 0 0 0 0 0 0 0 0 0 0 0 0 0 0 0 0 0 0 0 0 439 0 0 0 0 0 0 0 0 120 0 0 0 0 0 0 0 0 0 0 0 0 0 0 0 0 0 27345
187 839 586 622 1055 0 0 463 149 105 195 146 119 126 0 0 90 0 719 238 0 0 0 0 99 0 0 0 0 0 231 0 156 0 0 422 0 0 0 0 0 0 0 0 0 0 0 0 0 0 133 0 0 0 103 0 0 0 0 97 0 0 0 0 0 0 0 0 0 0 0 0 0 0 0 0 0 0 0 119 0 0 0 0 0 0 0 0 0 101 0 0 0 0 0 0 0 0 0 0 0 0 0 0 0 0 0 0 0 0 0 0 0 0 0 0 0 228 0 0 0 0 0 0 0 0 0 0 0 0 0 0 0 0 0 0 0 0 0 0 0 0 0 0 14974
0 301 210 223 379 0 0 166 0 0 0 0 0 0 0 0 0 0 258 0 0 0 0 0 0 0 0 0 0 0 0 0 0 0 0 151 0 0 0 0 0 0 0 0 0 0 0 0 0 0 0 0 0 0 0 0 0 0 0 0 0 0 0 0 0 0 0 0 0 0 0 0 0 0 0 0 0 0 0 0 0 0 0 0 0 0 0 0 0 0 0 0 0 0 0 0 0 0 0 0 0 0 0 0 0 0 0 0 0 0 0 0 0 0 0 0 0 0 0 0 0 0 0 0 0 0 0 0 0 0 0 0 0 0 0 0 0 0 0 0 0 0 0 0 6315
118 529 370 392 666 0 0 292 94 0 123 92 0 0 0 0 0 0 454 150 0 0 0 0 0 0 0 0 0 0 146 0 99 0 0 266 0 0 0 0 0 0 0 0 0 0 0 0 0 0 0 0 0 0 0 0 0 0 0 0 0 0 0 0 0 0 0 0 0 0 0 0 0 0 0 0 0 0 0 0 0 0 0 0 0 0 0 0 0 0 0 0 0 0 0 0 0 0 0 0 0 0 0 0 0 0 0 0 0 0 0 0 0 0 0 0 0 144 0 0 0 0 0 0 0 0 0 0 0 0 0 0 0 0 0 0 0 0 0 0 0 0 0 0 10132
319 1432 1000 1062 1801 105 103 791 254 179 333 250 203 215 0 108 153 0 1227 406 0 0 106 0 169 0 100 0 0 99 394 0 267 0 0 720 0 0 0 0 105 0 0 0 0 0 0 123 0 0 227 100 0 0 176 0 0 0 0 166 0 0 0 0 0 0 0 0 0 0 0 0 0 0 0 0 0 0 0 204 0 0 0 0 0 0 0 0 0 173 0 0 0 96 0 0 0 0 0 0 0 0 0 0 0 0 0 0 0 0 0 0 0 0 0 0 0 390 0 0 0 0 0 0 0 0 107 0 0 0 0 0 0 0 0 0 0 0 0 0 0 0 0 0 24381
0 0 0 0 0 0 0 0 0 0 0 0 0 0 0 0 0 0 0 0 0 0 0 0 0 0 0 0 0 0 0 0 0 0 0 0 0 0 0 0 0 0 0 0 0 0 0 0 0 0 0 0 0 0 0 0 0 0 0 0 0 0 0 0 0 0 0 0 0 0 0 0 0 0 0 0 0 0 0 0 0 0 0 0 0 0 0 0 0 0 0 0 0 0 0 0 0 0 0 0 0 0 0 0 0 0 0 0 0 0 0 0 0 0 0 0 0 0 0 0 0 0 0 0 0 0 0 0 0 0 0 0 0 0 0 0 0 0 0 0 0 0 0 0 0
0 135 94 100 170 0 0 0 0 0 0 0 0 0 0 0 0 0 116 0 0 0 0 0 0 0 0 0 0 0 0 0 0 0 0 0 0 0 0 0 0 0 0 0 0 0 0 0 0 0 0 0 0 0 0 0 0 0 0 0 0 0 0 0 0 0 0 0 0 0 0 0 0 0 0 0 0 0 0 0 0 0 0 0 0 0 0 0 0 0 0 0 0 0 0 0 0 0 0 0 0 0 0 0 0 0 0 0 0 0 0 0 0 0 0 0 0 0 0 0 0 0 0 0 0 0 0 0 0 0 0 0 0 0 0 0 0 0 0 0 0 0 0 0 2971
123 552 386 409 694 0 0 305 98 0 129 96 0 0 0 0 0 0 473 156 0 0 0 0 0 0 0 0 0 0 152 0 103 0 0 278 0 0 0 0 0 0 0 0 0 0 0 0 0 0 87 0 0 0 0 0 0 0 0 0 0 0 0 0 0 0 0 0 0 0 0 0 0 0 0 0 0 0 0 0 0 0 0 0 0 0 0 0 0 0 0 0 0 0 0 0 0 0 0 0 0 0 0 0 0 0 0 0 0 0 0 0 0 0 0 0 0 150 0 0 0 0 0 0 0 0 0 0 0 0 0 0 0 0 0 0 0 0 0 0 0 0 0 0 10474
184 823 575 610 1035 0 0 455 146 103 192 144 116 124 0 0 88 0 705 233 0 0 0 0 97 0 0 0 0 0 227 0 153 0 0 414 0 0 0 0 0 0 0 0 0 0 0 0 0 0 130 0 0 0 101 0 0 0 0 95 0 0 0 0 0 0 0 0 0 0 0 0 0 0 0 0 0 0 0 117 0 0 0 0 0 0 0 0 0 99 0 0 0 0 0 0 0 0 0 0 0 0 0 0 0 0 0 0 0 0 0 0 0 0 0 0 0 224 0 0 0 0 0 0 0 0 0 0 0 0 0 0 0 0 0 0 0 0 0 0 0 0 0 0 14685
0 0 0 0 0 0 0 0 0 0 0 0 0 0 0 0 0 0 0 0 0 0 0 0 0 0 0 0 0 0 0 0 0 0 0 0 0 0 0 0 0 0 0 0 0 0 0 0 0 0 0 0 0 0 0 0 0 0 0 0 0 0 0 0 0 0 0 0 0 0 0 0 0 0 0 0 0 0 0 0 0 0 0 0 0 0 0 0 0 0 0 0 0 0 0 0 0 0 0 0 0 0 0 0 0 0 0 0 0 0 0 0 0 0 0 0 0 0 0 0 0 0 0 0 0 0 0 0 0 0 0 0 0 0 0 0 0 0 0 0 0 0 0 0 1049
0 341 238 253 429 0 0 188 0 0 0 0 0 0 0 0 0 0 292 97 0 0 0 0 0 0 0 0 0 0 94 0 0 0 0 172 0 0 0 0 0 0 0 0 0 0 0 0 0 0 0 0 0 0 0 0 0 0 0 0 0 0 0 0 0 0 0 0 0 0 0 0 0 0 0 0 0 0 0 0 0 0 0 0 0 0 0 0 0 0 0 0 0 0 0 0 0 0 0 0 0 0 0 0 0 0 0 0 0 0 0 0 0 0 0 0 0 93 0 0 0 0 0 0 0 0 0 0 0 0 0 0 0 0 0 0 0 0 0 0 0 0 0 0 6869
229 1029 718 763 1294 0 0 568 182 129 239 179 146 154 0 0 110 0 881 291 0 0 0 0 121 0 0 0 0 0 283 0 192 0 0 517 0 0 0 0 0 0 0 0 0 0 0 89 0 0 163 0 0 0 127 0 0 0 0 119 0 0 0 0 0 0 0 0 0 0 0 0 0 0 0 0 0 0 0 146 0 0 0 0 0 0 0 0 0 124 0 0 0 0 0 0 0 0 0 0 0 0 0 0 0 0 0 0 0 0 0 0 0 0 0 0 0 280 0 0 0 0 0 0 0 0 0 0 0 0 0 0 0 0 0 0 0 0 0 0 0 0 0 0 18199
0 276 193 205 348 0 0 153 0 0 0 0 0 0 0 0 0 0 237 0 0 0 0 0 0 0 0 0 0 0 0 0 0 0 0 139 0 0 0 0 0 0 0 0 0 0 0 0 0 0 0 0 0 0 0 0 0 0 0 0 0 0 0 0 0 0 0 0 0 0 0 0 0 0 0 0 0 0 0 0 0 0 0 0 0 0 0 0 0 0 0 0 0 0 0 0 0 0 0 0 0 0 0 0 0 0 0 0 0 0 0 0 0 0 0 0 0 0 0 0 0 0 0 0 0 0 0 0 0 0 0 0 0 0 0 0 0 0 0 0 0 0 0 0 5794
2573 11539 8058 8556 14511 846 833 6372 2043 1446 2686 2012 1632 1732 627 872 1234 151 9887 3269 91 598 852 134 1359 0 804 141 327 800 3178 504 2149 372 420 5804 0 0 0 480 849 615 0 0 318 0 0 993 89 0 1829 802 266 326 1421 0 0 116 0 1339 0 235 0 102 0 163 207 0 0 0 118 109 181 120 0 0 0 354 0 0 197 0 435 0 143 250 0 0 0 1391 282 174 245 771 570 147 0 190 172 396 332 0 174 126 0 212 444 0 309 0 0 132 114 155 132 0 0 3139 0 206 268 0 0 0 0 0 861 0 540 0 0 102 0 0 0 93 0 0 0 0 0 0 0 0 180685
169 757 528 561 952 0 0 418 134 95 176 132 107 114 0 0 0 0 648 214 0 0 0 0 89 0 0 0 0 0 208 0 141 0 0 381 0 0 0 0 0 0 0 0 0 0 0 0 0 0 120 0 0 0 93 0 0 0 0 88 0 0 0 0 0 0 0 0 0 0 0 0 0 0 0 0 0 0 0 108 0 0 0 0 0 0 0 0 0 91 0 0 0 0 0 0 0 0 0 0 0 0 0 0 0 0 0 0 0 0 0 0 0 0 0 0 0 206 0 0 0 0 0 0 0 0 0 0 0 0 0 0 0 0 0 0 0 0 0 0 0 0 0 0 13561
0 164 114 122 206 0 0 91 0 0 0 0 0 0 0 0 0 0 140 0 0 0 0 0 0 0 0 0 0 0 0 0 0 0 0 0 0 0 0 0 0 0 0 0 0 0 0 0 0 0 0 0 0 0 0 0 0 0 0 0 0 0 0 0 0 0 0 0 0 0 0 0 0 0 0 0 0 0 0 0 0 0 0 0 0 0 0 0 0 0 0 0 0 0 0 0 0 0 0 0 0 0 0 0 0 0 0 0 0 0 0 0 0 0 0 0 0 0 0 0 0 0 0 0 0 0 0 0 0 0 0 0 0 0 0 0 0 0 0 0 0 0 0 0 3520
289 1298 907 963 1633 95 94 717 230 163 302 226 184 195 0 98 139 0 1113 368 0 0 96 0 153 0 90 0 0 90 358 0 242 0 0 653 0 0 0 0 96 0 0 0 0 0 0 112 0 0 206 90 0 0 160 0 0 0 0 151 0 0 0 0 0 0 0 0 0 0 0 0 0 0 0 0 0 0 0 185 0 0 0 0 0 0 0 0 0 157 0 0 0 0 0 0 0 0 0 0 0 0 0 0 0 0 0 0 0 0 0 0 0 0 0 0 0 353 0 0 0 0 0 0 0 0 97 0 0 0 0 0 0 0 0 0 0 0 0 0 0 0 0 0 22106
202 908 634 673 1142 0 0 502 161 114 211 158 128 136 0 0 97 0 778 257 0 0 0 0 107 0 0 0 0 0 250 0 169 0 0 457 0 0 0 0 0 0 0 0 0 0 0 0 0 0 144 0 0 0 112 0 0 0 0 105 0 0 0 0 0 0 0 0 0 0 0 0 0 0 0 0 0 0 0 129 0 0 0 0 0 0 0 0 0 109 0 0 0 0 0 0 0 0 0 0 0 0 0 0 0 0 0 0 0 0 0 0 0 0 0 0 0 247 0 0 0 0 0 0 0 0 0 0 0 0 0 0 0 0 0 0 0 0 0 0 0 0 0 0 16210
197 885 618 656 1112 0 0 488 157 111 206 154 125 133 0 0 95 0 758 251 0 0 0 0 104 0 0 0 0 0 244 0 165 0 0 445 0 0 0 0 0 0 0 0 0 0 0 0 0 0 140 0 0 0 109 0 0 0 0 103 0 0 0 0 0 0 0 0 0 0 0 0 0 0 0 0 0 0 0 126 0 0 0 0 0 0 0 0 0 107 0 0 0 0 0 0 0 0 0 0 0 0 0 0 0 0 0 0 0 0 0 0 0 0 0 0 0 241 0 0 0 0 0 0 0 0 0 0 0 0 0 0 0 0 0 0 0 0 0 0 0 0 0 0 15767
0 162 113 120 203 0 0 89 0 0 0 0 0 0 0 0 0 0 138 0 0 0 0 0 0 0 0 0 0 0 0 0 0 0 0 0 0 0 0 0 0 0 0 0 0 0 0 0 0 0 0 0 0 0 0 0 0 0 0 0 0 0 0 0 0 0 0 0 0 0 0 0 0 0 0 0 0 0 0 0 0 0 0 0 0 0 0 0 0 0 0 0 0 0 0 0 0 0 0 0 0 0 0 0 0 0 0 0 0 0 0 0 0 0 0 0 0 0 0 0 0 0 0 0 0 0 0 0 0 0 0 0 0 0 0 0 0 0 0 0 0 0 0 0 3464
0 0 0 0 0 0 0 0 0 0 0 0 0 0 0 0 0 0 0 0 0 0 0 0 0 0 0 0 0 0 0 0 0 0 0 0 0 0 0 0 0 0 0 0 0 0 0 0 0 0 0 0 0 0 0 0 0 0 0 0 0 0 0 0 0 0 0 0 0 0 0 0 0 0 0 0 0 0 0 0 0 0 0 0 0 0 0 0 0 0 0 0 0 0 0 0 0 0 0 0 0 0 0 0 0 0 0 0 0 0 0 0 0 0 0 0 0 0 0 0 0 0 0 0 0 0 0 0 0 0 0 0 0 0 0 0 0 0 0 0 0 0 0 0 1480
0 358 250 265 450 0 0 198 0 0 0 0 0 0 0 0 0 0 307 101 0 0 0 0 0 0 0 0 0 0 99 0 0 0 0 180 0 0 0 0 0 0 0 0 0 0 0 0 0 0 0 0 0 0 0 0 0 0 0 0 0 0 0 0 0 0 0 0 0 0 0 0 0 0 0 0 0 0 0 0 0 0 0 0 0 0 0 0 0 0 0 0 0 0 0 0 0 0 0 0 0 0 0 0 0 0 0 0 0 0 0 0 0 0 0 0 0 97 0 0 0 0 0 0 0 0 0 0 0 0 0 0 0 0 0 0 0 0 0 0 0 0 0 0 7208
256 1149 802 852 1445 0 0 634 203 144 267 200 163 172 0 0 123 0 985 326 0 0 0 0 135 0 0 0 0 0 316 0 214 0 0 578 0 0 0 0 0 0 0 0 0 0 0 99 0 0 182 0 0 0 141 0 0 0 0 133 0 0 0 0 0 0 0 0 0 0 0 0 0 0 0 0 0 0 0 163 0 0 0 0 0 0 0 0 0 138 0 0 0 0 0 0 0 0 0 0 0 0 0 0 0 0 0 0 0 0 0 0 0 0 0 0 0 313 0 0 0 0 0 0 0 0 0 0 0 0 0 0 0 0 0 0 0 0 0 0 0 0 0 0 20406
303 1357 948 1006 1707 99 98 749 240 170 316 237 192 204 0 102 145 0 1163 384 0 0 100 0 160 0 95 0 0 94 374 0 253 0 0 683 0 0 0 0 100 0 0 0 0 0 0 117 0 0 215 94 0 0 167 0 0 0 0 157 0 0 0 0 0 0 0 0 0 0 0 0 0 0 0 0 0 0 0 193 0 0 0 0 0 0 0 0 0 0 0 0 0 91 0 0 0 0 0 0 0 0 0 0 0 0 0 0 0 0 0 0 0 0 0 0 0 369 0 0 0 0 0 0 0 0 101 0 0 0 0 0 0 0 0 0 0 0 0 0 0 0 0 0 22904
0 146 102 108 183 0 0 0 0 0 0 0 0 0 0 0 0 0 125 0 0 0 0 0 0 0 0 0 0 0 0 0 0 0 0 0 0 0 0 0 0 0 0 0 0 0 0 0 0 0 0 0 0 0 0 0 0 0 0 0 0 0 0 0 0 0 0 0 0 0 0 0 0 0 0 0 0 0 0 0 0 0 0 0 0 0 0 0 0 0 0 0 0 0 0 0 0 0 0 0 0 0 0 0 0 0 0 0 0 0 0 0 0 0 0 0 0 0 0 0 0 0 0 0 0 0 0 0 0 0 0 0 0 0 0 0 0 0 0 0 0 0 0 0 3199
0 278 194 206 349 0 0 153 0 0 0 0 0 0 0 0 0 0 238 0 0 0 0 0 0 0 0 0 0 0 0 0 0 0 0 140 0 0 0 0 0 0 0 0 0 0 0 0 0 0 0 0 0 0 0 0 0 0 0 0 0 0 0 0 0 0 0 0 0 0 0 0 0 0 0 0 0 0 0 0 0 0 0 0 0 0 0 0 0 0 0 0 0 0 0 0 0 0 0 0 0 0 0 0 0 0 0 0 0 0 0 0 0 0 0 0 0 0 0 0 0 0 0 0 0 0 0 0 0 0 0 0 0 0 0 0 0 0 0 0 0 0 0 0 5818
0 387 270 287 487 0 0 214 0 0 90 0 0 0 0 0 0 0 332 110 0 0 0 0 0 0 0 0 0 0 107 0 0 0 0 195 0 0 0 0 0 0 0 0 0 0 0 0 0 0 0 0 0 0 0 0 0 0 0 0 0 0 0 0 0 0 0 0 0 0 0 0 0 0 0 0 0 0 0 0 0 0 0 0 0 0 0 0 0 0 0 0 0 0 0 0 0 0 0 0 0 0 0 0 0 0 0 0 0 0 0 0 0 0 0 0 0 105 0 0 0 0 0 0 0 0 0 0 0 0 0 0 0 0 0 0 0 0 0 0 0 0 0 0 7686
197 885 618 656 1113 0 0 489 157 111 206 154 125 133 0 0 95 0 758 251 0 0 0 0 104 0 0 0 0 0 244 0 165 0 0 445 0 0 0 0 0 0 0 0 0 0 0 0 0 0 140 0 0 0 109 0 0 0 0 103 0 0 0 0 0 0 0 0 0 0 0 0 0 0 0 0 0 0 0 126 0 0 0 0 0 0 0 0 0 107 0 0 0 0 0 0 0 0 0 0 0 0 0 0 0 0 0 0 0 0 0 0 0 0 0 0 0 241 0 0 0 0 0 0 0 0 0 0 0 0 0 0 0 0 0 0 0 0 0 0 0 0 0 0 15654
429 1925 1344 1427 2420 141 139 1063 341 241 448 336 272 289 105 145 206 0 1649 545 0 100 142 0 227 0 134 0 0 134 530 0 358 0 0 968 0 0 0 0 142 103 0 0 0 0 0 166 0 0 305 134 0 0 237 0 0 0 0 223 0 0 0 0 0 0 0 0 0 0 0 0 0 0 0 0 0 0 0 274 0 0 0 0 0 0 0 0 0 232 0 0 0 129 0 0 0 0 0 0 0 0 0 0 0 0 0 0 0 0 0 0 0 0 0 0 0 524 0 0 0 0 0 0 0 0 144 0 90 0 0 0 0 0 0 0 0 0 0 0 0 0 0 0 32188
0 319 223 237 401 0 0 176 0 0 0 0 0 0 0 0 0 0 273 90 0 0 0 0 0 0 0 0 0 0 88 0 0 0 0 161 0 0 0 0 0 0 0 0 0 0 0 0 0 0 0 0 0 0 0 0 0 0 0 0 0 0 0 0 0 0 0 0 0 0 0 0 0 0 0 0 0 0 0 0 0 0 0 0 0 0 0 0 0 0 0 0 0 0 0 0 0 0 0 0 0 0 0 0 0 0 0 0 0 0 0 0 0 0 0 0 0 0 0 0 0 0 0 0 0 0 0 0 0 0 0 0 0 0 0 0 0 0 0 0 0 0 0 0 6508
0 0 0 0 0 0 0 0 0 0 0 0 0 0 0 0 0 0 0 0 0 0 0 0 0 0 0 0 0 0 0 0 0 0 0 0 0 0 0 0 0 0 0 0 0 0 0 0 0 0 0 0 0 0 0 0 0 0 0 0 0 0 0 0 0 0 0 0 0 0 0 0 0 0 0 0 0 0 0 0 0 0 0 0 0 0 0 0 0 0 0 0 0 0 0 0 0 0 0 0 0 0 0 0 0 0 0 0 0 0 0 0 0 0 0 0 0 0 0 0 0 0 0 0 0 0 0 0 0 0 0 0 0 0 0 0 0 0 0 0 0 0 0 0 5
0 105 0 0 132 0 0 0 0 0 0 0 0 0 0 0 0 0 90 0 0 0 0 0 0 0 0 0 0 0 0 0 0 0 0 0 0 0 0 0 0 0 0 0 0 0 0 0 0 0 0 0 0 0 0 0 0 0 0 0 0 0 0 0 0 0 0 0 0 0 0 0 0 0 0 0 0 0 0 0 0 0 0 0 0 0 0 0 0 0 0 0 0 0 0 0 0 0 0 0 0 0 0 0 0 0 0 0 0 0 0 0 0 0 0 0 0 0 0 0 0 0 0 0 0 0 0 0 0 0 0 0 0 0 0 0 0 0 0 0 0 0 0 0 2454
0 152 106 113 191 0 0 0 0 0 0 0 0 0 0 0 0 0 130 0 0 0 0 0 0 0 0 0 0 0 0 0 0 0 0 0 0 0 0 0 0 0 0 0 0 0 0 0 0 0 0 0 0 0 0 0 0 0 0 0 0 0 0 0 0 0 0 0 0 0 0 0 0 0 0 0 0 0 0 0 0 0 0 0 0 0 0 0 0 0 0 0 0 0 0 0 0 0 0 0 0 0 0 0 0 0 0 0 0 0 0 0 0 0 0 0 0 0 0 0 0 0 0 0 0 0 0 0 0 0 0 0 0 0 0 0 0 0 0 0 0 0 0 0 3347
237 1063 743 789 1337 0 0 587 188 133 248 185 150 160 0 0 114 0 911 301 0 0 0 0 125 0 0 0 0 0 293 0 198 0 0 535 0 0 0 0 0 0 0 0 0 0 0 92 0 0 169 0 0 0 131 0 0 0 0 123 0 0 0 0 0 0 0 0 0 0 0 0 0 0 0 0 0 0 0 151 0 0 0 0 0 0 0 0 0 128 0 0 0 0 0 0 0 0 0 0 0 0 0 0 0 0 0 0 0 0 0 0 0 0 0 0 0 289 0 0 0 0 0 0 0 0 0 0 0 0 0 0 0 0 0 0 0 0 0 0 0 0 0 0 18807
0 214 150 159 270 0 0 118 0 0 0 0 0 0 0 0 0 0 184 0 0 0 0 0 0 0 0 0 0 0 0 0 0 0 0 108 0 0 0 0 0 0 0 0 0 0 0 0 0 0 0 0 0 0 0 0 0 0 0 0 0 0 0 0 0 0 0 0 0 0 0 0 0 0 0 0 0 0 0 0 0 0 0 0 0 0 0 0 0 0 0 0 0 0 0 0 0 0 0 0 0 0 0 0 0 0 0 0 0 0 0 0 0 0 0 0 0 0 0 0 0 0 0 0 0 0 0 0 0 0 0 0 0 0 0 0 0 0 0 0 0 0 0 0 4485
0 0 0 0 109 0 0 0 0 0 0 0 0 0 0 0 0 0 0 0 0 0 0 0 0 0 0 0 0 0 0 0 0 0 0 0 0 0 0 0 0 0 0 0 0 0 0 0 0 0 0 0 0 0 0 0 0 0 0 0 0 0 0 0 0 0 0 0 0 0 0 0 0 0 0 0 0 0 0 0 0 0 0 0 0 0 0 0 0 0 0 0 0 0 0 0 0 0 0 0 0 0 0 0 0 0 0 0 0 0 0 0 0 0 0 0 0 0 0 0 0 0 0 0 0 0 0 0 0 0 0 0 0 0 0 0 0 0 0 0 0 0 0 0 2191
98 437 305 324 550 0 0 242 0 0 102 0 0 0 0 0 0 0 375 124 0 0 0 0 0 0 0 0 0 0 120 0 0 0 0 220 0 0 0 0 0 0 0 0 0 0 0 0 0 0 0 0 0 0 0 0 0 0 0 0 0 0 0 0 0 0 0 0 0 0 0 0 0 0 0 0 0 0 0 0 0 0 0 0 0 0 0 0 0 0 0 0 0 0 0 0 0 0 0 0 0 0 0 0 0 0 0 0 0 0 0 0 0 0 0 0 0 119 0 0 0 0 0 0 0 0 0 0 0 0 0 0 0 0 0 0 0 0 0 0 0 0 0 0 8599
255 1144 799 848 1439 0 0 632 203 143 266 200 162 172 0 0 122 0 980 324 0 0 0 0 135 0 0 0 0 0 315 0 213 0 0 575 0 0 0 0 0 0 0 0 0 0 0 98 0 0 181 0 0 0 141 0 0 0 0 133 0 0 0 0 0 0 0 0 0 0 0 0 0 0 0 0 0 0 0 163 0 0 0 0 0 0 0 0 0 138 0 0 0 0 0 0 0 0 0 0 0 0 0 0 0 0 0 0 0 0 0 0 0 0 0 0 0 311 0 0 0 0 0 0 0 0 0 0 0 0 0 0 0 0 0 0 0 0 0 0 0 0 0 0 20296
96 431 301 320 542 0 0 238 0 0 100 0 0 0 0 0 0 0 369 122 0 0 0 0 0 0 0 0 0 0 119 0 0 0 0 217 0 0 0 0 0 0 0 0 0 0 0 0 0 0 0 0 0 0 0 0 0 0 0 0 0 0 0 0 0 0 0 0 0 0 0 0 0 0 0 0 0 0 0 0 0 0 0 0 0 0 0 0 0 0 0 0 0 0 0 0 0 0 0 0 0 0 0 0 0 0 0 0 0 0 0 0 0 0 0 0 0 117 0 0 0 0 0 0 0 0 0 0 0 0 0 0 0 0 0 0 0 0 0 0 0 0 0 0 8487
0 375 262 278 471 0 0 207 0 0 87 0 0 0 0 0 0 0 321 106 0 0 0 0 0 0 0 0 0 0 103 0 0 0 0 188 0 0 0 0 0 0 0 0 0 0 0 0 0 0 0 0 0 0 0 0 0 0 0 0 0 0 0 0 0 0 0 0 0 0 0 0 0 0 0 0 0 0 0 0 0 0 0 0 0 0 0 0 0 0 0 0 0 0 0 0 0 0 0 0 0 0 0 0 0 0 0 0 0 0 0 0 0 0 0 0 0 102 0 0 0 0 0 0 0 0 0 0 0 0 0 0 0 0 0 0 0 0 0 0 0 0 0 0 7445
106 476 332 353 598 0 0 263 0 0 111 0 0 0 0 0 0 0 408 135 0 0 0 0 0 0 0 0 0 0 131 0 89 0 0 239 0 0 0 0 0 0 0 0 0 0 0 0 0 0 0 0 0 0 0 0 0 0 0 0 0 0 0 0 0 0 0 0 0 0 0 0 0 0 0 0 0 0 0 0 0 0 0 0 0 0 0 0 0 0 0 0 0 0 0 0 0 0 0 0 0 0 0 0 0 0 0 0 0 0 0 0 0 0 0 0 0 129 0 0 0 0 0 0 0 0 0 0 0 0 0 0 0 0 0 0 0 0 0 0 0 0 0 0 9235
0 299 209 222 376 0 0 165 0 0 0 0 0 0 0 0 0 0 256 0 0 0 0 0 0 0 0 0 0 0 0 0 0 0 0 150 0 0 0 0 0 0 0 0 0 0 0 0 0 0 0 0 0 0 0 0 0 0 0 0 0 0 0 0 0 0 0 0 0 0 0 0 0 0 0 0 0 0 0 0 0 0 0 0 0 0 0 0 0 0 0 0 0 0 0 0 0 0 0 0 0 0 0 0 0 0 0 0 0 0 0 0 0 0 0 0 0 0 0 0 0 0 0 0 0 0 0 0 0 0 0 0 0 0 0 0 0 0 0 0 0 0 0 0 6273
289 1298 906 962 1632 95 94 717 230 163 302 226 184 195 0 98 139 0 1112 368 0 0 96 0 153 0 90 0 0 90 357 0 242 0 0 653 0 0 0 0 95 0 0 0 0 0 0 112 0 0 206 90 0 0 160 0 0 0 0 151 0 0 0 0 0 0 0 0 0 0 0 0 0 0 0 0 0 0 0 185 0 0 0 0 0 0 0 0 0 156 0 0 0 0 0 0 0 0 0 0 0 0 0 0 0 0 0 0 0 0 0 0 0 0 0 0 0 353 0 0 0 0 0 0 0 0 97 0 0 0 0 0 0 0 0 0 0 0 0 0 0 0 0 0 22129
0 0 0 0 0 0 0 0 0 0 0 0 0 0 0 0 0 0 0 0 0 0 0 0 0 0 0 0 0 0 0 0 0 0 0 0 0 0 0 0 0 0 0 0 0 0 0 0 0 0 0 0 0 0 0 0 0 0 0 0 0 0 0 0 0 0 0 0 0 0 0 0 0 0 0 0 0 0 0 0 0 0 0 0 0 0 0 0 0 0 0 0 0 0 0 0 0 0 0 0 0 0 0 0 0 0 0 0 0 0 0 0 0 0 0 0 0 0 0 0 0 0 0 0 0 0 0 0 0 0 0 0 0 0 0 0 0 0 0 0 0 0 0 0 64
0 0 0 0 91 0 0 0 0 0 0 0 0 0 0 0 0 0 0 0 0 0 0 0 0 0 0 0 0 0 0 0 0 0 0 0 0 0 0 0 0 0 0 0 0 0 0 0 0 0 0 0 0 0 0 0 0 0 0 0 0 0 0 0 0 0 0 0 0 0 0 0 0 0 0 0 0 0 0 0 0 0 0 0 0 0 0 0 0 0 0 0 0 0 0 0 0 0 0 0 0 0 0 0 0 0 0 0 0 0 0 0 0 0 0 0 0 0 0 0 0 0 0 0 0 0 0 0 0 0 0 0 0 0 0 0 0 0 0 0 0 0 0 0 1840
267 1198 836 888 1506 88 0 661 212 150 279 209 169 180 0 90 128 0 1026 339 0 0 88 0 141 0 0 0 0 0 330 0 223 0 0 602 0 0 0 0 88 0 0 0 0 0 0 103 0 0 190 0 0 0 147 0 0 0 0 139 0 0 0 0 0 0 0 0 0 0 0 0 0 0 0 0 0 0 0 170 0 0 0 0 0 0 0 0 0 144 0 0 0 0 0 0 0 0 0 0 0 0 0 0 0 0 0 0 0 0 0 0 0 0 0 0 0 326 0 0 0 0 0 0 0 0 89 0 0 0 0 0 0 0 0 0 0 0 0 0 0 0 0 0 20805
0 0 0 0 0 0 0 0 0 0 0 0 0 0 0 0 0 0 0 0 0 0 0 0 0 0 0 0 0 0 0 0 0 0 0 0 0 0 0 0 0 0 0 0 0 0 0 0 0 0 0 0 0 0 0 0 0 0 0 0 0 0 0 0 0 0 0 0 0 0 0 0 0 0 0 0 0 0 0 0 0 0 0 0 0 0 0 0 0 0 0 0 0 0 0 0 0 0 0 0 0 0 0 0 0 0 0 0 0 0 0 0 0 0 0 0 0 0 0 0 0 0 0 0 0 0 0 0 0 0 0 0 0 0 0 0 0 0 0 0 0 0 0 0 538
0 0 0 0 0 0 0 0 0 0 0 0 0 0 0 0 0 0 0 0 0 0 0 0 0 0 0 0 0 0 0 0 0 0 0 0 0 0 0 0 0 0 0 0 0 0 0 0 0 0 0 0 0 0 0 0 0 0 0 0 0 0 0 0 0 0 0 0 0 0 0 0 0 0 0 0 0 0 0 0 0 0 0 0 0 0 0 0 0 0 0 0 0 0 0 0 0 0 0 0 0 0 0 0 0 0 0 0 0 0 0 0 0 0 0 0 0 0 0 0 0 0 0 0 0 0 0 0 0 0 0 0 0 0 0 0 0 0 0 0 0 0 0 0 1252
311 1394 973 1033 1752 102 101 770 247 175 324 243 197 209 0 105 149 0 1194 395 0 0 103 0 164 0 97 0 0 97 384 0 260 0 0 701 0 0 0 0 103 0 0 0 0 0 0 120 0 0 221 97 0 0 172 0 0 0 0 162 0 0 0 0 0 0 0 0 0 0 0 0 0 0 0 0 0 0 0 198 0 0 0 0 0 0 0 0 0 168 0 0 0 93 0 0 0 0 0 0 0 0 0 0 0 0 0 0 0 0 0 0 0 0 0 0 0 379 0 0 0 0 0 0 0 0 104 0 0 0 0 0 0 0 0 0 0 0 0 0 0 0 0 0 23720
0 105 0 0 132 0 0 0 0 0 0 0 0 0 0 0 0 0 90 0 0 0 0 0 0 0 0 0 0 0 0 0 0 0 0 0 0 0 0 0 0 0 0 0 0 0 0 0 0 0 0 0 0 0 0 0 0 0 0 0 0 0 0 0 0 0 0 0 0 0 0 0 0 0 0 0 0 0 0 0 0 0 0 0 0 0 0 0 0 0 0 0 0 0 0 0 0 0 0 0 0 0 0 0 0 0 0 0 0 0 0 0 0 0 0 0 0 0 0 0 0 0 0 0 0 0 0 0 0 0 0 0 0 0 0 0 0 0 0 0 0 0 0 0 2460
0 89 0 0 112 0 0 0 0 0 0 0 0 0 0 0 0 0 0 0 0 0 0 0 0 0 0 0 0 0 0 0 0 0 0 0 0 0 0 0 0 0 0 0 0 0 0 0 0 0 0 0 0 0 0 0 0 0 0 0 0 0 0 0 0 0 0 0 0 0 0 0 0 0 0 0 0 0 0 0 0 0 0 0 0 0 0 0 0 0 0 0 0 0 0 0 0 0 0 0 0 0 0 0 0 0 0 0 0 0 0 0 0 0 0 0 0 0 0 0 0 0 0 0 0 0 0 0 0 0 0 0 0 0 0 0 0 0 0 0 0 0 0 0 2169
585 2624 1832 1945 3299 192 189 1449 464 329 611 458 371 394 143 198 281 0 2248 743 0 136 194 0 309 0 183 0 0 182 723 115 489 0 95 1320 0 0 0 109 193 140 0 0 0 0 0 226 0 0 416 182 0 0 323 0 0 0 0 304 0 0 0 0 0 0 0 0 0 0 0 0 0 0 0 0 0 0 0 373 0 0 99 0 0 0 0 0 0 316 0 0 0 175 130 0 0 0 0 90 0 0 0 0 0 0 101 0 0 0 0 0 0 0 0 0 0 0 0 0 0 0 0 0 0 0 196 0 123 0 0 0 0 0 0 0 0 0 0 0 0 0 0 0 42431
0 0 0 0 0 0 0 0 0 0 0 0 0 0 0 0 0 0 0 0 0 0 0 0 0 0 0 0 0 0 0 0 0 0 0 0 0 0 0 0 0 0 0 0 0 0 0 0 0 0 0 0 0 0 0 0 0 0 0 0 0 0 0 0 0 0 0 0 0 0 0 0 0 0 0 0 0 0 0 0 0 0 0 0 0 0 0 0 0 0 0 0 0 0 0 0 0 0 0 0 0 0 0 0 0 0 0 0 0 0 0 0 0 0 0 0 0 0 0 0 0 0 0 0 0 0 0 0 0 0 0 0 0 0 0 0 0 0 0 0 0 0 0 0 15
0 150 105 112 189 0 0 0 0 0 0 0 0 0 0 0 0 0 129 0 0 0 0 0 0 0 0 0 0 0 0 0 0 0 0 0 0 0 0 0 0 0 0 0 0 0 0 0 0 0 0 0 0 0 0 0 0 0 0 0 0 0 0 0 0 0 0 0 0 0 0 0 0 0 0 0 0 0 0 0 0 0 0 0 0 0 0 0 0 0 0 0 0 0 0 0 0 0 0 0 0 0 0 0 0 0 0 0 0 0 0 0 0 0 0 0 0 0 0 0 0 0 0 0 0 0 0 0 0 0 0 0 0 0 0 0 0 0 0 0 0 0 0 0 3307
0 124 0 92 156 0 0 0 0 0 0 0 0 0 0 0 0 0 107 0 0 0 0 0 0 0 0 0 0 0 0 0 0 0 0 0 0 0 0 0 0 0 0 0 0 0 0 0 0 0 0 0 0 0 0 0 0 0 0 0 0 0 0 0 0 0 0 0 0 0 0 0 0 0 0 0 0 0 0 0 0 0 0 0 0 0 0 0 0 0 0 0 0 0 0 0 0 0 0 0 0 0 0 0 0 0 0 0 0 0 0 0 0 0 0 0 0 0 0 0 0 0 0 0 0 0 0 0 0 0 0 0 0 0 0 0 0 0 0 0 0 0 0 0 2820
0 0 0 0 0 0 0 0 0 0 0 0 0 0 0 0 0 0 0 0 0 0 0 0 0 0 0 0 0 0 0 0 0 0 0 0 0 0 0 0 0 0 0 0 0 0 0 0 0 0 0 0 0 0 0 0 0 0 0 0 0 0 0 0 0 0 0 0 0 0 0 0 0 0 0 0 0 0 0 0 0 0 0 0 0 0 0 0 0 0 0 0 0 0 0 0 0 0 0 0 0 0 0 0 0 0 0 0 0 0 0 0 0 0 0 0 0 0 0 0 0 0 0 0 0 0 0 0 0 0 0 0 0 0 0 0 0 0 0 0 0 0 0 0 0
0 0 0 0 0 0 0 0 0 0 0 0 0 0 0 0 0 0 0 0 0 0 0 0 0 0 0 0 0 0 0 0 0 0 0 0 0 0 0 0 0 0 0 0 0 0 0 0 0 0 0 0 0 0 0 0 0 0 0 0 0 0 0 0 0 0 0 0 0 0 0 0 0 0 0 0 0 0 0 0 0 0 0 0 0 0 0 0 0 0 0 0 0 0 0 0 0 0 0 0 0 0 0 0 0 0 0 0 0 0 0 0 0 0 0 0 0 0 0 0 0 0 0 0 0 0 0 0 0 0 0 0 0 0 0 0 0 0 0 0 0 0 0 0 74
0 134 94 100 169 0 0 0 0 0 0 0 0 0 0 0 0 0 115 0 0 0 0 0 0 0 0 0 0 0 0 0 0 0 0 0 0 0 0 0 0 0 0 0 0 0 0 0 0 0 0 0 0 0 0 0 0 0 0 0 0 0 0 0 0 0 0 0 0 0 0 0 0 0 0 0 0 0 0 0 0 0 0 0 0 0 0 0 0 0 0 0 0 0 0 0 0 0 0 0 0 0 0 0 0 0 0 0 0 0 0 0 0 0 0 0 0 0 0 0 0 0 0 0 0 0 0 0 0 0 0 0 0 0 0 0 0 0 0 0 0 0 0 0 2957
0 0 0 0 0 0 0 0 0 0 0 0 0 0 0 0 0 0 0 0 0 0 0 0 0 0 0 0 0 0 0 0 0 0 0 0 0 0 0 0 0 0 0 0 0 0 0 0 0 0 0 0 0 0 0 0 0 0 0 0 0 0 0 0 0 0 0 0 0 0 0 0 0 0 0 0 0 0 0 0 0 0 0 0 0 0 0 0 0 0 0 0 0 0 0 0 0 0 0 0 0 0 0 0 0 0 0 0 0 0 0 0 0 0 0 0 0 0 0 0 0 0 0 0 0 0 0 0 0 0 0 0 0 0 0 0 0 0 0 0 0 0 0 0 600
0 336 235 249 423 0 0 186 0 0 0 0 0 0 0 0 0 0 288 95 0 0 0 0 0 0 0 0 0 0 93 0 0 0 0 169 0 0 0 0 0 0 0 0 0 0 0 0 0 0 0 0 0 0 0 0 0 0 0 0 0 0 0 0 0 0 0 0 0 0 0 0 0 0 0 0 0 0 0 0 0 0 0 0 0 0 0 0 0 0 0 0 0 0 0 0 0 0 0 0 0 0 0 0 0 0 0 0 0 0 0 0 0 0 0 0 0 91 0 0 0 0 0 0 0 0 0 0 0 0 0 0 0 0 0 0 0 0 0 0 0 0 0 0 6765
660 2961 2067 2195 3723 217 214 1635 524 371 689 516 419 444 161 224 317 0 2537 839 0 153 219 0 349 0 206 0 0 205 815 129 551 95 108 1489 0 0 0 123 218 158 0 0 0 0 0 255 0 0 469 206 0 0 364 0 0 0 0 343 0 0 0 0 0 0 0 0 0 0 0 0 0 0 0 0 0 91 0 421 0 0 112 0 0 0 0 0 0 357 0 0 0 198 146 0 0 0 0 102 0 0 0 0 0 0 114 0 0 0 0 0 0 0 0 0 0 806 0 0 0 0 0 0 0 0 0 0 139 0 0 0 0 0 0 0 0 0 0 0 0 0 0 0 48530
0 0 0 0 0 0 0 0 0 0 0 0 0 0 0 0 0 0 0 0 0 0 0 0 0 0 0 0 0 0 0 0 0 0 0 0 0 0 0 0 0 0 0 0 0 0 0 0 0 0 0 0 0 0 0 0 0 0 0 0 0 0 0 0 0 0 0 0 0 0 0 0 0 0 0 0 0 0 0 0 0 0 0 0 0 0 0 0 0 0 0 0 0 0 0 0 0 0 0 0 0 0 0 0 0 0 0 0 0 0 0 0 0 0 0 0 0 0 0 0 0 0 0 0 0 0 0 0 0 0 0 0 0 0 0 0 0 0 0 0 0 0 0 0 141
232 1038 725 770 1306 0 0 573 184 130 242 181 147 156 0 0 111 0 890 294 0 0 0 0 122 0 0 0 0 0 286 0 193 0 0 522 0 0 0 0 0 0 0 0 0 0 0 89 0 0 165 0 0 0 128 0 0 0 0 120 0 0 0 0 0 0 0 0 0 0 0 0 0 0 0 0 0 0 0 148 0 0 0 0 0 0 0 0 0 125 0 0 0 0 0 0 0 0 0 0 0 0 0 0 0 0 0 0 0 0 0 0 0 0 0 0 0 283 0 0 0 0 0 0 0 0 0 0 0 0 0 0 0 0 0 0 0 0 0 0 0 0 0 0 18332
0 0 0 0 0 0 0 0 0 0 0 0 0 0 0 0 0 0 0 0 0 0 0 0 0 0 0 0 0 0 0 0 0 0 0 0 0 0 0 0 0 0 0 0 0 0 0 0 0 0 0 0 0 0 0 0 0 0 0 0 0 0 0 0 0 0 0 0 0 0 0 0 0 0 0 0 0 0 0 0 0 0 0 0 0 0 0 0 0 0 0 0 0 0 0 0 0 0 0 0 0 0 0 0 0 0 0 0 0 0 0 0 0 0 0 0 0 0 0 0 0 0 0 0 0 0 0 0 0 0 0 0 0 0 0 0 0 0 0 0 0 0 0 0 283
0 0 0 0 0 0 0 0 0 0 0 0 0 0 0 0 0 0 0 0 0 0 0 0 0 0 0 0 0 0 0 0 0 0 0 0 0 0 0 0 0 0 0 0 0 0 0 0 0 0 0 0 0 0 0 0 0 0 0 0 0 0 0 0 0 0 0 0 0 0 0 0 0 0 0 0 0 0 0 0 0 0 0 0 0 0 0 0 0 0 0 0 0 0 0 0 0 0 0 0 0 0 0 0 0 0 0 0 0 0 0 0 0 0 0 0 0 0 0 0 0 0 0 0 0 0 0 0 0 0 0 0 0 0 0 0 0 0 0 0 0 0 0 0 200
0 0 0 0 0 0 0 0 0 0 0 0 0 0 0 0 0 0 0 0 0 0 0 0 0 0 0 0 0 0 0 0 0 0 0 0 0 0 0 0 0 0 0 0 0 0 0 0 0 0 0 0 0 0 0 0 0 0 0 0 0 0 0 0 0 0 0 0 0 0 0 0 0 0 0 0 0 0 0 0 0 0 0 0 0 0 0 0 0 0 0 0 0 0 0 0 0 0 0 0 0 0 0 0 0 0 0 0 0 0 0 0 0 0 0 0 0 0 0 0 0 0 0 0 0 0 0 0 0 0 0 0 0 0 0 0 0 0 0 0 0 0 0 0 1220
0 0 0 0 0 0 0 0 0 0 0 0 0 0 0 0 0 0 0 0 0 0 0 0 0 0 0 0 0 0 0 0 0 0 0 0 0 0 0 0 0 0 0 0 0 0 0 0 0 0 0 0 0 0 0 0 0 0 0 0 0 0 0 0 0 0 0 0 0 0 0 0 0 0 0 0 0 0 0 0 0 0 0 0 0 0 0 0 0 0 0 0 0 0 0 0 0 0 0 0 0 0 0 0 0 0 0 0 0 0 0 0 0 0 0 0 0 0 0 0 0 0 0 0 0 0 0 0 0 0 0 0 0 0 0 0 0 0 0 0 0 0 0 0 0
0 0 0 0 0 0 0 0 0 0 0 0 0 0 0 0 0 0 0 0 0 0 0 0 0 0 0 0 0 0 0 0 0 0 0 0 0 0 0 0 0 0 0 0 0 0 0 0 0 0 0 0 0 0 0 0 0 0 0 0 0 0 0 0 0 0 0 0 0 0 0 0 0 0 0 0 0 0 0 0 0 0 0 0 0 0 0 0 0 0 0 0 0 0 0 0 0 0 0 0 0 0 0 0 0 0 0 0 0 0 0 0 0 0 0 0 0 0 0 0 0 0 0 0 0 0 0 0 0 0 0 0 0 0 0 0 0 0 0 0 0 0 0 0 4
0 0 0 0 0 0 0 0 0 0 0 0 0 0 0 0 0 0 0 0 0 0 0 0 0 0 0 0 0 0 0 0 0 0 0 0 0 0 0 0 0 0 0 0 0 0 0 0 0 0 0 0 0 0 0 0 0 0 0 0 0 0 0 0 0 0 0 0 0 0 0 0 0 0 0 0 0 0 0 0 0 0 0 0 0 0 0 0 0 0 0 0 0 0 0 0 0 0 0 0 0 0 0 0 0 0 0 0 0 0 0 0 0 0 0 0 0 0 0 0 0 0 0 0 0 0 0 0 0 0 0 0 0 0 0 0 0 0 0 0 0 0 0 0 878
0 0 0 0 0 0 0 0 0 0 0 0 0 0 0 0 0 0 0 0 0 0 0 0 0 0 0 0 0 0 0 0 0 0 0 0 0 0 0 0 0 0 0 0 0 0 0 0 0 0 0 0 0 0 0 0 0 0 0 0 0 0 0 0 0 0 0 0 0 0 0 0 0 0 0 0 0 0 0 0 0 0 0 0 0 0 0 0 0 0 0 0 0 0 0 0 0 0 0 0 0 0 0 0 0 0 0 0 0 0 0 0 0 0 0 0 0 0 0 0 0 0 0 0 0 0 0 0 0 0 0 0 0 0 0 0 0 0 0 0 0 0 0 0 2
0 0 0 0 0 0 0 0 0 0 0 0 0 0 0 0 0 0 0 0 0 0 0 0 0 0 0 0 0 0 0 0 0 0 0 0 0 0 0 0 0 0 0 0 0 0 0 0 0 0 0 0 0 0 0 0 0 0 0 0 0 0 0 0 0 0 0 0 0 0 0 0 0 0 0 0 0 0 0 0 0 0 0 0 0 0 0 0 0 0 0 0 0 0 0 0 0 0 0 0 0 0 0 0 0 0 0 0 0 0 0 0 0 0 0 0 0 0 0 0 0 0 0 0 0 0 0 0 0 0 0 0 0 0 0 0 0 0 0 0 0 0 0 0 207
0 0 0 0 0 0 0 0 0 0 0 0 0 0 0 0 0 0 0 0 0 0 0 0 0 0 0 0 0 0 0 0 0 0 0 0 0 0 0 0 0 0 0 0 0 0 0 0 0 0 0 0 0 0 0 0 0 0 0 0 0 0 0 0 0 0 0 0 0 0 0 0 0 0 0 0 0 0 0 0 0 0 0 0 0 0 0 0 0 0 0 0 0 0 0 0 0 0 0 0 0 0 0 0 0 0 0 0 0 0 0 0 0 0 0 0 0 0 0 0 0 0 0 0 0 0 0 0 0 0 0 0 0 0 0 0 0 0 0 0 0 0 0 0 5
0 265 185 197 334 0 0 147 0 0 0 0 0 0 0 0 0 0 227 0 0 0 0 0 0 0 0 0 0 0 0 0 0 0 0 134 0 0 0 0 0 0 0 0 0 0 0 0 0 0 0 0 0 0 0 0 0 0 0 0 0 0 0 0 0 0 0 0 0 0 0 0 0 0 0 0 0 0 0 0 0 0 0 0 0 0 0 0 0 0 0 0 0 0 0 0 0 0 0 0 0 0 0 0 0 0 0 0 0 0 0 0 0 0 0 0 0 0 0 0 0 0 0 0 0 0 0 0 0 0 0 0 0 0 0 0 0 0 0 0 0 0 0 0 5567
0 0 0 0 0 0 0 0 0 0 0 0 0 0 0 0 0 0 0 0 0 0 0 0 0 0 0 0 0 0 0 0 0 0 0 0 0 0 0 0 0 0 0 0 0 0 0 0 0 0 0 0 0 0 0 0 0 0 0 0 0 0 0 0 0 0 0 0 0 0 0 0 0 0 0 0 0 0 0 0 0 0 0 0 0 0 0 0 0 0 0 0 0 0 0 0 0 0 0 0 0 0 0 0 0 0 0 0 0 0 0 0 0 0 0 0 0 0 0 0 0 0 0 0 0 0 0 0 0 0 0 0 0 0 0 0 0 0 0 0 0 0 0 0 0
0 0 0 0 0 0 0 0 0 0 0 0 0 0 0 0 0 0 0 0 0 0 0 0 0 0 0 0 0 0 0 0 0 0 0 0 0 0 0 0 0 0 0 0 0 0 0 0 0 0 0 0 0 0 0 0 0 0 0 0 0 0 0 0 0 0 0 0 0 0 0 0 0 0 0 0 0 0 0 0 0 0 0 0 0 0 0 0 0 0 0 0 0 0 0 0 0 0 0 0 0 0 0 0 0 0 0 0 0 0 0 0 0 0 0 0 0 0 0 0 0 0 0 0 0 0 0 0 0 0 0 0 0 0 0 0 0 0 0 0 0 0 0 0 0
0 0 0 0 0 0 0 0 0 0 0 0 0 0 0 0 0 0 0 0 0 0 0 0 0 0 0 0 0 0 0 0 0 0 0 0 0 0 0 0 0 0 0 0 0 0 0 0 0 0 0 0 0 0 0 0 0 0 0 0 0 0 0 0 0 0 0 0 0 0 0 0 0 0 0 0 0 0 0 0 0 0 0 0 0 0 0 0 0 0 0 0 0 0 0 0 0 0 0 0 0 0 0 0 0 0 0 0 0 0 0 0 0 0 0 0 0 0 0 0 0 0 0 0 0 0 0 0 0 0 0 0 0 0 0 0 0 0 0 0 0 0 0 0 3
0 0 0 0 0 0 0 0 0 0 0 0 0 0 0 0 0 0 0 0 0 0 0 0 0 0 0 0 0 0 0 0 0 0 0 0 0 0 0 0 0 0 0 0 0 0 0 0 0 0 0 0 0 0 0 0 0 0 0 0 0 0 0 0 0 0 0 0 0 0 0 0 0 0 0 0 0 0 0 0 0 0 0 0 0 0 0 0 0 0 0 0 0 0 0 0 0 0 0 0 0 0 0 0 0 0 0 0 0 0 0 0 0 0 0 0 0 0 0 0 0 0 0 0 0 0 0 0 0 0 0 0 0 0 0 0 0 0 0 0 0 0 0 0 4
0 0 0 0 0 0 0 0 0 0 0 0 0 0 0 0 0 0 0 0 0 0 0 0 0 0 0 0 0 0 0 0 0 0 0 0 0 0 0 0 0 0 0 0 0 0 0 0 0 0 0 0 0 0 0 0 0 0 0 0 0 0 0 0 0 0 0 0 0 0 0 0 0 0 0 0 0 0 0 0 0 0 0 0 0 0 0 0 0 0 0 0 0 0 0 0 0 0 0 0 0 0 0 0 0 0 0 0 0 0 0 0 0 0 0 0 0 0 0 0 0 0 0 0 0 0 0 0 0 0 0 0 0 0 0 0 0 0 0 0 0 0 0 0 730
1963 941 953 919 613 2150 2203 1228 2198 2129 1873 2165 2309 2185 2105 2215 1897 1466 883 1616 677 2090 2166 1268 1952 1068 2094 1379 1869 2117 1656 2029 2043 1747 1795 1283 241 784 117 2045 2157 2192 1011 808 1810 1078 816 1977 929 802 2219 2082 1636 1864 2091 815 854 1209 954 1971 1046 1639 850 1068 924 1399 1667 1055 664 963 1137 1144 1563 1166 1072 753 981 1812 973 2321 1687 786 1811 776 1381 1661 806 908 801 2047 1783 1498 1624 2154 2061 1430 982 1636 1478 1655 1811 1043 1499 1214 557 1735 1881 150 1739 755 958 1274 1197 1418 1273 1086 647 1722 771 1690 1690 809 806 409 970 953 2189 845 1988 774 805 1072 934 937 935 980 773 748 753 745 822 937 954 785 0
