0 22039 15390 16341 27715 3028 2981 12169 7314 5179 9620 7206 5845 6203 2245 499 706 0 5665 1873 325 2140 488 0 778 0 460 0 187 458 1821 288 1231 213 240 11085 0 0 0 274 486 352 0 0 182 0 0 569 0 0 1047 459 152 186 813 0 0 0 0 767 0 134 0 0 0 93 118 0 0 0 0 0 103 0 0 0 0 202 0 940 112 0 249 0 0 143 0 0 0 796 161 99 140 441 326 0 0 108 98 226 190 0 99 0 0 121 254 0 177 0 0 0 0 88 0 0 0 1798 0 118 153 0 0 0 0 0 493 0 309 0 0 0 0 0 0 0 0 0 0 0 0 0 0 0
30918 0 80705 85695 145336 10165 10007 63816 24549 17381 32286 24187 19619 20820 7535 3142 4448 543 35649 11787 1092 7182 3072 481 4899 199 2897 510 1180 2886 11459 1817 7747 1340 1513 58130 0 146 0 1729 3060 2218 188 134 1146 217 152 3582 319 133 6594 2893 958 1175 5122 109 127 416 299 4827 194 846 158 366 289 586 745 213 0 231 425 393 653 433 217 112 235 1275 233 5916 709 0 1568 104 514 899 134 285 134 5014 1018 627 882 2779 2055 530 308 684 618 1426 1197 249 628 453 0 765 1601 0 1115 140 300 476 411 557 476 219 0 11319 0 743 964 108 150 0 253 299 3105 157 1948 128 134 368 173 268 267 336 115 111 140 111 110 293 299 94
25764 96305 0 71410 121108 8470 8338 53178 20456 14484 26904 20155 16349 17349 6279 2618 3706 452 29706 9822 910 5985 2560 401 4082 166 2414 425 983 2404 9549 1514 6456 1117 1261 48439 0 121 0 1441 2550 1848 156 112 955 181 126 2985 266 111 5494 2410 798 979 4268 91 106 347 249 4022 162 705 132 305 241 488 621 178 0 192 354 327 544 360 181 93 196 1062 194 4930 591 0 1307 86 428 749 111 238 111 4178 848 522 735 2316 1713 441 256 570 515 1188 997 208 524 377 0 637 1334 0 929 117 250 396 342 464 397 182 0 9432 0 619 803 90 125 0 211 249 2587 131 1623 107 111 306 144 223 223 280 96 93 116 92 91 244 249 0
33340 124621 87025 0 156718 10961 10790 68814 26471 18742 34814 26081 21156 22450 8125 3388 4796 585 38441 12710 1177 7744 3313 519 5283 214 3124 550 1273 3112 12357 1959 8354 1445 1632 62682 0 157 0 1864 3300 2392 202 145 1236 234 164 3862 344 144 7110 3119 1033 1268 5523 117 137 449 322 5205 210 912 170 395 312 632 804 230 0 249 459 423 704 467 234 121 253 1375 251 6380 765 91 1691 112 555 970 144 308 144 5407 1097 676 951 2997 2216 571 332 737 666 1538 1291 269 678 489 0 825 1727 0 1202 151 324 513 443 601 514 236 0 12206 89 802 1040 116 161 0 273 323 3348 169 2100 138 144 397 187 289 288 363 124 120 151 120 118 316 322 101
24299 90829 63428 67350 0 7989 7864 50155 19293 13660 25374 19009 15419 16363 5922 2469 3496 426 28017 9264 858 5644 2414 378 3850 156 2277 400 928 2268 9006 1428 6089 1053 1189 45685 0 114 0 1359 2405 1743 147 105 901 171 119 2815 250 105 5182 2273 753 924 4025 0 100 327 235 3793 153 665 124 288 227 461 586 168 0 181 334 308 513 340 170 88 184 1002 183 4650 557 0 1232 0 404 707 105 224 105 3941 800 493 693 2184 1615 416 242 537 486 1121 941 196 494 356 0 601 1258 0 876 110 236 374 323 438 374 172 0 8896 0 584 758 0 117 0 199 235 2440 123 1531 101 105 289 136 210 210 264 90 87 110 87 0 230 235 0
36528 87384 61021 64795 109890 0 11822 48252 29002 20535 38143 28575 23179 24597 8902 1979 2802 342 22462 7427 1290 8485 1936 303 3087 125 1825 321 744 1818 7220 1145 4881 844 953 43952 0 92 0 1089 1928 1397 118 0 722 137 95 2257 201 0 4154 1822 603 740 3227 0 0 262 188 3041 122 533 99 231 182 369 469 134 0 145 268 247 411 272 136 0 148 803 147 3728 447 0 988 0 324 567 0 180 0 3159 641 395 556 1751 1295 334 194 431 389 898 754 157 396 285 0 482 1009 0 702 88 189 300 259 351 300 138 0 7132 0 468 607 0 94 0 159 188 1956 99 1227 0 0 232 109 168 168 212 0 0 88 0 0 185 188 0
8802 21058 14705 15614 26482 2894 0 11628 6989 4948 9192 6886 5585 5927 2145 477 675 0 5413 1789 310 2044 466 0 743 0 440 0 179 438 1740 275 1176 203 229 10592 0 0 0 262 464 336 0 0 174 0 0 543 0 0 1001 439 145 178 777 0 0 0 0 732 0 128 0 0 0 89 113 0 0 0 0 0 99 0 0 0 0 193 0 898 107 0 238 0 0 136 0 0 0 761 154 95 134 422 312 0 0 103 93 216 181 0 95 0 0 116 243 0 169 0 0 0 0 0 0 0 0 1718 0 112 146 0 0 0 0 0 471 0 295 0 0 0 0 0 0 0 0 0 0 0 0 0 0 0
20896 78108 54544 57917 98224 6870 6763 0 16591 11747 21820 16346 13259 14071 5092 2123 3006 367 24093 7966 738 4854 2076 325 3311 134 1958 344 798 1950 7745 1228 5236 906 1022 39287 0 98 0 1168 2068 1499 127 91 775 147 102 2421 215 90 4456 1955 647 794 3461 0 0 281 202 3262 131 572 107 247 195 396 503 144 0 156 287 265 441 292 146 0 159 861 157 3998 479 0 1060 0 347 608 90 193 90 3389 688 424 596 1878 1389 358 208 462 417 964 809 168 425 306 0 517 1082 0 753 94 203 321 277 376 322 148 0 7650 0 502 651 0 101 0 171 202 2098 106 1316 87 90 248 117 181 180 227 0 0 94 0 0 198 202 0
22829 54613 38137 40495 68678 7505 7388 30156 0 12833 23838 17858 14486 15372 5563 1237 1751 213 14038 4641 806 5303 1210 189 1929 0 1141 200 465 1136 4512 715 3051 528 596 27469 0 0 0 681 1205 873 0 0 451 0 0 1410 125 0 2596 1139 377 463 2017 0 0 164 117 1900 0 333 0 144 114 231 293 0 0 91 167 154 257 170 0 0 92 502 91 2329 279 0 617 0 202 354 0 112 0 1974 400 247 347 1094 809 208 121 269 243 561 471 98 247 178 0 301 630 0 439 0 118 187 161 219 187 0 0 4457 0 292 379 0 0 0 99 117 1222 0 767 0 0 145 0 105 105 132 0 0 0 0 0 115 117 0
6387 15279 10669 11329 19214 2099 2067 8437 5071 0 6669 4996 4052 4300 1556 346 490 0 3927 1298 225 1483 338 0 539 0 319 0 130 317 1262 200 853 147 166 7685 0 0 0 190 337 244 0 0 126 0 0 394 0 0 726 318 105 129 564 0 0 0 0 531 0 93 0 0 0 0 0 0 0 0 0 0 0 0 0 0 0 140 0 651 0 0 172 0 0 99 0 0 0 552 112 0 97 306 226 0 0 0 0 157 131 0 0 0 0 0 176 0 122 0 0 0 0 0 0 0 0 1247 0 0 106 0 0 0 0 0 342 0 214 0 0 0 0 0 0 0 0 0 0 0 0 0 0 0
20040 47940 33477 35548 60287 6588 6486 26472 15911 11265 0 15677 12716 13494 4883 1086 1537 187 12323 4074 707 4655 1062 166 1693 0 1001 176 408 997 3961 628 2678 463 523 24113 0 0 0 597 1057 766 0 0 396 0 0 1238 110 0 2279 1000 331 406 1770 0 0 144 103 1668 0 292 0 126 100 202 257 0 0 0 147 135 225 149 0 0 0 440 0 2045 245 0 542 0 177 311 0 98 0 1733 351 216 305 960 710 183 106 236 213 493 414 0 217 156 0 264 553 0 385 0 103 164 142 192 164 0 0 3913 0 257 333 0 0 0 87 103 1073 0 673 0 0 127 0 92 92 116 0 0 0 0 0 101 103 0
17779 42533 29701 31538 53488 5845 5754 23486 14116 9995 18566 0 11282 11972 4333 963 1364 166 10933 3615 628 4130 942 147 1502 0 888 156 362 885 3514 557 2376 411 464 21393 0 0 0 530 938 680 0 0 351 0 0 1098 97 0 2022 887 293 360 1570 0 0 127 91 1480 0 259 0 112 88 179 228 0 0 0 130 120 200 132 0 0 0 391 0 1814 217 0 481 0 157 276 0 87 0 1537 312 192 270 852 630 162 94 209 189 437 367 0 192 139 0 234 491 0 342 0 92 146 126 170 146 0 0 3471 0 228 295 0 0 0 0 91 952 0 597 0 0 112 0 0 0 103 0 0 0 0 0 90 91 0
22163 53020 37024 39314 66675 7286 7173 29277 17597 12459 23143 17338 0 14924 5401 1201 1700 207 13628 4506 782 5148 1174 184 1873 0 1107 195 451 1103 4381 694 2962 512 578 26668 0 0 0 661 1170 848 0 0 438 0 0 1369 122 0 2520 1106 366 449 1958 0 0 159 114 1845 0 323 0 140 110 224 285 0 0 88 162 150 249 165 0 0 89 487 89 2262 271 0 599 0 196 344 0 109 0 1917 389 239 337 1062 785 202 117 261 236 545 457 95 240 173 0 292 612 0 426 0 114 182 157 213 182 0 0 4327 0 284 368 0 0 0 96 114 1187 0 744 0 0 140 0 102 102 128 0 0 0 0 0 112 114 0
11946 28578 19956 21190 35938 3927 3866 15780 9485 6715 12474 9345 7580 0 2911 647 916 111 7346 2429 422 2775 633 99 1009 0 597 105 243 594 2361 374 1596 276 311 14374 0 0 0 356 630 457 0 0 236 0 0 738 0 0 1358 596 197 242 1055 0 0 0 0 994 0 174 0 0 0 120 153 0 0 0 87 0 134 89 0 0 0 262 0 1219 146 0 323 0 106 185 0 0 0 1033 209 129 181 572 423 109 0 140 127 293 246 0 129 93 0 157 330 0 229 0 0 98 0 114 98 0 0 2332 0 153 198 0 0 0 0 0 639 0 401 0 0 0 0 0 0 0 0 0 0 0 0 0 0 0
6506 15565 10869 11542 19574 2139 2105 8595 5166 3657 6794 5090 4128 4381 0 352 499 0 4001 1323 229 1511 344 0 549 0 325 0 132 323 1286 204 869 150 169 7829 0 0 0 194 343 249 0 0 128 0 0 402 0 0 740 324 107 131 574 0 0 0 0 541 0 95 0 0 0 0 0 0 0 0 0 0 0 0 0 0 0 143 0 664 0 0 176 0 0 101 0 0 0 562 114 0 99 311 230 0 0 0 0 160 134 0 0 0 0 0 179 0 125 0 0 0 0 0 0 0 0 1270 0 0 108 0 0 0 0 0 348 0 218 0 0 0 0 0 0 0 0 0 0 0 0 0 0 0
422 1896 1324 1406 2384 139 136 1047 335 237 441 330 268 284 103 0 202 0 1624 537 0 98 140 0 223 0 132 0 0 131 522 0 353 0 0 953 0 0 0 0 139 101 0 0 0 0 0 163 0 0 300 131 0 0 233 0 0 0 0 220 0 0 0 0 0 0 0 0 0 0 0 0 0 0 0 0 0 0 0 269 0 0 0 0 0 0 0 0 0 228 0 0 0 126 93 0 0 0 0 0 0 0 0 0 0 0 0 0 0 0 0 0 0 0 0 0 0 515 0 0 0 0 0 0 0 0 141 0 88 0 0 0 0 0 0 0 0 0 0 0 0 0 0 0
620 2781 1942 2062 3497 203 200 1535 492 348 647 485 393 417 151 210 0 0 2383 788 0 144 205 0 327 0 193 0 0 192 766 121 517 89 101 1399 0 0 0 115 204 148 0 0 0 0 0 239 0 0 440 193 0 0 342 0 0 0 0 322 0 0 0 0 0 0 0 0 0 0 0 0 0 0 0 0 0 0 0 395 0 0 104 0 0 0 0 0 0 335 0 0 0 185 137 0 0 0 0 95 0 0 0 0 0 0 107 0 0 0 0 0 0 0 0 0 0 756 0 0 0 0 0 0 0 0 207 0 130 0 0 0 0 0 0 0 0 0 0 0 0 0 0 0
0 262 183 194 330 0 0 145 0 0 0 0 0 0 0 0 0 0 225 0 0 0 0 0 0 0 0 0 0 0 0 0 0 0 0 132 0 0 0 0 0 0 0 0 0 0 0 0 0 0 0 0 0 0 0 0 0 0 0 0 0 0 0 0 0 0 0 0 0 0 0 0 0 0 0 0 0 0 0 0 0 0 0 0 0 0 0 0 0 0 0 0 0 0 0 0 0 0 0 0 0 0 0 0 0 0 0 0 0 0 0 0 0 0 0 0 0 0 0 0 0 0 0 0 0 0 0 0 0 0 0 0 0 0 0 0 0 0 0 0 0 0 0 0
3894 17470 12199 12954 21969 1280 1260 9646 3092 2189 4067 3046 2471 2622 949 1319 1867 228 0 4949 137 904 1290 202 2057 0 1216 214 495 1211 4811 763 3253 563 635 8787 0 0 0 726 1285 931 0 0 481 91 0 1504 134 0 2768 1214 402 493 2150 0 0 174 125 2026 0 355 0 154 121 246 313 89 0 97 178 165 274 181 91 0 98 535 97 2484 298 0 658 0 216 377 0 119 0 2105 427 263 370 1167 863 222 129 287 259 599 502 104 264 190 0 321 672 0 468 0 126 199 172 234 200 92 0 4753 0 312 405 0 0 0 106 125 1303 0 818 0 0 154 0 112 112 141 0 0 0 0 0 123 125 0
3112 13959 9748 10350 17554 1023 1007 7708 2470 1749 3249 2434 1974 2095 758 1054 1492 182 11961 0 109 722 1030 161 1643 0 972 171 396 968 3844 609 2599 449 507 7021 0 0 0 580 1026 744 0 0 384 0 0 1201 107 0 2212 970 321 394 1718 0 0 139 100 1619 0 284 0 123 97 196 250 0 0 0 142 131 219 145 0 0 0 427 0 1985 238 0 526 0 172 301 0 95 0 1682 341 210 296 932 689 177 103 229 207 478 401 0 211 152 0 256 537 0 374 0 100 159 137 187 159 0 0 3798 0 249 323 0 0 0 0 100 1041 0 653 0 0 123 0 89 89 112 0 0 0 0 0 98 100 0
3622 8665 6051 6425 10897 1190 1172 4784 2876 2036 3782 2833 2298 2439 882 196 277 0 2227 736 0 841 191 0 306 0 181 0 0 180 716 113 484 0 94 4358 0 0 0 108 191 138 0 0 0 0 0 223 0 0 412 180 0 0 320 0 0 0 0 301 0 0 0 0 0 0 0 0 0 0 0 0 0 0 0 0 0 0 0 369 0 0 98 0 0 0 0 0 0 313 0 0 0 173 128 0 0 0 0 89 0 0 0 0 0 0 100 0 0 0 0 0 0 0 0 0 0 707 0 0 0 0 0 0 0 0 194 0 121 0 0 0 0 0 0 0 0 0 0 0 0 0 0 0
6898 16502 11524 12236 20753 2268 2232 9112 5477 3878 7203 5396 4377 4645 1681 373 529 0 4242 1402 243 0 365 0 582 0 344 0 140 343 1363 216 921 159 180 8300 0 0 0 205 364 264 0 0 136 0 0 426 0 0 784 344 114 139 609 0 0 0 0 574 0 100 0 0 0 0 88 0 0 0 0 0 0 0 0 0 0 151 0 704 0 0 186 0 0 107 0 0 0 596 121 0 105 330 244 0 0 0 0 169 142 0 0 0 0 91 190 0 132 0 0 0 0 0 0 0 0 1347 0 88 114 0 0 0 0 0 369 0 231 0 0 0 0 0 0 0 0 0 0 0 0 0 0 0
873 3916 2735 2904 4925 287 282 2162 693 490 911 683 554 588 212 295 418 0 3356 1109 0 202 0 0 461 0 272 0 111 271 1078 171 729 126 142 1970 0 0 0 162 288 208 0 0 107 0 0 337 0 0 620 272 90 110 482 0 0 0 0 454 0 0 0 0 0 0 0 0 0 0 0 0 0 0 0 0 0 120 0 557 0 0 147 0 0 0 0 0 0 472 95 0 0 261 193 0 0 0 0 134 112 0 0 0 0 0 150 0 105 0 0 0 0 0 0 0 0 1065 0 0 90 0 0 0 0 0 292 0 183 0 0 0 0 0 0 0 0 0 0 0 0 0 0 0
675 3031 2116 2247 3811 222 218 1673 536 379 705 528 428 455 164 228 324 0 2597 858 0 156 223 0 356 0 211 0 0 210 834 132 564 97 110 1524 0 0 0 126 222 161 0 0 0 0 0 260 0 0 480 210 0 0 373 0 0 0 0 351 0 0 0 0 0 0 0 0 0 0 0 0 0 0 0 0 0 92 0 431 0 0 114 0 0 0 0 0 0 365 0 0 0 202 149 0 0 0 0 103 87 0 0 0 0 0 116 0 0 0 0 0 0 0 0 0 0 824 0 0 0 0 0 0 0 0 226 0 141 0 0 0 0 0 0 0 0 0 0 0 0 0 0 0
91 410 286 304 516 0 0 226 0 0 95 0 0 0 0 0 0 0 351 116 0 0 0 0 0 0 0 0 0 0 113 0 0 0 0 206 0 0 0 0 0 0 0 0 0 0 0 0 0 0 0 0 0 0 0 0 0 0 0 0 0 0 0 0 0 0 0 0 0 0 0 0 0 0 0 0 0 0 0 0 0 0 0 0 0 0 0 0 0 0 0 0 0 0 0 0 0 0 0 0 0 0 0 0 0 0 0 0 0 0 0 0 0 0 0 0 0 111 0 0 0 0 0 0 0 0 0 0 0 0 0 0 0 0 0 0 0 0 0 0 0 0 0 0
130 585 409 434 736 0 0 323 103 0 136 102 0 87 0 0 0 0 501 165 0 0 0 0 0 0 0 0 0 0 161 0 109 0 0 294 0 0 0 0 0 0 0 0 0 0 0 0 0 0 92 0 0 0 0 0 0 0 0 0 0 0 0 0 0 0 0 0 0 0 0 0 0 0 0 0 0 0 0 0 0 0 0 0 0 0 0 0 0 0 0 0 0 0 0 0 0 0 0 0 0 0 0 0 0 0 0 0 0 0 0 0 0 0 0 0 0 159 0 0 0 0 0 0 0 0 0 0 0 0 0 0 0 0 0 0 0 0 0 0 0 0 0 0
101 456 318 338 574 0 0 252 0 0 106 0 0 0 0 0 0 0 391 129 0 0 0 0 0 0 0 0 0 0 125 0 0 0 0 229 0 0 0 0 0 0 0 0 0 0 0 0 0 0 0 0 0 0 0 0 0 0 0 0 0 0 0 0 0 0 0 0 0 0 0 0 0 0 0 0 0 0 0 0 0 0 0 0 0 0 0 0 0 0 0 0 0 0 0 0 0 0 0 0 0 0 0 0 0 0 0 0 0 0 0 0 0 0 0 0 0 124 0 0 0 0 0 0 0 0 0 0 0 0 0 0 0 0 0 0 0 0 0 0 0 0 0 0
0 0 0 0 88 0 0 0 0 0 0 0 0 0 0 0 0 0 0 0 0 0 0 0 0 0 0 0 0 0 0 0 0 0 0 0 0 0 0 0 0 0 0 0 0 0 0 0 0 0 0 0 0 0 0 0 0 0 0 0 0 0 0 0 0 0 0 0 0 0 0 0 0 0 0 0 0 0 0 0 0 0 0 0 0 0 0 0 0 0 0 0 0 0 0 0 0 0 0 0 0 0 0 0 0 0 0 0 0 0 0 0 0 0 0 0 0 0 0 0 0 0 0 0 0 0 0 0 0 0 0 0 0 0 0 0 0 0 0 0 0 0 0 0
0 308 215 228 388 0 0 170 0 0 0 0 0 0 0 0 0 0 264 87 0 0 0 0 0 0 0 0 0 0 0 0 0 0 0 155 0 0 0 0 0 0 0 0 0 0 0 0 0 0 0 0 0 0 0 0 0 0 0 0 0 0 0 0 0 0 0 0 0 0 0 0 0 0 0 0 0 0 0 0 0 0 0 0 0 0 0 0 0 0 0 0 0 0 0 0 0 0 0 0 0 0 0 0 0 0 0 0 0 0 0 0 0 0 0 0 0 0 0 0 0 0 0 0 0 0 0 0 0 0 0 0 0 0 0 0 0 0 0 0 0 0 0 0
924 4145 2895 3074 5213 303 299 2289 733 519 965 723 586 622 225 313 443 0 3552 1174 0 214 306 0 488 0 288 0 117 0 1141 181 772 133 150 2085 0 0 0 172 304 221 0 0 114 0 0 356 0 0 657 288 95 117 510 0 0 0 0 480 0 0 0 0 0 0 0 0 0 0 0 0 0 0 0 0 0 127 0 589 0 0 156 0 0 89 0 0 0 499 101 0 87 276 204 0 0 0 0 142 119 0 0 0 0 0 159 0 111 0 0 0 0 0 0 0 0 1127 0 0 96 0 0 0 0 0 309 0 194 0 0 0 0 0 0 0 0 0 0 0 0 0 0 0
108 488 341 362 614 0 0 269 0 0 113 0 0 0 0 0 0 0 418 138 0 0 0 0 0 0 0 0 0 0 0 0 90 0 0 245 0 0 0 0 0 0 0 0 0 0 0 0 0 0 0 0 0 0 0 0 0 0 0 0 0 0 0 0 0 0 0 0 0 0 0 0 0 0 0 0 0 0 0 0 0 0 0 0 0 0 0 0 0 0 0 0 0 0 0 0 0 0 0 0 0 0 0 0 0 0 0 0 0 0 0 0 0 0 0 0 0 132 0 0 0 0 0 0 0 0 0 0 0 0 0 0 0 0 0 0 0 0 0 0 0 0 0 0
196 883 616 654 1110 0 0 487 156 110 205 154 124 132 0 0 94 0 756 250 0 0 0 0 104 0 0 0 0 0 243 0 164 0 0 444 0 0 0 0 0 0 0 0 0 0 0 0 0 0 139 0 0 0 108 0 0 0 0 102 0 0 0 0 0 0 0 0 0 0 0 0 0 0 0 0 0 0 0 125 0 0 0 0 0 0 0 0 0 106 0 0 0 0 0 0 0 0 0 0 0 0 0 0 0 0 0 0 0 0 0 0 0 0 0 0 0 240 0 0 0 0 0 0 0 0 0 0 0 0 0 0 0 0 0 0 0 0 0 0 0 0 0 0
319 1434 1001 1063 1803 105 103 791 253 179 333 250 202 215 0 108 153 0 1228 406 0 0 105 0 168 0 99 0 0 99 394 0 0 0 0 721 0 0 0 0 105 0 0 0 0 0 0 123 0 0 227 99 0 0 176 0 0 0 0 166 0 0 0 0 0 0 0 0 0 0 0 0 0 0 0 0 0 0 0 203 0 0 0 0 0 0 0 0 0 172 0 0 0 95 0 0 0 0 0 0 0 0 0 0 0 0 0 0 0 0 0 0 0 0 0 0 0 390 0 0 0 0 0 0 0 0 107 0 0 0 0 0 0 0 0 0 0 0 0 0 0 0 0 0
0 349 243 258 439 0 0 192 0 0 0 0 0 0 0 0 0 0 299 98 0 0 0 0 0 0 0 0 0 0 96 0 0 0 0 175 0 0 0 0 0 0 0 0 0 0 0 0 0 0 0 0 0 0 0 0 0 0 0 0 0 0 0 0 0 0 0 0 0 0 0 0 0 0 0 0 0 0 0 0 0 0 0 0 0 0 0 0 0 0 0 0 0 0 0 0 0 0 0 0 0 0 0 0 0 0 0 0 0 0 0 0 0 0 0 0 0 95 0 0 0 0 0 0 0 0 0 0 0 0 0 0 0 0 0 0 0 0 0 0 0 0 0 0
747 3352 2340 2485 4215 245 241 1850 593 420 780 584 474 503 182 253 358 0 2872 949 0 173 247 0 394 0 233 0 95 232 923 146 624 108 0 1686 0 0 0 139 246 178 0 0 92 0 0 288 0 0 531 233 0 94 412 0 0 0 0 388 0 0 0 0 0 0 0 0 0 0 0 0 0 0 0 0 0 102 0 476 0 0 126 0 0 0 0 0 0 404 0 0 0 223 165 0 0 0 0 114 96 0 0 0 0 0 129 0 89 0 0 0 0 0 0 0 0 912 0 0 0 0 0 0 0 0 250 0 156 0 0 0 0 0 0 0 0 0 0 0 0 0 0 0
1010 3776 2637 2800 4749 332 327 2085 802 568 1055 790 641 680 246 102 145 0 1165 385 0 234 100 0 160 0 94 0 0 94 374 0 253 0 0 0 0 0 0 0 100 0 0 0 0 0 0 117 0 0 215 94 0 0 167 0 0 0 0 157 0 0 0 0 0 0 0 0 0 0 0 0 0 0 0 0 0 0 0 193 0 0 0 0 0 0 0 0 0 163 0 0 0 90 0 0 0 0 0 0 0 0 0 0 0 0 0 0 0 0 0 0 0 0 0 0 0 369 0 0 0 0 0 0 0 0 101 0 0 0 0 0 0 0 0 0 0 0 0 0 0 0 0 0
0 273 191 203 344 0 0 151 0 0 0 0 0 0 0 0 0 0 234 0 0 0 0 0 0 0 0 0 0 0 0 0 0 0 0 137 0 0 0 0 0 0 0 0 0 0 0 0 0 0 0 0 0 0 0 0 0 0 0 0 0 0 0 0 0 0 0 0 0 0 0 0 0 0 0 0 0 0 0 0 0 0 0 0 0 0 0 0 0 0 0 0 0 0 0 0 0 0 0 0 0 0 0 0 0 0 0 0 0 0 0 0 0 0 0 0 0 0 0 0 0 0 0 0 0 0 0 0 0 0 0 0 0 0 0 0 0 0 0 0 0 0 0 0
0 247 172 183 311 0 0 136 0 0 0 0 0 0 0 0 0 0 212 0 0 0 0 0 0 0 0 0 0 0 0 0 0 0 0 124 0 0 0 0 0 0 0 0 0 0 0 0 0 0 0 0 0 0 0 0 0 0 0 0 0 0 0 0 0 0 0 0 0 0 0 0 0 0 0 0 0 0 0 0 0 0 0 0 0 0 0 0 0 0 0 0 0 0 0 0 0 0 0 0 0 0 0 0 0 0 0 0 0 0 0 0 0 0 0 0 0 0 0 0 0 0 0 0 0 0 0 0 0 0 0 0 0 0 0 0 0 0 0 0 0 0 0 0
147 661 462 490 832 0 0 365 117 0 154 115 93 99 0 0 0 0 566 187 0 0 0 0 0 0 0 0 0 0 182 0 123 0 0 332 0 0 0 0 0 0 0 0 0 0 0 0 0 0 104 0 0 0 0 0 0 0 0 0 0 0 0 0 0 0 0 0 0 0 0 0 0 0 0 0 0 0 0 94 0 0 0 0 0 0 0 0 0 0 0 0 0 0 0 0 0 0 0 0 0 0 0 0 0 0 0 0 0 0 0 0 0 0 0 0 0 180 0 0 0 0 0 0 0 0 0 0 0 0 0 0 0 0 0 0 0 0 0 0 0 0 0 0
0 143 99 106 179 0 0 0 0 0 0 0 0 0 0 0 0 0 122 0 0 0 0 0 0 0 0 0 0 0 0 0 0 0 0 0 0 0 0 0 0 0 0 0 0 0 0 0 0 0 0 0 0 0 0 0 0 0 0 0 0 0 0 0 0 0 0 0 0 0 0 0 0 0 0 0 0 0 0 0 0 0 0 0 0 0 0 0 0 0 0 0 0 0 0 0 0 0 0 0 0 0 0 0 0 0 0 0 0 0 0 0 0 0 0 0 0 0 0 0 0 0 0 0 0 0 0 0 0 0 0 0 0 0 0 0 0 0 0 0 0 0 0 0
398 1788 1249 1326 2249 131 129 987 316 224 416 311 253 268 97 135 191 0 1532 506 0 92 132 0 210 0 124 0 0 124 492 0 333 0 0 899 0 0 0 0 0 95 0 0 0 0 0 153 0 0 283 124 0 0 220 0 0 0 0 207 0 0 0 0 0 0 0 0 0 0 0 0 0 0 0 0 0 0 0 254 0 0 0 0 0 0 0 0 0 215 0 0 0 119 88 0 0 0 0 0 0 0 0 0 0 0 0 0 0 0 0 0 0 0 0 0 0 486 0 0 0 0 0 0 0 0 133 0 0 0 0 0 0 0 0 0 0 0 0 0 0 0 0 0
134 604 422 448 760 0 0 333 107 0 140 105 0 90 0 0 0 0 518 171 0 0 0 0 0 0 0 0 0 0 166 0 112 0 0 304 0 0 0 0 0 0 0 0 0 0 0 0 0 0 95 0 0 0 0 0 0 0 0 0 0 0 0 0 0 0 0 0 0 0 0 0 0 0 0 0 0 0 0 0 0 0 0 0 0 0 0 0 0 0 0 0 0 0 0 0 0 0 0 0 0 0 0 0 0 0 0 0 0 0 0 0 0 0 0 0 0 164 0 0 0 0 0 0 0 0 0 0 0 0 0 0 0 0 0 0 0 0 0 0 0 0 0 0
0 0 0 0 0 0 0 0 0 0 0 0 0 0 0 0 0 0 0 0 0 0 0 0 0 0 0 0 0 0 0 0 0 0 0 0 0 0 0 0 0 0 0 0 0 0 0 0 0 0 0 0 0 0 0 0 0 0 0 0 0 0 0 0 0 0 0 0 0 0 0 0 0 0 0 0 0 0 0 0 0 0 0 0 0 0 0 0 0 0 0 0 0 0 0 0 0 0 0 0 0 0 0 0 0 0 0 0 0 0 0 0 0 0 0 0 0 0 0 0 0 0 0 0 0 0 0 0 0 0 0 0 0 0 0 0 0 0 0 0 0 0 0 0
0 0 0 0 101 0 0 0 0 0 0 0 0 0 0 0 0 0 0 0 0 0 0 0 0 0 0 0 0 0 0 0 0 0 0 0 0 0 0 0 0 0 0 0 0 0 0 0 0 0 0 0 0 0 0 0 0 0 0 0 0 0 0 0 0 0 0 0 0 0 0 0 0 0 0 0 0 0 0 0 0 0 0 0 0 0 0 0 0 0 0 0 0 0 0 0 0 0 0 0 0 0 0 0 0 0 0 0 0 0 0 0 0 0 0 0 0 0 0 0 0 0 0 0 0 0 0 0 0 0 0 0 0 0 0 0 0 0 0 0 0 0 0 0
107 481 336 356 605 0 0 265 0 0 112 0 0 0 0 0 0 0 412 136 0 0 0 0 0 0 0 0 0 0 132 0 89 0 0 242 0 0 0 0 0 0 0 0 0 0 0 0 0 0 0 0 0 0 0 0 0 0 0 0 0 0 0 0 0 0 0 0 0 0 0 0 0 0 0 0 0 0 0 0 0 0 0 0 0 0 0 0 0 0 0 0 0 0 0 0 0 0 0 0 0 0 0 0 0 0 0 0 0 0 0 0 0 0 0 0 0 130 0 0 0 0 0 0 0 0 0 0 0 0 0 0 0 0 0 0 0 0 0 0 0 0 0 0
0 0 0 0 87 0 0 0 0 0 0 0 0 0 0 0 0 0 0 0 0 0 0 0 0 0 0 0 0 0 0 0 0 0 0 0 0 0 0 0 0 0 0 0 0 0 0 0 0 0 0 0 0 0 0 0 0 0 0 0 0 0 0 0 0 0 0 0 0 0 0 0 0 0 0 0 0 0 0 0 0 0 0 0 0 0 0 0 0 0 0 0 0 0 0 0 0 0 0 0 0 0 0 0 0 0 0 0 0 0 0 0 0 0 0 0 0 0 0 0 0 0 0 0 0 0 0 0 0 0 0 0 0 0 0 0 0 0 0 0 0 0 0 0
118 533 372 395 671 0 0 294 94 0 124 93 0 0 0 0 0 0 457 151 0 0 0 0 0 0 0 0 0 0 146 0 99 0 0 268 0 0 0 0 0 0 0 0 0 0 0 0 0 0 0 0 0 0 0 0 0 0 0 0 0 0 0 0 0 0 0 0 0 0 0 0 0 0 0 0 0 0 0 0 0 0 0 0 0 0 0 0 0 0 0 0 0 0 0 0 0 0 0 0 0 0 0 0 0 0 0 0 0 0 0 0 0 0 0 0 0 145 0 0 0 0 0 0 0 0 0 0 0 0 0 0 0 0 0 0 0 0 0 0 0 0 0 0
208 936 654 694 1177 0 0 517 165 117 218 163 132 140 0 0 100 0 802 265 0 0 0 0 110 0 0 0 0 0 257 0 174 0 0 471 0 0 0 0 0 0 0 0 0 0 0 0 0 0 148 0 0 0 115 0 0 0 0 108 0 0 0 0 0 0 0 0 0 0 0 0 0 0 0 0 0 0 0 133 0 0 0 0 0 0 0 0 0 112 0 0 0 0 0 0 0 0 0 0 0 0 0 0 0 0 0 0 0 0 0 0 0 0 0 0 0 254 0 0 0 0 0 0 0 0 0 0 0 0 0 0 0 0 0 0 0 0 0 0 0 0 0 0
0 0 0 0 0 0 0 0 0 0 0 0 0 0 0 0 0 0 0 0 0 0 0 0 0 0 0 0 0 0 0 0 0 0 0 0 0 0 0 0 0 0 0 0 0 0 0 0 0 0 0 0 0 0 0 0 0 0 0 0 0 0 0 0 0 0 0 0 0 0 0 0 0 0 0 0 0 0 0 0 0 0 0 0 0 0 0 0 0 0 0 0 0 0 0 0 0 0 0 0 0 0 0 0 0 0 0 0 0 0 0 0 0 0 0 0 0 0 0 0 0 0 0 0 0 0 0 0 0 0 0 0 0 0 0 0 0 0 0 0 0 0 0 0
0 0 0 0 0 0 0 0 0 0 0 0 0 0 0 0 0 0 0 0 0 0 0 0 0 0 0 0 0 0 0 0 0 0 0 0 0 0 0 0 0 0 0 0 0 0 0 0 0 0 0 0 0 0 0 0 0 0 0 0 0 0 0 0 0 0 0 0 0 0 0 0 0 0 0 0 0 0 0 0 0 0 0 0 0 0 0 0 0 0 0 0 0 0 0 0 0 0 0 0 0 0 0 0 0 0 0 0 0 0 0 0 0 0 0 0 0 0 0 0 0 0 0 0 0 0 0 0 0 0 0 0 0 0 0 0 0 0 0 0 0 0 0 0
958 4300 3002 3188 5407 315 310 2374 761 538 1001 749 608 645 233 324 459 0 3684 1218 0 222 317 0 506 0 299 0 122 298 1184 187 800 138 156 2162 0 0 0 178 316 229 0 0 118 0 0 370 0 0 0 299 99 121 529 0 0 0 0 498 0 87 0 0 0 0 0 0 0 0 0 0 0 0 0 0 0 131 0 611 0 0 162 0 0 93 0 0 0 518 105 0 91 287 212 0 0 0 0 147 123 0 0 0 0 0 165 0 115 0 0 0 0 0 0 0 0 1169 0 0 99 0 0 0 0 0 320 0 201 0 0 0 0 0 0 0 0 0 0 0 0 0 0 0
129 580 405 430 729 0 0 320 102 0 135 101 0 87 0 0 0 0 497 164 0 0 0 0 0 0 0 0 0 0 159 0 108 0 0 291 0 0 0 0 0 0 0 0 0 0 0 0 0 0 91 0 0 0 0 0 0 0 0 0 0 0 0 0 0 0 0 0 0 0 0 0 0 0 0 0 0 0 0 0 0 0 0 0 0 0 0 0 0 0 0 0 0 0 0 0 0 0 0 0 0 0 0 0 0 0 0 0 0 0 0 0 0 0 0 0 0 157 0 0 0 0 0 0 0 0 0 0 0 0 0 0 0 0 0 0 0 0 0 0 0 0 0 0
450 2021 1411 1499 2542 148 145 1116 357 253 470 352 285 303 109 152 216 0 1732 572 0 104 149 0 238 0 140 0 0 140 556 88 376 0 0 1016 0 0 0 0 148 107 0 0 0 0 0 174 0 0 320 140 0 0 248 0 0 0 0 234 0 0 0 0 0 0 0 0 0 0 0 0 0 0 0 0 0 0 0 287 0 0 0 0 0 0 0 0 0 243 0 0 0 135 99 0 0 0 0 0 0 0 0 0 0 0 0 0 0 0 0 0 0 0 0 0 0 550 0 0 0 0 0 0 0 0 150 0 94 0 0 0 0 0 0 0 0 0 0 0 0 0 0 0
0 192 134 143 242 0 0 106 0 0 0 0 0 0 0 0 0 0 165 0 0 0 0 0 0 0 0 0 0 0 0 0 0 0 0 97 0 0 0 0 0 0 0 0 0 0 0 0 0 0 0 0 0 0 0 0 0 0 0 0 0 0 0 0 0 0 0 0 0 0 0 0 0 0 0 0 0 0 0 0 0 0 0 0 0 0 0 0 0 0 0 0 0 0 0 0 0 0 0 0 0 0 0 0 0 0 0 0 0 0 0 0 0 0 0 0 0 0 0 0 0 0 0 0 0 0 0 0 0 0 0 0 0 0 0 0 0 0 0 0 0 0 0 0
627 2813 1964 2086 3537 206 203 1553 498 352 654 490 398 422 152 212 300 0 2410 797 0 145 207 0 331 0 195 0 0 195 774 122 523 90 102 1415 0 0 0 116 206 150 0 0 0 0 0 242 0 0 445 195 0 0 0 0 0 0 0 326 0 0 0 0 0 0 0 0 0 0 0 0 0 0 0 0 0 0 0 400 0 0 106 0 0 0 0 0 0 339 0 0 0 187 139 0 0 0 0 96 0 0 0 0 0 0 108 0 0 0 0 0 0 0 0 0 0 765 0 0 0 0 0 0 0 0 209 0 131 0 0 0 0 0 0 0 0 0 0 0 0 0 0 0
0 236 164 175 296 0 0 130 0 0 0 0 0 0 0 0 0 0 202 0 0 0 0 0 0 0 0 0 0 0 0 0 0 0 0 118 0 0 0 0 0 0 0 0 0 0 0 0 0 0 0 0 0 0 0 0 0 0 0 0 0 0 0 0 0 0 0 0 0 0 0 0 0 0 0 0 0 0 0 0 0 0 0 0 0 0 0 0 0 0 0 0 0 0 0 0 0 0 0 0 0 0 0 0 0 0 0 0 0 0 0 0 0 0 0 0 0 0 0 0 0 0 0 0 0 0 0 0 0 0 0 0 0 0 0 0 0 0 0 0 0 0 0 0
0 0 0 0 94 0 0 0 0 0 0 0 0 0 0 0 0 0 0 0 0 0 0 0 0 0 0 0 0 0 0 0 0 0 0 0 0 0 0 0 0 0 0 0 0 0 0 0 0 0 0 0 0 0 0 0 0 0 0 0 0 0 0 0 0 0 0 0 0 0 0 0 0 0 0 0 0 0 0 0 0 0 0 0 0 0 0 0 0 0 0 0 0 0 0 0 0 0 0 0 0 0 0 0 0 0 0 0 0 0 0 0 0 0 0 0 0 0 0 0 0 0 0 0 0 0 0 0 0 0 0 0 0 0 0 0 0 0 0 0 0 0 0 0
0 329 229 244 413 0 0 181 0 0 0 0 0 0 0 0 0 0 281 93 0 0 0 0 0 0 0 0 0 0 90 0 0 0 0 165 0 0 0 0 0 0 0 0 0 0 0 0 0 0 0 0 0 0 0 0 0 0 0 0 0 0 0 0 0 0 0 0 0 0 0 0 0 0 0 0 0 0 0 0 0 0 0 0 0 0 0 0 0 0 0 0 0 0 0 0 0 0 0 0 0 0 0 0 0 0 0 0 0 0 0 0 0 0 0 0 0 89 0 0 0 0 0 0 0 0 0 0 0 0 0 0 0 0 0 0 0 0 0 0 0 0 0 0
0 0 0 0 0 0 0 0 0 0 0 0 0 0 0 0 0 0 0 0 0 0 0 0 0 0 0 0 0 0 0 0 0 0 0 0 0 0 0 0 0 0 0 0 0 0 0 0 0 0 0 0 0 0 0 0 0 0 0 0 0 0 0 0 0 0 0 0 0 0 0 0 0 0 0 0 0 0 0 0 0 0 0 0 0 0 0 0 0 0 0 0 0 0 0 0 0 0 0 0 0 0 0 0 0 0 0 0 0 0 0 0 0 0 0 0 0 0 0 0 0 0 0 0 0 0 0 0 0 0 0 0 0 0 0 0 0 0 0 0 0 0 0 0
786 3526 2462 2615 4435 258 254 1947 624 442 821 615 498 529 191 266 377 0 3021 999 0 182 260 0 415 0 245 0 100 244 971 154 656 113 128 1773 0 0 0 146 259 188 0 0 97 0 0 303 0 0 558 245 0 99 434 0 0 0 0 0 0 0 0 0 0 0 0 0 0 0 0 0 0 0 0 0 0 108 0 501 0 0 132 0 0 0 0 0 0 425 0 0 0 235 174 0 0 0 0 120 101 0 0 0 0 0 135 0 94 0 0 0 0 0 0 0 0 959 0 0 0 0 0 0 0 0 263 0 165 0 0 0 0 0 0 0 0 0 0 0 0 0 0 0
0 0 0 0 0 0 0 0 0 0 0 0 0 0 0 0 0 0 0 0 0 0 0 0 0 0 0 0 0 0 0 0 0 0 0 0 0 0 0 0 0 0 0 0 0 0 0 0 0 0 0 0 0 0 0 0 0 0 0 0 0 0 0 0 0 0 0 0 0 0 0 0 0 0 0 0 0 0 0 0 0 0 0 0 0 0 0 0 0 0 0 0 0 0 0 0 0 0 0 0 0 0 0 0 0 0 0 0 0 0 0 0 0 0 0 0 0 0 0 0 0 0 0 0 0 0 0 0 0 0 0 0 0 0 0 0 0 0 0 0 0 0 0 0
116 523 365 388 658 0 0 289 92 0 121 91 0 0 0 0 0 0 448 148 0 0 0 0 0 0 0 0 0 0 144 0 97 0 0 263 0 0 0 0 0 0 0 0 0 0 0 0 0 0 0 0 0 0 0 0 0 0 0 0 0 0 0 0 0 0 0 0 0 0 0 0 0 0 0 0 0 0 0 0 0 0 0 0 0 0 0 0 0 0 0 0 0 0 0 0 0 0 0 0 0 0 0 0 0 0 0 0 0 0 0 0 0 0 0 0 0 142 0 0 0 0 0 0 0 0 0 0 0 0 0 0 0 0 0 0 0 0 0 0 0 0 0 0
0 305 213 226 384 0 0 168 0 0 0 0 0 0 0 0 0 0 261 0 0 0 0 0 0 0 0 0 0 0 0 0 0 0 0 153 0 0 0 0 0 0 0 0 0 0 0 0 0 0 0 0 0 0 0 0 0 0 0 0 0 0 0 0 0 0 0 0 0 0 0 0 0 0 0 0 0 0 0 0 0 0 0 0 0 0 0 0 0 0 0 0 0 0 0 0 0 0 0 0 0 0 0 0 0 0 0 0 0 0 0 0 0 0 0 0 0 0 0 0 0 0 0 0 0 0 0 0 0 0 0 0 0 0 0 0 0 0 0 0 0 0 0 0
0 0 0 0 0 0 0 0 0 0 0 0 0 0 0 0 0 0 0 0 0 0 0 0 0 0 0 0 0 0 0 0 0 0 0 0 0 0 0 0 0 0 0 0 0 0 0 0 0 0 0 0 0 0 0 0 0 0 0 0 0 0 0 0 0 0 0 0 0 0 0 0 0 0 0 0 0 0 0 0 0 0 0 0 0 0 0 0 0 0 0 0 0 0 0 0 0 0 0 0 0 0 0 0 0 0 0 0 0 0 0 0 0 0 0 0 0 0 0 0 0 0 0 0 0 0 0 0 0 0 0 0 0 0 0 0 0 0 0 0 0 0 0 0
0 0 0 0 0 0 0 0 0 0 0 0 0 0 0 0 0 0 0 0 0 0 0 0 0 0 0 0 0 0 0 0 0 0 0 0 0 0 0 0 0 0 0 0 0 0 0 0 0 0 0 0 0 0 0 0 0 0 0 0 0 0 0 0 0 0 0 0 0 0 0 0 0 0 0 0 0 0 0 0 0 0 0 0 0 0 0 0 0 0 0 0 0 0 0 0 0 0 0 0 0 0 0 0 0 0 0 0 0 0 0 0 0 0 0 0 0 0 0 0 0 0 0 0 0 0 0 0 0 0 0 0 0 0 0 0 0 0 0 0 0 0 0 0
95 427 298 316 537 0 0 236 0 0 99 0 0 0 0 0 0 0 366 121 0 0 0 0 0 0 0 0 0 0 117 0 0 0 0 215 0 0 0 0 0 0 0 0 0 0 0 0 0 0 0 0 0 0 0 0 0 0 0 0 0 0 0 0 0 0 0 0 0 0 0 0 0 0 0 0 0 0 0 0 0 0 0 0 0 0 0 0 0 0 0 0 0 0 0 0 0 0 0 0 0 0 0 0 0 0 0 0 0 0 0 0 0 0 0 0 0 116 0 0 0 0 0 0 0 0 0 0 0 0 0 0 0 0 0 0 0 0 0 0 0 0 0 0
359 1613 1126 1196 2028 118 116 890 285 202 375 281 228 242 87 121 172 0 1382 457 0 0 119 0 189 0 112 0 0 111 444 0 300 0 0 811 0 0 0 0 118 0 0 0 0 0 0 138 0 0 255 112 0 0 198 0 0 0 0 187 0 0 0 0 0 0 0 0 0 0 0 0 0 0 0 0 0 0 0 229 0 0 0 0 0 0 0 0 0 194 0 0 0 107 0 0 0 0 0 0 0 0 0 0 0 0 0 0 0 0 0 0 0 0 0 0 0 438 0 0 0 0 0 0 0 0 120 0 0 0 0 0 0 0 0 0 0 0 0 0 0 0 0 0
187 839 586 622 1055 0 0 463 148 105 195 146 118 125 0 0 89 0 719 237 0 0 0 0 98 0 0 0 0 0 231 0 156 0 0 422 0 0 0 0 0 0 0 0 0 0 0 0 0 0 133 0 0 0 103 0 0 0 0 97 0 0 0 0 0 0 0 0 0 0 0 0 0 0 0 0 0 0 0 119 0 0 0 0 0 0 0 0 0 101 0 0 0 0 0 0 0 0 0 0 0 0 0 0 0 0 0 0 0 0 0 0 0 0 0 0 0 228 0 0 0 0 0 0 0 0 0 0 0 0 0 0 0 0 0 0 0 0 0 0 0 0 0 0
0 301 210 223 378 0 0 166 0 0 0 0 0 0 0 0 0 0 257 0 0 0 0 0 0 0 0 0 0 0 0 0 0 0 0 151 0 0 0 0 0 0 0 0 0 0 0 0 0 0 0 0 0 0 0 0 0 0 0 0 0 0 0 0 0 0 0 0 0 0 0 0 0 0 0 0 0 0 0 0 0 0 0 0 0 0 0 0 0 0 0 0 0 0 0 0 0 0 0 0 0 0 0 0 0 0 0 0 0 0 0 0 0 0 0 0 0 0 0 0 0 0 0 0 0 0 0 0 0 0 0 0 0 0 0 0 0 0 0 0 0 0 0 0
118 529 369 392 665 0 0 292 93 0 123 92 0 0 0 0 0 0 453 149 0 0 0 0 0 0 0 0 0 0 145 0 98 0 0 266 0 0 0 0 0 0 0 0 0 0 0 0 0 0 0 0 0 0 0 0 0 0 0 0 0 0 0 0 0 0 0 0 0 0 0 0 0 0 0 0 0 0 0 0 0 0 0 0 0 0 0 0 0 0 0 0 0 0 0 0 0 0 0 0 0 0 0 0 0 0 0 0 0 0 0 0 0 0 0 0 0 144 0 0 0 0 0 0 0 0 0 0 0 0 0 0 0 0 0 0 0 0 0 0 0 0 0 0
319 1432 1000 1061 1800 104 103 790 253 179 333 249 202 214 0 108 153 0 1227 405 0 0 105 0 168 0 99 0 0 99 394 0 266 0 0 720 0 0 0 0 105 0 0 0 0 0 0 123 0 0 226 99 0 0 176 0 0 0 0 166 0 0 0 0 0 0 0 0 0 0 0 0 0 0 0 0 0 0 0 203 0 0 0 0 0 0 0 0 0 172 0 0 0 95 0 0 0 0 0 0 0 0 0 0 0 0 0 0 0 0 0 0 0 0 0 0 0 389 0 0 0 0 0 0 0 0 106 0 0 0 0 0 0 0 0 0 0 0 0 0 0 0 0 0
0 0 0 0 0 0 0 0 0 0 0 0 0 0 0 0 0 0 0 0 0 0 0 0 0 0 0 0 0 0 0 0 0 0 0 0 0 0 0 0 0 0 0 0 0 0 0 0 0 0 0 0 0 0 0 0 0 0 0 0 0 0 0 0 0 0 0 0 0 0 0 0 0 0 0 0 0 0 0 0 0 0 0 0 0 0 0 0 0 0 0 0 0 0 0 0 0 0 0 0 0 0 0 0 0 0 0 0 0 0 0 0 0 0 0 0 0 0 0 0 0 0 0 0 0 0 0 0 0 0 0 0 0 0 0 0 0 0 0 0 0 0 0 0
0 135 94 100 169 0 0 0 0 0 0 0 0 0 0 0 0 0 115 0 0 0 0 0 0 0 0 0 0 0 0 0 0 0 0 0 0 0 0 0 0 0 0 0 0 0 0 0 0 0 0 0 0 0 0 0 0 0 0 0 0 0 0 0 0 0 0 0 0 0 0 0 0 0 0 0 0 0 0 0 0 0 0 0 0 0 0 0 0 0 0 0 0 0 0 0 0 0 0 0 0 0 0 0 0 0 0 0 0 0 0 0 0 0 0 0 0 0 0 0 0 0 0 0 0 0 0 0 0 0 0 0 0 0 0 0 0 0 0 0 0 0 0 0
123 552 385 409 694 0 0 304 97 0 128 96 0 0 0 0 0 0 473 156 0 0 0 0 0 0 0 0 0 0 152 0 102 0 0 277 0 0 0 0 0 0 0 0 0 0 0 0 0 0 87 0 0 0 0 0 0 0 0 0 0 0 0 0 0 0 0 0 0 0 0 0 0 0 0 0 0 0 0 0 0 0 0 0 0 0 0 0 0 0 0 0 0 0 0 0 0 0 0 0 0 0 0 0 0 0 0 0 0 0 0 0 0 0 0 0 0 150 0 0 0 0 0 0 0 0 0 0 0 0 0 0 0 0 0 0 0 0 0 0 0 0 0 0
183 823 574 610 1035 0 0 454 145 103 191 143 116 123 0 0 88 0 705 233 0 0 0 0 96 0 0 0 0 0 226 0 153 0 0 414 0 0 0 0 0 0 0 0 0 0 0 0 0 0 130 0 0 0 101 0 0 0 0 95 0 0 0 0 0 0 0 0 0 0 0 0 0 0 0 0 0 0 0 117 0 0 0 0 0 0 0 0 0 99 0 0 0 0 0 0 0 0 0 0 0 0 0 0 0 0 0 0 0 0 0 0 0 0 0 0 0 223 0 0 0 0 0 0 0 0 0 0 0 0 0 0 0 0 0 0 0 0 0 0 0 0 0 0
0 0 0 0 0 0 0 0 0 0 0 0 0 0 0 0 0 0 0 0 0 0 0 0 0 0 0 0 0 0 0 0 0 0 0 0 0 0 0 0 0 0 0 0 0 0 0 0 0 0 0 0 0 0 0 0 0 0 0 0 0 0 0 0 0 0 0 0 0 0 0 0 0 0 0 0 0 0 0 0 0 0 0 0 0 0 0 0 0 0 0 0 0 0 0 0 0 0 0 0 0 0 0 0 0 0 0 0 0 0 0 0 0 0 0 0 0 0 0 0 0 0 0 0 0 0 0 0 0 0 0 0 0 0 0 0 0 0 0 0 0 0 0 0
0 341 238 252 429 0 0 188 0 0 0 0 0 0 0 0 0 0 292 96 0 0 0 0 0 0 0 0 0 0 93 0 0 0 0 171 0 0 0 0 0 0 0 0 0 0 0 0 0 0 0 0 0 0 0 0 0 0 0 0 0 0 0 0 0 0 0 0 0 0 0 0 0 0 0 0 0 0 0 0 0 0 0 0 0 0 0 0 0 0 0 0 0 0 0 0 0 0 0 0 0 0 0 0 0 0 0 0 0 0 0 0 0 0 0 0 0 92 0 0 0 0 0 0 0 0 0 0 0 0 0 0 0 0 0 0 0 0 0 0 0 0 0 0
229 1028 718 762 1293 0 0 567 182 128 239 179 145 154 0 0 109 0 881 291 0 0 0 0 121 0 0 0 0 0 283 0 191 0 0 517 0 0 0 0 0 0 0 0 0 0 0 88 0 0 163 0 0 0 126 0 0 0 0 119 0 0 0 0 0 0 0 0 0 0 0 0 0 0 0 0 0 0 0 146 0 0 0 0 0 0 0 0 0 123 0 0 0 0 0 0 0 0 0 0 0 0 0 0 0 0 0 0 0 0 0 0 0 0 0 0 0 279 0 0 0 0 0 0 0 0 0 0 0 0 0 0 0 0 0 0 0 0 0 0 0 0 0 0
0 276 192 204 347 0 0 152 0 0 0 0 0 0 0 0 0 0 236 0 0 0 0 0 0 0 0 0 0 0 0 0 0 0 0 139 0 0 0 0 0 0 0 0 0 0 0 0 0 0 0 0 0 0 0 0 0 0 0 0 0 0 0 0 0 0 0 0 0 0 0 0 0 0 0 0 0 0 0 0 0 0 0 0 0 0 0 0 0 0 0 0 0 0 0 0 0 0 0 0 0 0 0 0 0 0 0 0 0 0 0 0 0 0 0 0 0 0 0 0 0 0 0 0 0 0 0 0 0 0 0 0 0 0 0 0 0 0 0 0 0 0 0 0
2572 11538 8057 8556 14510 845 832 6371 2042 1446 2686 2012 1632 1732 626 871 1233 150 9887 3269 90 597 852 133 1358 0 803 141 327 800 3178 504 2148 371 419 5803 0 0 0 479 848 615 0 0 318 0 0 993 88 0 1828 802 265 326 1420 0 0 115 0 1338 0 234 0 101 0 162 206 0 0 0 118 109 181 120 0 0 0 353 0 0 196 0 435 0 142 249 0 0 0 1390 282 174 244 770 570 147 0 189 171 395 332 0 174 125 0 212 444 0 309 0 0 132 114 154 132 0 0 3139 0 206 267 0 0 0 0 0 861 0 540 0 0 102 0 0 0 93 0 0 0 0 0 0 0 0
168 756 528 561 951 0 0 417 133 94 176 131 107 113 0 0 0 0 648 214 0 0 0 0 89 0 0 0 0 0 208 0 140 0 0 380 0 0 0 0 0 0 0 0 0 0 0 0 0 0 119 0 0 0 93 0 0 0 0 87 0 0 0 0 0 0 0 0 0 0 0 0 0 0 0 0 0 0 0 107 0 0 0 0 0 0 0 0 0 91 0 0 0 0 0 0 0 0 0 0 0 0 0 0 0 0 0 0 0 0 0 0 0 0 0 0 0 205 0 0 0 0 0 0 0 0 0 0 0 0 0 0 0 0 0 0 0 0 0 0 0 0 0 0
0 163 114 121 206 0 0 90 0 0 0 0 0 0 0 0 0 0 140 0 0 0 0 0 0 0 0 0 0 0 0 0 0 0 0 0 0 0 0 0 0 0 0 0 0 0 0 0 0 0 0 0 0 0 0 0 0 0 0 0 0 0 0 0 0 0 0 0 0 0 0 0 0 0 0 0 0 0 0 0 0 0 0 0 0 0 0 0 0 0 0 0 0 0 0 0 0 0 0 0 0 0 0 0 0 0 0 0 0 0 0 0 0 0 0 0 0 0 0 0 0 0 0 0 0 0 0 0 0 0 0 0 0 0 0 0 0 0 0 0 0 0 0 0
289 1298 906 962 1632 95 93 717 229 162 302 226 183 194 0 98 138 0 1112 367 0 0 95 0 152 0 90 0 0 90 357 0 241 0 0 653 0 0 0 0 95 0 0 0 0 0 0 111 0 0 205 90 0 0 159 0 0 0 0 150 0 0 0 0 0 0 0 0 0 0 0 0 0 0 0 0 0 0 0 184 0 0 0 0 0 0 0 0 0 156 0 0 0 0 0 0 0 0 0 0 0 0 0 0 0 0 0 0 0 0 0 0 0 0 0 0 0 353 0 0 0 0 0 0 0 0 96 0 0 0 0 0 0 0 0 0 0 0 0 0 0 0 0 0
202 908 634 673 1142 0 0 501 160 113 211 158 128 136 0 0 97 0 778 257 0 0 0 0 106 0 0 0 0 0 250 0 169 0 0 456 0 0 0 0 0 0 0 0 0 0 0 0 0 0 143 0 0 0 111 0 0 0 0 105 0 0 0 0 0 0 0 0 0 0 0 0 0 0 0 0 0 0 0 129 0 0 0 0 0 0 0 0 0 109 0 0 0 0 0 0 0 0 0 0 0 0 0 0 0 0 0 0 0 0 0 0 0 0 0 0 0 247 0 0 0 0 0 0 0 0 0 0 0 0 0 0 0 0 0 0 0 0 0 0 0 0 0 0
197 884 617 655 1112 0 0 488 156 110 205 154 125 132 0 0 94 0 757 250 0 0 0 0 104 0 0 0 0 0 243 0 164 0 0 444 0 0 0 0 0 0 0 0 0 0 0 0 0 0 140 0 0 0 108 0 0 0 0 102 0 0 0 0 0 0 0 0 0 0 0 0 0 0 0 0 0 0 0 125 0 0 0 0 0 0 0 0 0 106 0 0 0 0 0 0 0 0 0 0 0 0 0 0 0 0 0 0 0 0 0 0 0 0 0 0 0 240 0 0 0 0 0 0 0 0 0 0 0 0 0 0 0 0 0 0 0 0 0 0 0 0 0 0
0 161 112 119 203 0 0 89 0 0 0 0 0 0 0 0 0 0 138 0 0 0 0 0 0 0 0 0 0 0 0 0 0 0 0 0 0 0 0 0 0 0 0 0 0 0 0 0 0 0 0 0 0 0 0 0 0 0 0 0 0 0 0 0 0 0 0 0 0 0 0 0 0 0 0 0 0 0 0 0 0 0 0 0 0 0 0 0 0 0 0 0 0 0 0 0 0 0 0 0 0 0 0 0 0 0 0 0 0 0 0 0 0 0 0 0 0 0 0 0 0 0 0 0 0 0 0 0 0 0 0 0 0 0 0 0 0 0 0 0 0 0 0 0
0 0 0 0 0 0 0 0 0 0 0 0 0 0 0 0 0 0 0 0 0 0 0 0 0 0 0 0 0 0 0 0 0 0 0 0 0 0 0 0 0 0 0 0 0 0 0 0 0 0 0 0 0 0 0 0 0 0 0 0 0 0 0 0 0 0 0 0 0 0 0 0 0 0 0 0 0 0 0 0 0 0 0 0 0 0 0 0 0 0 0 0 0 0 0 0 0 0 0 0 0 0 0 0 0 0 0 0 0 0 0 0 0 0 0 0 0 0 0 0 0 0 0 0 0 0 0 0 0 0 0 0 0 0 0 0 0 0 0 0 0 0 0 0
0 358 250 265 450 0 0 197 0 0 0 0 0 0 0 0 0 0 306 101 0 0 0 0 0 0 0 0 0 0 98 0 0 0 0 180 0 0 0 0 0 0 0 0 0 0 0 0 0 0 0 0 0 0 0 0 0 0 0 0 0 0 0 0 0 0 0 0 0 0 0 0 0 0 0 0 0 0 0 0 0 0 0 0 0 0 0 0 0 0 0 0 0 0 0 0 0 0 0 0 0 0 0 0 0 0 0 0 0 0 0 0 0 0 0 0 0 97 0 0 0 0 0 0 0 0 0 0 0 0 0 0 0 0 0 0 0 0 0 0 0 0 0 0
256 1148 802 851 1444 0 0 634 203 144 267 200 162 172 0 0 122 0 984 325 0 0 0 0 135 0 0 0 0 0 316 0 213 0 0 577 0 0 0 0 0 0 0 0 0 0 0 98 0 0 182 0 0 0 141 0 0 0 0 133 0 0 0 0 0 0 0 0 0 0 0 0 0 0 0 0 0 0 0 163 0 0 0 0 0 0 0 0 0 138 0 0 0 0 0 0 0 0 0 0 0 0 0 0 0 0 0 0 0 0 0 0 0 0 0 0 0 312 0 0 0 0 0 0 0 0 0 0 0 0 0 0 0 0 0 0 0 0 0 0 0 0 0 0
302 1357 947 1006 1706 99 97 749 240 170 315 236 191 203 0 102 145 0 1162 384 0 0 100 0 159 0 94 0 0 94 373 0 252 0 0 682 0 0 0 0 99 0 0 0 0 0 0 116 0 0 215 94 0 0 167 0 0 0 0 157 0 0 0 0 0 0 0 0 0 0 0 0 0 0 0 0 0 0 0 192 0 0 0 0 0 0 0 0 0 0 0 0 0 90 0 0 0 0 0 0 0 0 0 0 0 0 0 0 0 0 0 0 0 0 0 0 0 369 0 0 0 0 0 0 0 0 101 0 0 0 0 0 0 0 0 0 0 0 0 0 0 0 0 0
0 145 101 107 183 0 0 0 0 0 0 0 0 0 0 0 0 0 124 0 0 0 0 0 0 0 0 0 0 0 0 0 0 0 0 0 0 0 0 0 0 0 0 0 0 0 0 0 0 0 0 0 0 0 0 0 0 0 0 0 0 0 0 0 0 0 0 0 0 0 0 0 0 0 0 0 0 0 0 0 0 0 0 0 0 0 0 0 0 0 0 0 0 0 0 0 0 0 0 0 0 0 0 0 0 0 0 0 0 0 0 0 0 0 0 0 0 0 0 0 0 0 0 0 0 0 0 0 0 0 0 0 0 0 0 0 0 0 0 0 0 0 0 0
0 277 193 205 349 0 0 153 0 0 0 0 0 0 0 0 0 0 238 0 0 0 0 0 0 0 0 0 0 0 0 0 0 0 0 139 0 0 0 0 0 0 0 0 0 0 0 0 0 0 0 0 0 0 0 0 0 0 0 0 0 0 0 0 0 0 0 0 0 0 0 0 0 0 0 0 0 0 0 0 0 0 0 0 0 0 0 0 0 0 0 0 0 0 0 0 0 0 0 0 0 0 0 0 0 0 0 0 0 0 0 0 0 0 0 0 0 0 0 0 0 0 0 0 0 0 0 0 0 0 0 0 0 0 0 0 0 0 0 0 0 0 0 0
0 386 270 286 486 0 0 213 0 0 90 0 0 0 0 0 0 0 331 109 0 0 0 0 0 0 0 0 0 0 106 0 0 0 0 194 0 0 0 0 0 0 0 0 0 0 0 0 0 0 0 0 0 0 0 0 0 0 0 0 0 0 0 0 0 0 0 0 0 0 0 0 0 0 0 0 0 0 0 0 0 0 0 0 0 0 0 0 0 0 0 0 0 0 0 0 0 0 0 0 0 0 0 0 0 0 0 0 0 0 0 0 0 0 0 0 0 105 0 0 0 0 0 0 0 0 0 0 0 0 0 0 0 0 0 0 0 0 0 0 0 0 0 0
197 884 617 656 1112 0 0 488 156 110 205 154 125 132 0 0 94 0 758 250 0 0 0 0 104 0 0 0 0 0 243 0 164 0 0 445 0 0 0 0 0 0 0 0 0 0 0 0 0 0 140 0 0 0 108 0 0 0 0 102 0 0 0 0 0 0 0 0 0 0 0 0 0 0 0 0 0 0 0 125 0 0 0 0 0 0 0 0 0 106 0 0 0 0 0 0 0 0 0 0 0 0 0 0 0 0 0 0 0 0 0 0 0 0 0 0 0 240 0 0 0 0 0 0 0 0 0 0 0 0 0 0 0 0 0 0 0 0 0 0 0 0 0 0
429 1924 1344 1427 2420 141 138 1062 340 241 448 335 272 288 104 145 205 0 1649 545 0 99 142 0 226 0 134 0 0 133 530 0 358 0 0 968 0 0 0 0 141 102 0 0 0 0 0 165 0 0 305 133 0 0 236 0 0 0 0 223 0 0 0 0 0 0 0 0 0 0 0 0 0 0 0 0 0 0 0 273 0 0 0 0 0 0 0 0 0 231 0 0 0 128 0 0 0 0 0 0 0 0 0 0 0 0 0 0 0 0 0 0 0 0 0 0 0 523 0 0 0 0 0 0 0 0 143 0 90 0 0 0 0 0 0 0 0 0 0 0 0 0 0 0
0 319 222 236 401 0 0 176 0 0 0 0 0 0 0 0 0 0 273 90 0 0 0 0 0 0 0 0 0 0 87 0 0 0 0 160 0 0 0 0 0 0 0 0 0 0 0 0 0 0 0 0 0 0 0 0 0 0 0 0 0 0 0 0 0 0 0 0 0 0 0 0 0 0 0 0 0 0 0 0 0 0 0 0 0 0 0 0 0 0 0 0 0 0 0 0 0 0 0 0 0 0 0 0 0 0 0 0 0 0 0 0 0 0 0 0 0 0 0 0 0 0 0 0 0 0 0 0 0 0 0 0 0 0 0 0 0 0 0 0 0 0 0 0
0 0 0 0 0 0 0 0 0 0 0 0 0 0 0 0 0 0 0 0 0 0 0 0 0 0 0 0 0 0 0 0 0 0 0 0 0 0 0 0 0 0 0 0 0 0 0 0 0 0 0 0 0 0 0 0 0 0 0 0 0 0 0 0 0 0 0 0 0 0 0 0 0 0 0 0 0 0 0 0 0 0 0 0 0 0 0 0 0 0 0 0 0 0 0 0 0 0 0 0 0 0 0 0 0 0 0 0 0 0 0 0 0 0 0 0 0 0 0 0 0 0 0 0 0 0 0 0 0 0 0 0 0 0 0 0 0 0 0 0 0 0 0 0
0 104 0 0 131 0 0 0 0 0 0 0 0 0 0 0 0 0 89 0 0 0 0 0 0 0 0 0 0 0 0 0 0 0 0 0 0 0 0 0 0 0 0 0 0 0 0 0 0 0 0 0 0 0 0 0 0 0 0 0 0 0 0 0 0 0 0 0 0 0 0 0 0 0 0 0 0 0 0 0 0 0 0 0 0 0 0 0 0 0 0 0 0 0 0 0 0 0 0 0 0 0 0 0 0 0 0 0 0 0 0 0 0 0 0 0 0 0 0 0 0 0 0 0 0 0 0 0 0 0 0 0 0 0 0 0 0 0 0 0 0 0 0 0
0 152 106 112 191 0 0 0 0 0 0 0 0 0 0 0 0 0 130 0 0 0 0 0 0 0 0 0 0 0 0 0 0 0 0 0 0 0 0 0 0 0 0 0 0 0 0 0 0 0 0 0 0 0 0 0 0 0 0 0 0 0 0 0 0 0 0 0 0 0 0 0 0 0 0 0 0 0 0 0 0 0 0 0 0 0 0 0 0 0 0 0 0 0 0 0 0 0 0 0 0 0 0 0 0 0 0 0 0 0 0 0 0 0 0 0 0 0 0 0 0 0 0 0 0 0 0 0 0 0 0 0 0 0 0 0 0 0 0 0 0 0 0 0
237 1063 742 788 1337 0 0 587 188 133 247 185 150 159 0 0 113 0 911 301 0 0 0 0 125 0 0 0 0 0 292 0 198 0 0 534 0 0 0 0 0 0 0 0 0 0 0 91 0 0 168 0 0 0 130 0 0 0 0 123 0 0 0 0 0 0 0 0 0 0 0 0 0 0 0 0 0 0 0 151 0 0 0 0 0 0 0 0 0 128 0 0 0 0 0 0 0 0 0 0 0 0 0 0 0 0 0 0 0 0 0 0 0 0 0 0 0 289 0 0 0 0 0 0 0 0 0 0 0 0 0 0 0 0 0 0 0 0 0 0 0 0 0 0
0 214 149 159 269 0 0 118 0 0 0 0 0 0 0 0 0 0 183 0 0 0 0 0 0 0 0 0 0 0 0 0 0 0 0 107 0 0 0 0 0 0 0 0 0 0 0 0 0 0 0 0 0 0 0 0 0 0 0 0 0 0 0 0 0 0 0 0 0 0 0 0 0 0 0 0 0 0 0 0 0 0 0 0 0 0 0 0 0 0 0 0 0 0 0 0 0 0 0 0 0 0 0 0 0 0 0 0 0 0 0 0 0 0 0 0 0 0 0 0 0 0 0 0 0 0 0 0 0 0 0 0 0 0 0 0 0 0 0 0 0 0 0 0
0 0 0 0 108 0 0 0 0 0 0 0 0 0 0 0 0 0 0 0 0 0 0 0 0 0 0 0 0 0 0 0 0 0 0 0 0 0 0 0 0 0 0 0 0 0 0 0 0 0 0 0 0 0 0 0 0 0 0 0 0 0 0 0 0 0 0 0 0 0 0 0 0 0 0 0 0 0 0 0 0 0 0 0 0 0 0 0 0 0 0 0 0 0 0 0 0 0 0 0 0 0 0 0 0 0 0 0 0 0 0 0 0 0 0 0 0 0 0 0 0 0 0 0 0 0 0 0 0 0 0 0 0 0 0 0 0 0 0 0 0 0 0 0
97 437 305 324 550 0 0 241 0 0 101 0 0 0 0 0 0 0 374 123 0 0 0 0 0 0 0 0 0 0 120 0 0 0 0 220 0 0 0 0 0 0 0 0 0 0 0 0 0 0 0 0 0 0 0 0 0 0 0 0 0 0 0 0 0 0 0 0 0 0 0 0 0 0 0 0 0 0 0 0 0 0 0 0 0 0 0 0 0 0 0 0 0 0 0 0 0 0 0 0 0 0 0 0 0 0 0 0 0 0 0 0 0 0 0 0 0 119 0 0 0 0 0 0 0 0 0 0 0 0 0 0 0 0 0 0 0 0 0 0 0 0 0 0
255 1144 798 848 1438 0 0 631 202 143 266 199 161 171 0 0 122 0 980 324 0 0 0 0 134 0 0 0 0 0 315 0 213 0 0 575 0 0 0 0 0 0 0 0 0 0 0 98 0 0 181 0 0 0 140 0 0 0 0 132 0 0 0 0 0 0 0 0 0 0 0 0 0 0 0 0 0 0 0 162 0 0 0 0 0 0 0 0 0 137 0 0 0 0 0 0 0 0 0 0 0 0 0 0 0 0 0 0 0 0 0 0 0 0 0 0 0 311 0 0 0 0 0 0 0 0 0 0 0 0 0 0 0 0 0 0 0 0 0 0 0 0 0 0
96 431 300 319 542 0 0 237 0 0 100 0 0 0 0 0 0 0 369 122 0 0 0 0 0 0 0 0 0 0 118 0 0 0 0 216 0 0 0 0 0 0 0 0 0 0 0 0 0 0 0 0 0 0 0 0 0 0 0 0 0 0 0 0 0 0 0 0 0 0 0 0 0 0 0 0 0 0 0 0 0 0 0 0 0 0 0 0 0 0 0 0 0 0 0 0 0 0 0 0 0 0 0 0 0 0 0 0 0 0 0 0 0 0 0 0 0 117 0 0 0 0 0 0 0 0 0 0 0 0 0 0 0 0 0 0 0 0 0 0 0 0 0 0
0 374 261 277 471 0 0 206 0 0 87 0 0 0 0 0 0 0 321 106 0 0 0 0 0 0 0 0 0 0 103 0 0 0 0 188 0 0 0 0 0 0 0 0 0 0 0 0 0 0 0 0 0 0 0 0 0 0 0 0 0 0 0 0 0 0 0 0 0 0 0 0 0 0 0 0 0 0 0 0 0 0 0 0 0 0 0 0 0 0 0 0 0 0 0 0 0 0 0 0 0 0 0 0 0 0 0 0 0 0 0 0 0 0 0 0 0 101 0 0 0 0 0 0 0 0 0 0 0 0 0 0 0 0 0 0 0 0 0 0 0 0 0 0
106 475 332 352 598 0 0 262 0 0 110 0 0 0 0 0 0 0 407 134 0 0 0 0 0 0 0 0 0 0 131 0 88 0 0 239 0 0 0 0 0 0 0 0 0 0 0 0 0 0 0 0 0 0 0 0 0 0 0 0 0 0 0 0 0 0 0 0 0 0 0 0 0 0 0 0 0 0 0 0 0 0 0 0 0 0 0 0 0 0 0 0 0 0 0 0 0 0 0 0 0 0 0 0 0 0 0 0 0 0 0 0 0 0 0 0 0 129 0 0 0 0 0 0 0 0 0 0 0 0 0 0 0 0 0 0 0 0 0 0 0 0 0 0
0 299 208 221 376 0 0 165 0 0 0 0 0 0 0 0 0 0 256 0 0 0 0 0 0 0 0 0 0 0 0 0 0 0 0 150 0 0 0 0 0 0 0 0 0 0 0 0 0 0 0 0 0 0 0 0 0 0 0 0 0 0 0 0 0 0 0 0 0 0 0 0 0 0 0 0 0 0 0 0 0 0 0 0 0 0 0 0 0 0 0 0 0 0 0 0 0 0 0 0 0 0 0 0 0 0 0 0 0 0 0 0 0 0 0 0 0 0 0 0 0 0 0 0 0 0 0 0 0 0 0 0 0 0 0 0 0 0 0 0 0 0 0 0
289 1297 906 962 1632 95 93 716 229 162 302 226 183 194 0 98 138 0 1112 367 0 0 95 0 152 0 90 0 0 90 357 0 241 0 0 652 0 0 0 0 95 0 0 0 0 0 0 111 0 0 205 90 0 0 159 0 0 0 0 150 0 0 0 0 0 0 0 0 0 0 0 0 0 0 0 0 0 0 0 184 0 0 0 0 0 0 0 0 0 156 0 0 0 0 0 0 0 0 0 0 0 0 0 0 0 0 0 0 0 0 0 0 0 0 0 0 0 353 0 0 0 0 0 0 0 0 96 0 0 0 0 0 0 0 0 0 0 0 0 0 0 0 0 0
0 0 0 0 0 0 0 0 0 0 0 0 0 0 0 0 0 0 0 0 0 0 0 0 0 0 0 0 0 0 0 0 0 0 0 0 0 0 0 0 0 0 0 0 0 0 0 0 0 0 0 0 0 0 0 0 0 0 0 0 0 0 0 0 0 0 0 0 0 0 0 0 0 0 0 0 0 0 0 0 0 0 0 0 0 0 0 0 0 0 0 0 0 0 0 0 0 0 0 0 0 0 0 0 0 0 0 0 0 0 0 0 0 0 0 0 0 0 0 0 0 0 0 0 0 0 0 0 0 0 0 0 0 0 0 0 0 0 0 0 0 0 0 0
0 0 0 0 91 0 0 0 0 0 0 0 0 0 0 0 0 0 0 0 0 0 0 0 0 0 0 0 0 0 0 0 0 0 0 0 0 0 0 0 0 0 0 0 0 0 0 0 0 0 0 0 0 0 0 0 0 0 0 0 0 0 0 0 0 0 0 0 0 0 0 0 0 0 0 0 0 0 0 0 0 0 0 0 0 0 0 0 0 0 0 0 0 0 0 0 0 0 0 0 0 0 0 0 0 0 0 0 0 0 0 0 0 0 0 0 0 0 0 0 0 0 0 0 0 0 0 0 0 0 0 0 0 0 0 0 0 0 0 0 0 0 0 0
267 1197 836 888 1506 87 0 661 212 150 278 208 169 179 0 90 128 0 1026 339 0 0 88 0 141 0 0 0 0 0 329 0 223 0 0 602 0 0 0 0 88 0 0 0 0 0 0 103 0 0 189 0 0 0 147 0 0 0 0 138 0 0 0 0 0 0 0 0 0 0 0 0 0 0 0 0 0 0 0 170 0 0 0 0 0 0 0 0 0 144 0 0 0 0 0 0 0 0 0 0 0 0 0 0 0 0 0 0 0 0 0 0 0 0 0 0 0 325 0 0 0 0 0 0 0 0 89 0 0 0 0 0 0 0 0 0 0 0 0 0 0 0 0 0
0 0 0 0 0 0 0 0 0 0 0 0 0 0 0 0 0 0 0 0 0 0 0 0 0 0 0 0 0 0 0 0 0 0 0 0 0 0 0 0 0 0 0 0 0 0 0 0 0 0 0 0 0 0 0 0 0 0 0 0 0 0 0 0 0 0 0 0 0 0 0 0 0 0 0 0 0 0 0 0 0 0 0 0 0 0 0 0 0 0 0 0 0 0 0 0 0 0 0 0 0 0 0 0 0 0 0 0 0 0 0 0 0 0 0 0 0 0 0 0 0 0 0 0 0 0 0 0 0 0 0 0 0 0 0 0 0 0 0 0 0 0 0 0
0 0 0 0 0 0 0 0 0 0 0 0 0 0 0 0 0 0 0 0 0 0 0 0 0 0 0 0 0 0 0 0 0 0 0 0 0 0 0 0 0 0 0 0 0 0 0 0 0 0 0 0 0 0 0 0 0 0 0 0 0 0 0 0 0 0 0 0 0 0 0 0 0 0 0 0 0 0 0 0 0 0 0 0 0 0 0 0 0 0 0 0 0 0 0 0 0 0 0 0 0 0 0 0 0 0 0 0 0 0 0 0 0 0 0 0 0 0 0 0 0 0 0 0 0 0 0 0 0 0 0 0 0 0 0 0 0 0 0 0 0 0 0 0
310 1393 973 1033 1752 102 100 769 246 174 324 243 197 209 0 105 148 0 1194 394 0 0 102 0 164 0 97 0 0 96 383 0 259 0 0 700 0 0 0 0 102 0 0 0 0 0 0 119 0 0 220 96 0 0 171 0 0 0 0 161 0 0 0 0 0 0 0 0 0 0 0 0 0 0 0 0 0 0 0 198 0 0 0 0 0 0 0 0 0 167 0 0 0 93 0 0 0 0 0 0 0 0 0 0 0 0 0 0 0 0 0 0 0 0 0 0 0 379 0 0 0 0 0 0 0 0 104 0 0 0 0 0 0 0 0 0 0 0 0 0 0 0 0 0
0 104 0 0 131 0 0 0 0 0 0 0 0 0 0 0 0 0 89 0 0 0 0 0 0 0 0 0 0 0 0 0 0 0 0 0 0 0 0 0 0 0 0 0 0 0 0 0 0 0 0 0 0 0 0 0 0 0 0 0 0 0 0 0 0 0 0 0 0 0 0 0 0 0 0 0 0 0 0 0 0 0 0 0 0 0 0 0 0 0 0 0 0 0 0 0 0 0 0 0 0 0 0 0 0 0 0 0 0 0 0 0 0 0 0 0 0 0 0 0 0 0 0 0 0 0 0 0 0 0 0 0 0 0 0 0 0 0 0 0 0 0 0 0
0 89 0 0 112 0 0 0 0 0 0 0 0 0 0 0 0 0 0 0 0 0 0 0 0 0 0 0 0 0 0 0 0 0 0 0 0 0 0 0 0 0 0 0 0 0 0 0 0 0 0 0 0 0 0 0 0 0 0 0 0 0 0 0 0 0 0 0 0 0 0 0 0 0 0 0 0 0 0 0 0 0 0 0 0 0 0 0 0 0 0 0 0 0 0 0 0 0 0 0 0 0 0 0 0 0 0 0 0 0 0 0 0 0 0 0 0 0 0 0 0 0 0 0 0 0 0 0 0 0 0 0 0 0 0 0 0 0 0 0 0 0 0 0
584 2623 1832 1945 3299 192 189 1448 464 328 610 457 371 393 142 198 280 0 2247 743 0 135 193 0 308 0 182 0 0 181 722 114 488 0 95 1319 0 0 0 109 192 139 0 0 0 0 0 225 0 0 415 182 0 0 322 0 0 0 0 304 0 0 0 0 0 0 0 0 0 0 0 0 0 0 0 0 0 0 0 373 0 0 98 0 0 0 0 0 0 316 0 0 0 175 129 0 0 0 0 89 0 0 0 0 0 0 100 0 0 0 0 0 0 0 0 0 0 0 0 0 0 0 0 0 0 0 195 0 122 0 0 0 0 0 0 0 0 0 0 0 0 0 0 0
0 0 0 0 0 0 0 0 0 0 0 0 0 0 0 0 0 0 0 0 0 0 0 0 0 0 0 0 0 0 0 0 0 0 0 0 0 0 0 0 0 0 0 0 0 0 0 0 0 0 0 0 0 0 0 0 0 0 0 0 0 0 0 0 0 0 0 0 0 0 0 0 0 0 0 0 0 0 0 0 0 0 0 0 0 0 0 0 0 0 0 0 0 0 0 0 0 0 0 0 0 0 0 0 0 0 0 0 0 0 0 0 0 0 0 0 0 0 0 0 0 0 0 0 0 0 0 0 0 0 0 0 0 0 0 0 0 0 0 0 0 0 0 0
0 150 105 111 189 0 0 0 0 0 0 0 0 0 0 0 0 0 128 0 0 0 0 0 0 0 0 0 0 0 0 0 0 0 0 0 0 0 0 0 0 0 0 0 0 0 0 0 0 0 0 0 0 0 0 0 0 0 0 0 0 0 0 0 0 0 0 0 0 0 0 0 0 0 0 0 0 0 0 0 0 0 0 0 0 0 0 0 0 0 0 0 0 0 0 0 0 0 0 0 0 0 0 0 0 0 0 0 0 0 0 0 0 0 0 0 0 0 0 0 0 0 0 0 0 0 0 0 0 0 0 0 0 0 0 0 0 0 0 0 0 0 0 0
0 124 0 92 156 0 0 0 0 0 0 0 0 0 0 0 0 0 106 0 0 0 0 0 0 0 0 0 0 0 0 0 0 0 0 0 0 0 0 0 0 0 0 0 0 0 0 0 0 0 0 0 0 0 0 0 0 0 0 0 0 0 0 0 0 0 0 0 0 0 0 0 0 0 0 0 0 0 0 0 0 0 0 0 0 0 0 0 0 0 0 0 0 0 0 0 0 0 0 0 0 0 0 0 0 0 0 0 0 0 0 0 0 0 0 0 0 0 0 0 0 0 0 0 0 0 0 0 0 0 0 0 0 0 0 0 0 0 0 0 0 0 0 0
0 0 0 0 0 0 0 0 0 0 0 0 0 0 0 0 0 0 0 0 0 0 0 0 0 0 0 0 0 0 0 0 0 0 0 0 0 0 0 0 0 0 0 0 0 0 0 0 0 0 0 0 0 0 0 0 0 0 0 0 0 0 0 0 0 0 0 0 0 0 0 0 0 0 0 0 0 0 0 0 0 0 0 0 0 0 0 0 0 0 0 0 0 0 0 0 0 0 0 0 0 0 0 0 0 0 0 0 0 0 0 0 0 0 0 0 0 0 0 0 0 0 0 0 0 0 0 0 0 0 0 0 0 0 0 0 0 0 0 0 0 0 0 0
0 0 0 0 0 0 0 0 0 0 0 0 0 0 0 0 0 0 0 0 0 0 0 0 0 0 0 0 0 0 0 0 0 0 0 0 0 0 0 0 0 0 0 0 0 0 0 0 0 0 0 0 0 0 0 0 0 0 0 0 0 0 0 0 0 0 0 0 0 0 0 0 0 0 0 0 0 0 0 0 0 0 0 0 0 0 0 0 0 0 0 0 0 0 0 0 0 0 0 0 0 0 0 0 0 0 0 0 0 0 0 0 0 0 0 0 0 0 0 0 0 0 0 0 0 0 0 0 0 0 0 0 0 0 0 0 0 0 0 0 0 0 0 0
0 134 93 99 168 0 0 0 0 0 0 0 0 0 0 0 0 0 114 0 0 0 0 0 0 0 0 0 0 0 0 0 0 0 0 0 0 0 0 0 0 0 0 0 0 0 0 0 0 0 0 0 0 0 0 0 0 0 0 0 0 0 0 0 0 0 0 0 0 0 0 0 0 0 0 0 0 0 0 0 0 0 0 0 0 0 0 0 0 0 0 0 0 0 0 0 0 0 0 0 0 0 0 0 0 0 0 0 0 0 0 0 0 0 0 0 0 0 0 0 0 0 0 0 0 0 0 0 0 0 0 0 0 0 0 0 0 0 0 0 0 0 0 0
0 0 0 0 0 0 0 0 0 0 0 0 0 0 0 0 0 0 0 0 0 0 0 0 0 0 0 0 0 0 0 0 0 0 0 0 0 0 0 0 0 0 0 0 0 0 0 0 0 0 0 0 0 0 0 0 0 0 0 0 0 0 0 0 0 0 0 0 0 0 0 0 0 0 0 0 0 0 0 0 0 0 0 0 0 0 0 0 0 0 0 0 0 0 0 0 0 0 0 0 0 0 0 0 0 0 0 0 0 0 0 0 0 0 0 0 0 0 0 0 0 0 0 0 0 0 0 0 0 0 0 0 0 0 0 0 0 0 0 0 0 0 0 0
0 336 234 249 422 0 0 185 0 0 0 0 0 0 0 0 0 0 287 95 0 0 0 0 0 0 0 0 0 0 92 0 0 0 0 169 0 0 0 0 0 0 0 0 0 0 0 0 0 0 0 0 0 0 0 0 0 0 0 0 0 0 0 0 0 0 0 0 0 0 0 0 0 0 0 0 0 0 0 0 0 0 0 0 0 0 0 0 0 0 0 0 0 0 0 0 0 0 0 0 0 0 0 0 0 0 0 0 0 0 0 0 0 0 0 0 0 91 0 0 0 0 0 0 0 0 0 0 0 0 0 0 0 0 0 0 0 0 0 0 0 0 0 0
660 2960 2067 2195 3723 217 213 1634 524 371 689 516 418 444 160 223 316 0 2536 838 0 153 218 0 348 0 206 0 0 205 815 129 551 95 107 1489 0 0 0 123 217 157 0 0 0 0 0 254 0 0 469 205 0 0 364 0 0 0 0 343 0 0 0 0 0 0 0 0 0 0 0 0 0 0 0 0 0 90 0 421 0 0 111 0 0 0 0 0 0 356 0 0 0 197 146 0 0 0 0 101 0 0 0 0 0 0 113 0 0 0 0 0 0 0 0 0 0 805 0 0 0 0 0 0 0 0 0 0 138 0 0 0 0 0 0 0 0 0 0 0 0 0 0 0
0 0 0 0 0 0 0 0 0 0 0 0 0 0 0 0 0 0 0 0 0 0 0 0 0 0 0 0 0 0 0 0 0 0 0 0 0 0 0 0 0 0 0 0 0 0 0 0 0 0 0 0 0 0 0 0 0 0 0 0 0 0 0 0 0 0 0 0 0 0 0 0 0 0 0 0 0 0 0 0 0 0 0 0 0 0 0 0 0 0 0 0 0 0 0 0 0 0 0 0 0 0 0 0 0 0 0 0 0 0 0 0 0 0 0 0 0 0 0 0 0 0 0 0 0 0 0 0 0 0 0 0 0 0 0 0 0 0 0 0 0 0 0 0
231 1038 725 769 1305 0 0 573 183 130 241 181 146 155 0 0 111 0 889 294 0 0 0 0 122 0 0 0 0 0 286 0 193 0 0 522 0 0 0 0 0 0 0 0 0 0 0 89 0 0 164 0 0 0 127 0 0 0 0 120 0 0 0 0 0 0 0 0 0 0 0 0 0 0 0 0 0 0 0 147 0 0 0 0 0 0 0 0 0 125 0 0 0 0 0 0 0 0 0 0 0 0 0 0 0 0 0 0 0 0 0 0 0 0 0 0 0 282 0 0 0 0 0 0 0 0 0 0 0 0 0 0 0 0 0 0 0 0 0 0 0 0 0 0
0 0 0 0 0 0 0 0 0 0 0 0 0 0 0 0 0 0 0 0 0 0 0 0 0 0 0 0 0 0 0 0 0 0 0 0 0 0 0 0 0 0 0 0 0 0 0 0 0 0 0 0 0 0 0 0 0 0 0 0 0 0 0 0 0 0 0 0 0 0 0 0 0 0 0 0 0 0 0 0 0 0 0 0 0 0 0 0 0 0 0 0 0 0 0 0 0 0 0 0 0 0 0 0 0 0 0 0 0 0 0 0 0 0 0 0 0 0 0 0 0 0 0 0 0 0 0 0 0 0 0 0 0 0 0 0 0 0 0 0 0 0 0 0
0 0 0 0 0 0 0 0 0 0 0 0 0 0 0 0 0 0 0 0 0 0 0 0 0 0 0 0 0 0 0 0 0 0 0 0 0 0 0 0 0 0 0 0 0 0 0 0 0 0 0 0 0 0 0 0 0 0 0 0 0 0 0 0 0 0 0 0 0 0 0 0 0 0 0 0 0 0 0 0 0 0 0 0 0 0 0 0 0 0 0 0 0 0 0 0 0 0 0 0 0 0 0 0 0 0 0 0 0 0 0 0 0 0 0 0 0 0 0 0 0 0 0 0 0 0 0 0 0 0 0 0 0 0 0 0 0 0 0 0 0 0 0 0
0 0 0 0 0 0 0 0 0 0 0 0 0 0 0 0 0 0 0 0 0 0 0 0 0 0 0 0 0 0 0 0 0 0 0 0 0 0 0 0 0 0 0 0 0 0 0 0 0 0 0 0 0 0 0 0 0 0 0 0 0 0 0 0 0 0 0 0 0 0 0 0 0 0 0 0 0 0 0 0 0 0 0 0 0 0 0 0 0 0 0 0 0 0 0 0 0 0 0 0 0 0 0 0 0 0 0 0 0 0 0 0 0 0 0 0 0 0 0 0 0 0 0 0 0 0 0 0 0 0 0 0 0 0 0 0 0 0 0 0 0 0 0 0
0 0 0 0 0 0 0 0 0 0 0 0 0 0 0 0 0 0 0 0 0 0 0 0 0 0 0 0 0 0 0 0 0 0 0 0 0 0 0 0 0 0 0 0 0 0 0 0 0 0 0 0 0 0 0 0 0 0 0 0 0 0 0 0 0 0 0 0 0 0 0 0 0 0 0 0 0 0 0 0 0 0 0 0 0 0 0 0 0 0 0 0 0 0 0 0 0 0 0 0 0 0 0 0 0 0 0 0 0 0 0 0 0 0 0 0 0 0 0 0 0 0 0 0 0 0 0 0 0 0 0 0 0 0 0 0 0 0 0 0 0 0 0 0
0 0 0 0 0 0 0 0 0 0 0 0 0 0 0 0 0 0 0 0 0 0 0 0 0 0 0 0 0 0 0 0 0 0 0 0 0 0 0 0 0 0 0 0 0 0 0 0 0 0 0 0 0 0 0 0 0 0 0 0 0 0 0 0 0 0 0 0 0 0 0 0 0 0 0 0 0 0 0 0 0 0 0 0 0 0 0 0 0 0 0 0 0 0 0 0 0 0 0 0 0 0 0 0 0 0 0 0 0 0 0 0 0 0 0 0 0 0 0 0 0 0 0 0 0 0 0 0 0 0 0 0 0 0 0 0 0 0 0 0 0 0 0 0
0 0 0 0 0 0 0 0 0 0 0 0 0 0 0 0 0 0 0 0 0 0 0 0 0 0 0 0 0 0 0 0 0 0 0 0 0 0 0 0 0 0 0 0 0 0 0 0 0 0 0 0 0 0 0 0 0 0 0 0 0 0 0 0 0 0 0 0 0 0 0 0 0 0 0 0 0 0 0 0 0 0 0 0 0 0 0 0 0 0 0 0 0 0 0 0 0 0 0 0 0 0 0 0 0 0 0 0 0 0 0 0 0 0 0 0 0 0 0 0 0 0 0 0 0 0 0 0 0 0 0 0 0 0 0 0 0 0 0 0 0 0 0 0
0 0 0 0 0 0 0 0 0 0 0 0 0 0 0 0 0 0 0 0 0 0 0 0 0 0 0 0 0 0 0 0 0 0 0 0 0 0 0 0 0 0 0 0 0 0 0 0 0 0 0 0 0 0 0 0 0 0 0 0 0 0 0 0 0 0 0 0 0 0 0 0 0 0 0 0 0 0 0 0 0 0 0 0 0 0 0 0 0 0 0 0 0 0 0 0 0 0 0 0 0 0 0 0 0 0 0 0 0 0 0 0 0 0 0 0 0 0 0 0 0 0 0 0 0 0 0 0 0 0 0 0 0 0 0 0 0 0 0 0 0 0 0 0
0 0 0 0 0 0 0 0 0 0 0 0 0 0 0 0 0 0 0 0 0 0 0 0 0 0 0 0 0 0 0 0 0 0 0 0 0 0 0 0 0 0 0 0 0 0 0 0 0 0 0 0 0 0 0 0 0 0 0 0 0 0 0 0 0 0 0 0 0 0 0 0 0 0 0 0 0 0 0 0 0 0 0 0 0 0 0 0 0 0 0 0 0 0 0 0 0 0 0 0 0 0 0 0 0 0 0 0 0 0 0 0 0 0 0 0 0 0 0 0 0 0 0 0 0 0 0 0 0 0 0 0 0 0 0 0 0 0 0 0 0 0 0 0
0 0 0 0 0 0 0 0 0 0 0 0 0 0 0 0 0 0 0 0 0 0 0 0 0 0 0 0 0 0 0 0 0 0 0 0 0 0 0 0 0 0 0 0 0 0 0 0 0 0 0 0 0 0 0 0 0 0 0 0 0 0 0 0 0 0 0 0 0 0 0 0 0 0 0 0 0 0 0 0 0 0 0 0 0 0 0 0 0 0 0 0 0 0 0 0 0 0 0 0 0 0 0 0 0 0 0 0 0 0 0 0 0 0 0 0 0 0 0 0 0 0 0 0 0 0 0 0 0 0 0 0 0 0 0 0 0 0 0 0 0 0 0 0
0 265 185 196 333 0 0 146 0 0 0 0 0 0 0 0 0 0 227 0 0 0 0 0 0 0 0 0 0 0 0 0 0 0 0 133 0 0 0 0 0 0 0 0 0 0 0 0 0 0 0 0 0 0 0 0 0 0 0 0 0 0 0 0 0 0 0 0 0 0 0 0 0 0 0 0 0 0 0 0 0 0 0 0 0 0 0 0 0 0 0 0 0 0 0 0 0 0 0 0 0 0 0 0 0 0 0 0 0 0 0 0 0 0 0 0 0 0 0 0 0 0 0 0 0 0 0 0 0 0 0 0 0 0 0 0 0 0 0 0 0 0 0 0
0 0 0 0 0 0 0 0 0 0 0 0 0 0 0 0 0 0 0 0 0 0 0 0 0 0 0 0 0 0 0 0 0 0 0 0 0 0 0 0 0 0 0 0 0 0 0 0 0 0 0 0 0 0 0 0 0 0 0 0 0 0 0 0 0 0 0 0 0 0 0 0 0 0 0 0 0 0 0 0 0 0 0 0 0 0 0 0 0 0 0 0 0 0 0 0 0 0 0 0 0 0 0 0 0 0 0 0 0 0 0 0 0 0 0 0 0 0 0 0 0 0 0 0 0 0 0 0 0 0 0 0 0 0 0 0 0 0 0 0 0 0 0 0
0 0 0 0 0 0 0 0 0 0 0 0 0 0 0 0 0 0 0 0 0 0 0 0 0 0 0 0 0 0 0 0 0 0 0 0 0 0 0 0 0 0 0 0 0 0 0 0 0 0 0 0 0 0 0 0 0 0 0 0 0 0 0 0 0 0 0 0 0 0 0 0 0 0 0 0 0 0 0 0 0 0 0 0 0 0 0 0 0 0 0 0 0 0 0 0 0 0 0 0 0 0 0 0 0 0 0 0 0 0 0 0 0 0 0 0 0 0 0 0 0 0 0 0 0 0 0 0 0 0 0 0 0 0 0 0 0 0 0 0 0 0 0 0
0 0 0 0 0 0 0 0 0 0 0 0 0 0 0 0 0 0 0 0 0 0 0 0 0 0 0 0 0 0 0 0 0 0 0 0 0 0 0 0 0 0 0 0 0 0 0 0 0 0 0 0 0 0 0 0 0 0 0 0 0 0 0 0 0 0 0 0 0 0 0 0 0 0 0 0 0 0 0 0 0 0 0 0 0 0 0 0 0 0 0 0 0 0 0 0 0 0 0 0 0 0 0 0 0 0 0 0 0 0 0 0 0 0 0 0 0 0 0 0 0 0 0 0 0 0 0 0 0 0 0 0 0 0 0 0 0 0 0 0 0 0 0 0
0 0 0 0 0 0 0 0 0 0 0 0 0 0 0 0 0 0 0 0 0 0 0 0 0 0 0 0 0 0 0 0 0 0 0 0 0 0 0 0 0 0 0 0 0 0 0 0 0 0 0 0 0 0 0 0 0 0 0 0 0 0 0 0 0 0 0 0 0 0 0 0 0 0 0 0 0 0 0 0 0 0 0 0 0 0 0 0 0 0 0 0 0 0 0 0 0 0 0 0 0 0 0 0 0 0 0 0 0 0 0 0 0 0 0 0 0 0 0 0 0 0 0 0 0 0 0 0 0 0 0 0 0 0 0 0 0 0 0 0 0 0 0 0
0 0 0 0 0 0 0 0 0 0 0 0 0 0 0 0 0 0 0 0 0 0 0 0 0 0 0 0 0 0 0 0 0 0 0 0 0 0 0 0 0 0 0 0 0 0 0 0 0 0 0 0 0 0 0 0 0 0 0 0 0 0 0 0 0 0 0 0 0 0 0 0 0 0 0 0 0 0 0 0 0 0 0 0 0 0 0 0 0 0 0 0 0 0 0 0 0 0 0 0 0 0 0 0 0 0 0 0 0 0 0 0 0 0 0 0 0 0 0 0 0 0 0 0 0 0 0 0 0 0 0 0 0 0 0 0 0 0 0 0 0 0 0 0
