C:\Users\DELL-USER02\.conda\envs\torch2.0\python.exe C:\Users\DELL-USER02\PycharmProjects\pythonProject1\Foreigh\main.py
alpha ={},beta={} 0.5 0.8
*************************************
epoch: 1
破产银行集合 [15 17 19 21 22 23 25 28 30 32 34 35 36 37 38 40 41 46 47 49 50 51 53 54
 57 59 60 61 64 66 69 71 73 76 78 83 84]
破产银行数 37
净资产 1669380793.0
正常的银行集合 [ 0  1  2  3  4  5  6  7  8  9 10 11 12 13 14 16 18 20 24 26 27 29 31 33
 39 42 43 44 45 48 52 55 56 58 62 63 65 67 68 70 72 74 75 77 79 80 81 82
 85]
总流动性 1587440744.2928195
*************************************
epoch: 2
破产银行集合 [15 17 19 21 22 23 25 28 30 32 34 35 36 37 38 40 41 46 47 49 50 51 53 54
 57 59 60 61 64 66 69 71 73 76 78 83 84]
破产银行数 37
净资产 1484832404.2928197
正常的银行集合 [ 0  1  2  3  4  5  6  7  8  9 10 11 12 13 14 16 18 20 24 26 27 29 31 33
 39 42 43 44 45 48 52 55 56 58 62 63 65 67 68 70 72 74 75 77 79 80 81 82
 85]
总流动性 1582894969.858275
*************************************
epoch: 3
破产银行集合 [15 17 19 21 22 23 25 28 30 32 34 35 36 37 38 40 41 46 47 49 50 51 53 54
 57 59 60 61 64 66 69 71 73 76 78 83 84]
破产银行数 37
净资产 1479190674.6722577
正常的银行集合 [ 0  1  2  3  4  5  6  7  8  9 10 11 12 13 14 16 18 20 24 26 27 29 31 33
 39 42 43 44 45 48 52 55 56 58 62 63 65 67 68 70 72 74 75 77 79 80 81 82
 85]
总流动性 1576295561.4824069
*************************************
epoch: 4
破产银行集合 [15 17 19 21 22 23 25 28 30 32 34 35 36 37 38 40 41 46 47 49 50 51 53 54
 57 59 60 61 64 66 69 71 73 76 78 83 84]
破产银行数 37
净资产 1472018626.2493422
正常的银行集合 [ 0  1  2  3  4  5  6  7  8  9 10 11 12 13 14 16 18 20 24 26 27 29 31 33
 39 42 43 44 45 48 52 55 56 58 62 63 65 67 68 70 72 74 75 77 79 80 81 82
 85]
总流动性 1572495051.815581
*************************************
epoch: 5
破产银行集合 [15 17 19 21 22 23 25 28 30 32 34 35 36 37 38 40 41 46 47 49 50 51 53 54
 57 59 60 61 64 66 69 71 73 76 78 83 84]
破产银行数 37
净资产 1467954326.2112112
正常的银行集合 [ 0  1  2  3  4  5  6  7  8  9 10 11 12 13 14 16 18 20 24 26 27 29 31 33
 39 42 43 44 45 48 52 55 56 58 62 63 65 67 68 70 72 74 75 77 79 80 81 82
 85]
总流动性 1569958883.3872244
*************************************
epoch: 6
破产银行集合 [15 17 19 21 22 23 25 28 30 32 34 35 36 37 38 40 41 46 47 49 50 51 53 54
 57 59 60 61 64 66 69 71 73 76 78 83 84]
破产银行数 37
净资产 1465306789.660471
正常的银行集合 [ 0  1  2  3  4  5  6  7  8  9 10 11 12 13 14 16 18 20 24 26 27 29 31 33
 39 42 43 44 45 48 52 55 56 58 62 63 65 67 68 70 72 74 75 77 79 80 81 82
 85]
总流动性 1565101268.6239188
*************************************
epoch: 7
破产银行集合 [15 17 19 21 22 23 25 28 30 32 34 35 36 37 38 40 41 46 47 49 50 51 53 54
 57 59 60 61 64 66 69 71 73 76 78 83 84]
破产银行数 37
净资产 1460403954.261998
正常的银行集合 [ 0  1  2  3  4  5  6  7  8  9 10 11 12 13 14 16 18 20 24 26 27 29 31 33
 39 42 43 44 45 48 52 55 56 58 62 63 65 67 68 70 72 74 75 77 79 80 81 82
 85]
总流动性 1559886642.2006147
*************************************
epoch: 8
破产银行集合 [15 17 19 21 22 23 25 28 30 32 34 35 36 37 38 40 41 46 47 49 50 51 53 54
 57 59 60 61 64 66 69 71 73 76 78 83 84]
破产银行数 37
净资产 1455171677.9031096
正常的银行集合 [ 0  1  2  3  4  5  6  7  8  9 10 11 12 13 14 16 18 20 24 26 27 29 31 33
 39 42 43 44 45 48 52 55 56 58 62 63 65 67 68 70 72 74 75 77 79 80 81 82
 85]
总流动性 1561686938.4171538
*************************************
epoch: 9
破产银行集合 [15 17 19 21 22 23 25 28 30 32 34 35 36 37 38 40 41 46 47 49 50 51 53 54
 57 59 60 61 64 66 69 71 73 76 78 83 84]
破产银行数 37
净资产 1456966063.8564584
正常的银行集合 [ 0  1  2  3  4  5  6  7  8  9 10 11 12 13 14 16 18 20 24 26 27 29 31 33
 39 42 43 44 45 48 52 55 56 58 62 63 65 67 68 70 72 74 75 77 79 80 81 82
 85]
总流动性 1559584225.6749697
*************************************
epoch: 10
破产银行集合 [15 17 19 21 22 23 25 28 30 32 34 35 36 37 38 40 41 46 47 49 50 51 53 54
 57 59 60 61 64 66 69 71 73 76 78 83 84]
破产银行数 37
净资产 1454861519.6096168
正常的银行集合 [ 0  1  2  3  4  5  6  7  8  9 10 11 12 13 14 16 18 20 24 26 27 29 31 33
 39 42 43 44 45 48 52 55 56 58 62 63 65 67 68 70 72 74 75 77 79 80 81 82
 85]
总流动性 1558017860.0243897
*************************************
epoch: 11
破产银行集合 [15 17 19 21 22 23 25 28 30 32 34 35 36 37 38 40 41 46 47 49 50 51 53 54
 57 59 60 61 64 66 69 71 73 76 78 83 84]
破产银行数 37
净资产 1453294602.6329048
正常的银行集合 [ 0  1  2  3  4  5  6  7  8  9 10 11 12 13 14 16 18 20 24 26 27 29 31 33
 39 42 43 44 45 48 52 55 56 58 62 63 65 67 68 70 72 74 75 77 79 80 81 82
 85]
总流动性 1555507276.938195
*************************************
epoch: 12
破产银行集合 [15 17 19 21 22 23 25 28 30 32 34 35 36 37 38 40 41 46 47 49 50 51 53 54
 57 59 60 61 64 66 69 71 73 76 78 83 84]
破产银行数 37
净资产 1450783861.791193
正常的银行集合 [ 0  1  2  3  4  5  6  7  8  9 10 11 12 13 14 16 18 20 24 26 27 29 31 33
 39 42 43 44 45 48 52 55 56 58 62 63 65 67 68 70 72 74 75 77 79 80 81 82
 85]
总流动性 1552889049.8239498
*************************************
epoch: 13
破产银行集合 [15 17 19 21 22 23 25 28 30 32 34 35 36 37 38 40 41 46 47 49 50 51 53 54
 57 59 60 61 64 66 69 71 73 76 78 83 84]
破产银行数 37
净资产 1448165596.574029
正常的银行集合 [ 0  1  2  3  4  5  6  7  8  9 10 11 12 13 14 16 18 20 24 26 27 29 31 33
 39 42 43 44 45 48 52 55 56 58 62 63 65 67 68 70 72 74 75 77 79 80 81 82
 85]
总流动性 1548936943.1228402
*************************************
epoch: 14
破产银行集合 [15 17 19 21 22 23 25 28 30 32 34 35 36 37 38 40 41 46 47 49 50 51 53 54
 57 59 60 61 64 66 69 71 73 76 78 83 84]
破产银行数 37
净资产 1444213481.248347
正常的银行集合 [ 0  1  2  3  4  5  6  7  8  9 10 11 12 13 14 16 18 20 24 26 27 29 31 33
 39 42 43 44 45 48 52 55 56 58 62 63 65 67 68 70 72 74 75 77 79 80 81 82
 85]
总流动性 1544724724.2174318
*************************************
epoch: 15
破产银行集合 [15 17 19 21 22 23 25 28 30 32 34 35 36 37 38 40 41 46 47 49 50 51 53 54
 57 59 60 61 64 66 69 71 73 76 78 83 84]
破产银行数 37
净资产 1440001260.6276562
正常的银行集合 [ 0  1  2  3  4  5  6  7  8  9 10 11 12 13 14 16 18 20 24 26 27 29 31 33
 39 42 43 44 45 48 52 55 56 58 62 63 65 67 68 70 72 74 75 77 79 80 81 82
 85]
总流动性 1543872578.531142
*************************************
epoch: 16
破产银行集合 [15 17 19 21 22 23 25 28 30 32 34 35 36 37 38 40 41 46 47 49 50 51 53 54
 57 59 60 61 64 66 69 71 73 76 78 83 84]
破产银行数 37
净资产 1439149114.6032968
正常的银行集合 [ 0  1  2  3  4  5  6  7  8  9 10 11 12 13 14 16 18 20 24 26 27 29 31 33
 39 42 43 44 45 48 52 55 56 58 62 63 65 67 68 70 72 74 75 77 79 80 81 82
 85]
总流动性 1542028701.1889315
*************************************
epoch: 17
破产银行集合 [15 17 19 21 22 23 25 28 30 32 34 35 36 37 38 40 41 46 47 49 50 51 53 54
 57 59 60 61 64 66 69 71 73 76 78 83 84]
破产银行数 37
净资产 1437305237.2003307
正常的银行集合 [ 0  1  2  3  4  5  6  7  8  9 10 11 12 13 14 16 18 20 24 26 27 29 31 33
 39 42 43 44 45 48 52 55 56 58 62 63 65 67 68 70 72 74 75 77 79 80 81 82
 85]
总流动性 1541307789.0957575
*************************************
epoch: 18
破产银行集合 [15 17 19 21 22 23 25 28 30 32 34 35 36 37 38 40 41 46 47 49 50 51 53 54
 57 59 60 61 64 66 69 71 73 76 78 83 84]
破产银行数 37
净资产 1436584325.09747
正常的银行集合 [ 0  1  2  3  4  5  6  7  8  9 10 11 12 13 14 16 18 20 24 26 27 29 31 33
 39 42 43 44 45 48 52 55 56 58 62 63 65 67 68 70 72 74 75 77 79 80 81 82
 85]
总流动性 1540076595.538372
*************************************
epoch: 19
破产银行集合 [15 17 19 21 22 23 25 28 30 32 34 35 36 37 38 40 41 46 47 49 50 51 53 54
 57 59 60 61 64 66 69 71 73 76 78 83 84]
破产银行数 37
净资产 1435353131.5386329
正常的银行集合 [ 0  1  2  3  4  5  6  7  8  9 10 11 12 13 14 16 18 20 24 26 27 29 31 33
 39 42 43 44 45 48 52 55 56 58 62 63 65 67 68 70 72 74 75 77 79 80 81 82
 85]
总流动性 1536968821.7308598
*************************************
epoch: 20
破产银行集合 [15 17 19 21 22 23 25 28 30 32 34 35 36 37 38 40 41 46 47 49 50 51 53 54
 57 59 60 61 64 66 69 71 73 76 78 83 84]
破产银行数 37
净资产 1432245357.7308989
正常的银行集合 [ 0  1  2  3  4  5  6  7  8  9 10 11 12 13 14 16 18 20 24 26 27 29 31 33
 39 42 43 44 45 48 52 55 56 58 62 63 65 67 68 70 72 74 75 77 79 80 81 82
 85]
总流动性 1535548221.7825072
*************************************
epoch: 21
破产银行集合 [15 17 19 21 22 23 25 28 30 32 34 35 36 37 38 40 41 46 47 49 50 51 53 54
 57 59 60 61 64 66 69 71 73 76 78 83 84]
破产银行数 37
净资产 1430824757.7825122
正常的银行集合 [ 0  1  2  3  4  5  6  7  8  9 10 11 12 13 14 16 18 20 24 26 27 29 31 33
 39 42 43 44 45 48 52 55 56 58 62 63 65 67 68 70 72 74 75 77 79 80 81 82
 85]
总流动性 1534574244.056958
*************************************
epoch: 22
破产银行集合 [15 17 19 21 22 23 25 28 30 32 34 35 36 37 38 40 41 46 47 49 50 51 53 54
 57 59 60 61 64 66 69 71 73 76 78 83 84]
破产银行数 37
净资产 1429850780.0569587
正常的银行集合 [ 0  1  2  3  4  5  6  7  8  9 10 11 12 13 14 16 18 20 24 26 27 29 31 33
 39 42 43 44 45 48 52 55 56 58 62 63 65 67 68 70 72 74 75 77 79 80 81 82
 85]
总流动性 1532634891.7508454
*************************************
epoch: 23
破产银行集合 [15 17 19 21 22 23 25 28 30 32 34 35 36 37 38 40 41 46 47 49 50 51 53 54
 57 59 60 61 64 66 69 71 73 76 78 83 84]
破产银行数 37
净资产 1427911427.7508454
正常的银行集合 [ 0  1  2  3  4  5  6  7  8  9 10 11 12 13 14 16 18 20 24 26 27 29 31 33
 39 42 43 44 45 48 52 55 56 58 62 63 65 67 68 70 72 74 75 77 79 80 81 82
 85]
总流动性 1531139823.5571883
*************************************
epoch: 24
破产银行集合 [15 17 19 21 22 23 25 28 30 32 34 35 36 37 38 40 41 46 47 49 50 51 53 54
 57 59 60 61 64 66 69 71 73 76 78 83 84]
破产银行数 37
净资产 1426416359.557188
正常的银行集合 [ 0  1  2  3  4  5  6  7  8  9 10 11 12 13 14 16 18 20 24 26 27 29 31 33
 39 42 43 44 45 48 52 55 56 58 62 63 65 67 68 70 72 74 75 77 79 80 81 82
 85]
总流动性 1529691032.6113694
*************************************
epoch: 25
破产银行集合 [15 17 19 21 22 23 25 28 30 32 34 35 36 37 38 40 41 46 47 49 50 51 53 54
 57 59 60 61 64 66 69 71 73 76 78 83 84]
破产银行数 37
净资产 1424967568.6113694
正常的银行集合 [ 0  1  2  3  4  5  6  7  8  9 10 11 12 13 14 16 18 20 24 26 27 29 31 33
 39 42 43 44 45 48 52 55 56 58 62 63 65 67 68 70 72 74 75 77 79 80 81 82
 85]
总流动性 1529010572.524185
*************************************
epoch: 26
破产银行集合 [15 17 19 21 22 23 25 28 30 32 34 35 36 37 38 40 41 46 47 49 50 51 53 54
 57 59 60 61 64 66 69 71 73 76 78 83 84]
破产银行数 37
净资产 1424287108.524185
正常的银行集合 [ 0  1  2  3  4  5  6  7  8  9 10 11 12 13 14 16 18 20 24 26 27 29 31 33
 39 42 43 44 45 48 52 55 56 58 62 63 65 67 68 70 72 74 75 77 79 80 81 82
 85]
总流动性 1527662563.5959525
*************************************
epoch: 27
破产银行集合 [15 17 19 21 22 23 25 28 30 32 34 35 36 37 38 40 41 46 47 49 50 51 53 54
 57 59 60 61 64 66 69 71 73 76 78 83 84]
破产银行数 37
净资产 1422939099.5959525
正常的银行集合 [ 0  1  2  3  4  5  6  7  8  9 10 11 12 13 14 16 18 20 24 26 27 29 31 33
 39 42 43 44 45 48 52 55 56 58 62 63 65 67 68 70 72 74 75 77 79 80 81 82
 85]
总流动性 1526378458.714403
*************************************
epoch: 28
破产银行集合 [15 17 19 21 22 23 25 28 30 32 34 35 36 37 38 40 41 46 47 49 50 51 53 54
 57 59 60 61 64 66 69 71 73 76 78 83 84]
破产银行数 37
净资产 1421654994.7144032
正常的银行集合 [ 0  1  2  3  4  5  6  7  8  9 10 11 12 13 14 16 18 20 24 26 27 29 31 33
 39 42 43 44 45 48 52 55 56 58 62 63 65 67 68 70 72 74 75 77 79 80 81 82
 85]
总流动性 1525526819.6712332
*************************************
epoch: 29
破产银行集合 [15 17 19 21 22 23 25 28 30 32 34 35 36 37 38 40 41 46 47 49 50 51 53 54
 57 59 60 61 64 66 69 71 73 76 78 83 84]
破产银行数 37
净资产 1420803355.6712337
正常的银行集合 [ 0  1  2  3  4  5  6  7  8  9 10 11 12 13 14 16 18 20 24 26 27 29 31 33
 39 42 43 44 45 48 52 55 56 58 62 63 65 67 68 70 72 74 75 77 79 80 81 82
 85]
总流动性 1525075575.8478293
*************************************
epoch: 30
破产银行集合 [15 17 19 21 22 23 25 28 30 32 34 35 36 37 38 40 41 46 47 49 50 51 53 54
 57 59 60 61 64 66 69 71 73 76 78 83 84]
破产银行数 37
净资产 1420352111.8478293
正常的银行集合 [ 0  1  2  3  4  5  6  7  8  9 10 11 12 13 14 16 18 20 24 26 27 29 31 33
 39 42 43 44 45 48 52 55 56 58 62 63 65 67 68 70 72 74 75 77 79 80 81 82
 85]
总流动性 1524562240.0830772
*************************************
epoch: 31
破产银行集合 [15 17 19 21 22 23 25 28 30 32 34 35 36 37 38 40 41 46 47 49 50 51 53 54
 57 59 60 61 64 66 69 71 73 76 78 83 84]
破产银行数 37
净资产 1419838776.083077
正常的银行集合 [ 0  1  2  3  4  5  6  7  8  9 10 11 12 13 14 16 18 20 24 26 27 29 31 33
 39 42 43 44 45 48 52 55 56 58 62 63 65 67 68 70 72 74 75 77 79 80 81 82
 85]
总流动性 1523966773.2369287
*************************************
epoch: 32
破产银行集合 [15 17 19 21 22 23 25 28 30 32 34 35 36 37 38 40 41 46 47 49 50 51 53 54
 57 59 60 61 64 66 69 71 73 76 78 83 84]
破产银行数 37
净资产 1419243309.2369287
正常的银行集合 [ 0  1  2  3  4  5  6  7  8  9 10 11 12 13 14 16 18 20 24 26 27 29 31 33
 39 42 43 44 45 48 52 55 56 58 62 63 65 67 68 70 72 74 75 77 79 80 81 82
 85]
总流动性 1523069670.5023518
*************************************
epoch: 33
破产银行集合 [15 17 19 21 22 23 25 28 30 32 34 35 36 37 38 40 41 46 47 49 50 51 53 54
 57 59 60 61 64 66 69 71 73 76 78 83 84]
破产银行数 37
净资产 1418346206.5023515
正常的银行集合 [ 0  1  2  3  4  5  6  7  8  9 10 11 12 13 14 16 18 20 24 26 27 29 31 33
 39 42 43 44 45 48 52 55 56 58 62 63 65 67 68 70 72 74 75 77 79 80 81 82
 85]
总流动性 1522839836.409805
*************************************
epoch: 34
破产银行集合 [15 17 19 21 22 23 25 28 30 32 34 35 36 37 38 40 41 46 47 49 50 51 53 54
 57 59 60 61 64 66 69 71 73 76 78 83 84]
破产银行数 37
净资产 1418116372.4098053
正常的银行集合 [ 0  1  2  3  4  5  6  7  8  9 10 11 12 13 14 16 18 20 24 26 27 29 31 33
 39 42 43 44 45 48 52 55 56 58 62 63 65 67 68 70 72 74 75 77 79 80 81 82
 85]
总流动性 1522316307.058271
*************************************
epoch: 35
破产银行集合 [15 17 19 21 22 23 25 28 30 32 34 35 36 37 38 40 41 46 47 49 50 51 53 54
 57 59 60 61 64 66 69 71 73 76 78 83 84]
破产银行数 37
净资产 1417592843.0582712
正常的银行集合 [ 0  1  2  3  4  5  6  7  8  9 10 11 12 13 14 16 18 20 24 26 27 29 31 33
 39 42 43 44 45 48 52 55 56 58 62 63 65 67 68 70 72 74 75 77 79 80 81 82
 85]
总流动性 1521907420.4515536
*************************************
epoch: 36
破产银行集合 [15 17 19 21 22 23 25 28 30 32 34 35 36 37 38 40 41 46 47 49 50 51 53 54
 57 59 60 61 64 66 69 71 73 76 78 83 84]
破产银行数 37
净资产 1417183956.4515533
正常的银行集合 [ 0  1  2  3  4  5  6  7  8  9 10 11 12 13 14 16 18 20 24 26 27 29 31 33
 39 42 43 44 45 48 52 55 56 58 62 63 65 67 68 70 72 74 75 77 79 80 81 82
 85]
总流动性 1521172506.82493
*************************************
epoch: 37
破产银行集合 [15 17 19 21 22 23 25 28 30 32 34 35 36 37 38 40 41 46 47 49 50 51 53 54
 57 59 60 61 64 66 69 71 73 76 78 83 84]
破产银行数 37
净资产 1416449042.82493
正常的银行集合 [ 0  1  2  3  4  5  6  7  8  9 10 11 12 13 14 16 18 20 24 26 27 29 31 33
 39 42 43 44 45 48 52 55 56 58 62 63 65 67 68 70 72 74 75 77 79 80 81 82
 85]
总流动性 1520976040.6404526
*************************************
epoch: 38
破产银行集合 [15 17 19 21 22 23 25 28 30 32 34 35 36 37 38 40 41 46 47 49 50 51 53 54
 57 59 60 61 64 66 69 71 73 76 78 83 84]
破产银行数 37
净资产 1416252576.6404529
正常的银行集合 [ 0  1  2  3  4  5  6  7  8  9 10 11 12 13 14 16 18 20 24 26 27 29 31 33
 39 42 43 44 45 48 52 55 56 58 62 63 65 67 68 70 72 74 75 77 79 80 81 82
 85]
总流动性 1520220709.804159
*************************************
epoch: 39
破产银行集合 [15 17 19 21 22 23 25 28 30 32 34 35 36 37 38 40 41 46 47 49 50 51 53 54
 57 59 60 61 64 66 69 71 73 76 78 83 84]
破产银行数 37
净资产 1415497245.804159
正常的银行集合 [ 0  1  2  3  4  5  6  7  8  9 10 11 12 13 14 16 18 20 24 26 27 29 31 33
 39 42 43 44 45 48 52 55 56 58 62 63 65 67 68 70 72 74 75 77 79 80 81 82
 85]
总流动性 1520147805.7550776
*************************************
epoch: 40
破产银行集合 [15 17 19 21 22 23 25 28 30 32 34 35 36 37 38 40 41 46 47 49 50 51 53 54
 57 59 60 61 64 66 69 71 73 76 78 83 84]
破产银行数 37
净资产 1415424341.7550776
正常的银行集合 [ 0  1  2  3  4  5  6  7  8  9 10 11 12 13 14 16 18 20 24 26 27 29 31 33
 39 42 43 44 45 48 52 55 56 58 62 63 65 67 68 70 72 74 75 77 79 80 81 82
 85]
总流动性 1519802283.697771
*************************************
epoch: 41
破产银行集合 [15 17 19 21 22 23 25 28 30 32 34 35 36 37 38 40 41 46 47 49 50 51 53 54
 57 59 60 61 64 66 69 71 73 76 78 83 84]
破产银行数 37
净资产 1415078819.6977708
正常的银行集合 [ 0  1  2  3  4  5  6  7  8  9 10 11 12 13 14 16 18 20 24 26 27 29 31 33
 39 42 43 44 45 48 52 55 56 58 62 63 65 67 68 70 72 74 75 77 79 80 81 82
 85]
总流动性 1519541452.5705602
*************************************
epoch: 42
破产银行集合 [15 17 19 21 22 23 25 28 30 32 34 35 36 37 38 40 41 46 47 49 50 51 53 54
 57 59 60 61 64 66 69 71 73 76 78 83 84]
破产银行数 37
净资产 1414817988.57056
正常的银行集合 [ 0  1  2  3  4  5  6  7  8  9 10 11 12 13 14 16 18 20 24 26 27 29 31 33
 39 42 43 44 45 48 52 55 56 58 62 63 65 67 68 70 72 74 75 77 79 80 81 82
 85]
总流动性 1519299804.4069326
*************************************
epoch: 43
破产银行集合 [15 17 19 21 22 23 25 28 30 32 34 35 36 37 38 40 41 46 47 49 50 51 53 54
 57 59 60 61 64 66 69 71 73 76 78 83 84]
破产银行数 37
净资产 1414576340.4069328
正常的银行集合 [ 0  1  2  3  4  5  6  7  8  9 10 11 12 13 14 16 18 20 24 26 27 29 31 33
 39 42 43 44 45 48 52 55 56 58 62 63 65 67 68 70 72 74 75 77 79 80 81 82
 85]
总流动性 1519244494.5468001
*************************************
epoch: 44
破产银行集合 [15 17 19 21 22 23 25 28 30 32 34 35 36 37 38 40 41 46 47 49 50 51 53 54
 57 59 60 61 64 66 69 71 73 76 78 83 84]
破产银行数 37
净资产 1414521030.5468001
正常的银行集合 [ 0  1  2  3  4  5  6  7  8  9 10 11 12 13 14 16 18 20 24 26 27 29 31 33
 39 42 43 44 45 48 52 55 56 58 62 63 65 67 68 70 72 74 75 77 79 80 81 82
 85]
总流动性 1519100032.050655
*************************************
epoch: 45
破产银行集合 [15 17 19 21 22 23 25 28 30 32 34 35 36 37 38 40 41 46 47 49 50 51 53 54
 57 59 60 61 64 66 69 71 73 76 78 83 84]
破产银行数 37
净资产 1414376568.050655
正常的银行集合 [ 0  1  2  3  4  5  6  7  8  9 10 11 12 13 14 16 18 20 24 26 27 29 31 33
 39 42 43 44 45 48 52 55 56 58 62 63 65 67 68 70 72 74 75 77 79 80 81 82
 85]
总流动性 1518863369.596665
*************************************
epoch: 46
破产银行集合 [15 17 19 21 22 23 25 28 30 32 34 35 36 37 38 40 41 46 47 49 50 51 53 54
 57 59 60 61 64 66 69 71 73 76 78 83 84]
破产银行数 37
净资产 1414139905.596665
正常的银行集合 [ 0  1  2  3  4  5  6  7  8  9 10 11 12 13 14 16 18 20 24 26 27 29 31 33
 39 42 43 44 45 48 52 55 56 58 62 63 65 67 68 70 72 74 75 77 79 80 81 82
 85]
总流动性 1518737281.3942876
*************************************
epoch: 47
破产银行集合 [15 17 19 21 22 23 25 28 30 32 34 35 36 37 38 40 41 46 47 49 50 51 53 54
 57 59 60 61 64 66 69 71 73 76 78 83 84]
破产银行数 37
净资产 1414013817.3942878
正常的银行集合 [ 0  1  2  3  4  5  6  7  8  9 10 11 12 13 14 16 18 20 24 26 27 29 31 33
 39 42 43 44 45 48 52 55 56 58 62 63 65 67 68 70 72 74 75 77 79 80 81 82
 85]
总流动性 1518652274.3605082
*************************************
epoch: 48
破产银行集合 [15 17 19 21 22 23 25 28 30 32 34 35 36 37 38 40 41 46 47 49 50 51 53 54
 57 59 60 61 64 66 69 71 73 76 78 83 84]
破产银行数 37
净资产 1413928810.3605084
正常的银行集合 [ 0  1  2  3  4  5  6  7  8  9 10 11 12 13 14 16 18 20 24 26 27 29 31 33
 39 42 43 44 45 48 52 55 56 58 62 63 65 67 68 70 72 74 75 77 79 80 81 82
 85]
总流动性 1518467487.1397326
*************************************
epoch: 49
破产银行集合 [15 17 19 21 22 23 25 28 30 32 34 35 36 37 38 40 41 46 47 49 50 51 53 54
 57 59 60 61 64 66 69 71 73 76 78 83 84]
破产银行数 37
净资产 1413744023.1397328
正常的银行集合 [ 0  1  2  3  4  5  6  7  8  9 10 11 12 13 14 16 18 20 24 26 27 29 31 33
 39 42 43 44 45 48 52 55 56 58 62 63 65 67 68 70 72 74 75 77 79 80 81 82
 85]
总流动性 1518404228.7697906
*************************************
epoch: 50
破产银行集合 [15 17 19 21 22 23 25 28 30 32 34 35 36 37 38 40 41 46 47 49 50 51 53 54
 57 59 60 61 64 66 69 71 73 76 78 83 84]
破产银行数 37
净资产 1413680764.7697906
正常的银行集合 [ 0  1  2  3  4  5  6  7  8  9 10 11 12 13 14 16 18 20 24 26 27 29 31 33
 39 42 43 44 45 48 52 55 56 58 62 63 65 67 68 70 72 74 75 77 79 80 81 82
 85]
总流动性 1518209509.522987
*************************************
epoch: 51
破产银行集合 [15 17 19 21 22 23 25 28 30 32 34 35 36 37 38 40 41 46 47 49 50 51 53 54
 57 59 60 61 64 66 69 71 73 76 78 83 84]
破产银行数 37
净资产 1413486045.522987
正常的银行集合 [ 0  1  2  3  4  5  6  7  8  9 10 11 12 13 14 16 18 20 24 26 27 29 31 33
 39 42 43 44 45 48 52 55 56 58 62 63 65 67 68 70 72 74 75 77 79 80 81 82
 85]
总流动性 1518214002.4570591
*************************************
epoch: 52
破产银行集合 [15 17 19 21 22 23 25 28 30 32 34 35 36 37 38 40 41 46 47 49 50 51 53 54
 57 59 60 61 64 66 69 71 73 76 78 83 84]
破产银行数 37
净资产 1413490538.457059
正常的银行集合 [ 0  1  2  3  4  5  6  7  8  9 10 11 12 13 14 16 18 20 24 26 27 29 31 33
 39 42 43 44 45 48 52 55 56 58 62 63 65 67 68 70 72 74 75 77 79 80 81 82
 85]
总流动性 1517961841.8527093
*************************************
epoch: 53
破产银行集合 [15 17 19 21 22 23 25 28 30 32 34 35 36 37 38 40 41 46 47 49 50 51 53 54
 57 59 60 61 64 66 69 71 73 76 78 83 84]
破产银行数 37
净资产 1413238377.8527093
正常的银行集合 [ 0  1  2  3  4  5  6  7  8  9 10 11 12 13 14 16 18 20 24 26 27 29 31 33
 39 42 43 44 45 48 52 55 56 58 62 63 65 67 68 70 72 74 75 77 79 80 81 82
 85]
总流动性 1517832589.91346
*************************************
epoch: 54
破产银行集合 [15 17 19 21 22 23 25 28 30 32 34 35 36 37 38 40 41 46 47 49 50 51 53 54
 57 59 60 61 64 66 69 71 73 76 78 83 84]
破产银行数 37
净资产 1413109125.91346
正常的银行集合 [ 0  1  2  3  4  5  6  7  8  9 10 11 12 13 14 16 18 20 24 26 27 29 31 33
 39 42 43 44 45 48 52 55 56 58 62 63 65 67 68 70 72 74 75 77 79 80 81 82
 85]
总流动性 1517811347.6786766
*************************************
epoch: 55
破产银行集合 [15 17 19 21 22 23 25 28 30 32 34 35 36 37 38 40 41 46 47 49 50 51 53 54
 57 59 60 61 64 66 69 71 73 76 78 83 84]
破产银行数 37
净资产 1413087883.6786768
正常的银行集合 [ 0  1  2  3  4  5  6  7  8  9 10 11 12 13 14 16 18 20 24 26 27 29 31 33
 39 42 43 44 45 48 52 55 56 58 62 63 65 67 68 70 72 74 75 77 79 80 81 82
 85]
总流动性 1517733110.3641725
*************************************
epoch: 56
破产银行集合 [15 17 19 21 22 23 25 28 30 32 34 35 36 37 38 40 41 46 47 49 50 51 53 54
 57 59 60 61 64 66 69 71 73 76 78 83 84]
破产银行数 37
净资产 1413009646.3641722
正常的银行集合 [ 0  1  2  3  4  5  6  7  8  9 10 11 12 13 14 16 18 20 24 26 27 29 31 33
 39 42 43 44 45 48 52 55 56 58 62 63 65 67 68 70 72 74 75 77 79 80 81 82
 85]
总流动性 1517690578.2696471
*************************************
epoch: 57
破产银行集合 [15 17 19 21 22 23 25 28 30 32 34 35 36 37 38 40 41 46 47 49 50 51 53 54
 57 59 60 61 64 66 69 71 73 76 78 83 84]
破产银行数 37
净资产 1412967114.2696476
正常的银行集合 [ 0  1  2  3  4  5  6  7  8  9 10 11 12 13 14 16 18 20 24 26 27 29 31 33
 39 42 43 44 45 48 52 55 56 58 62 63 65 67 68 70 72 74 75 77 79 80 81 82
 85]
总流动性 1517639258.869247
*************************************
epoch: 58
破产银行集合 [15 17 19 21 22 23 25 28 30 32 34 35 36 37 38 40 41 46 47 49 50 51 53 54
 57 59 60 61 64 66 69 71 73 76 78 83 84]
破产银行数 37
净资产 1412915794.869247
正常的银行集合 [ 0  1  2  3  4  5  6  7  8  9 10 11 12 13 14 16 18 20 24 26 27 29 31 33
 39 42 43 44 45 48 52 55 56 58 62 63 65 67 68 70 72 74 75 77 79 80 81 82
 85]
总流动性 1517605717.7477708
*************************************
epoch: 59
破产银行集合 [15 17 19 21 22 23 25 28 30 32 34 35 36 37 38 40 41 46 47 49 50 51 53 54
 57 59 60 61 64 66 69 71 73 76 78 83 84]
破产银行数 37
净资产 1412882253.7477705
正常的银行集合 [ 0  1  2  3  4  5  6  7  8  9 10 11 12 13 14 16 18 20 24 26 27 29 31 33
 39 42 43 44 45 48 52 55 56 58 62 63 65 67 68 70 72 74 75 77 79 80 81 82
 85]
总流动性 1517604165.1004505
*************************************
epoch: 60
破产银行集合 [15 17 19 21 22 23 25 28 30 32 34 35 36 37 38 40 41 46 47 49 50 51 53 54
 57 59 60 61 64 66 69 71 73 76 78 83 84]
破产银行数 37
净资产 1412880701.1004505
正常的银行集合 [ 0  1  2  3  4  5  6  7  8  9 10 11 12 13 14 16 18 20 24 26 27 29 31 33
 39 42 43 44 45 48 52 55 56 58 62 63 65 67 68 70 72 74 75 77 79 80 81 82
 85]
总流动性 1517497106.9687123
*************************************
epoch: 61
破产银行集合 [15 17 19 21 22 23 25 28 30 32 34 35 36 37 38 40 41 46 47 49 50 51 53 54
 57 59 60 61 64 66 69 71 73 76 78 83 84]
破产银行数 37
净资产 1412773642.968712
正常的银行集合 [ 0  1  2  3  4  5  6  7  8  9 10 11 12 13 14 16 18 20 24 26 27 29 31 33
 39 42 43 44 45 48 52 55 56 58 62 63 65 67 68 70 72 74 75 77 79 80 81 82
 85]
总流动性 1517419448.7458591
*************************************
epoch: 62
破产银行集合 [15 17 19 21 22 23 25 28 30 32 34 35 36 37 38 40 41 46 47 49 50 51 53 54
 57 59 60 61 64 66 69 71 73 76 78 83 84]
破产银行数 37
净资产 1412695984.7458591
正常的银行集合 [ 0  1  2  3  4  5  6  7  8  9 10 11 12 13 14 16 18 20 24 26 27 29 31 33
 39 42 43 44 45 48 52 55 56 58 62 63 65 67 68 70 72 74 75 77 79 80 81 82
 85]
总流动性 1517373547.5200903
*************************************
epoch: 63
破产银行集合 [15 17 19 21 22 23 25 28 30 32 34 35 36 37 38 40 41 46 47 49 50 51 53 54
 57 59 60 61 64 66 69 71 73 76 78 83 84]
破产银行数 37
净资产 1412650083.5200903
正常的银行集合 [ 0  1  2  3  4  5  6  7  8  9 10 11 12 13 14 16 18 20 24 26 27 29 31 33
 39 42 43 44 45 48 52 55 56 58 62 63 65 67 68 70 72 74 75 77 79 80 81 82
 85]
总流动性 1517302451.8494318
*************************************
epoch: 64
破产银行集合 [15 17 19 21 22 23 25 28 30 32 34 35 36 37 38 40 41 46 47 49 50 51 53 54
 57 59 60 61 64 66 69 71 73 76 78 83 84]
破产银行数 37
净资产 1412578987.8494315
正常的银行集合 [ 0  1  2  3  4  5  6  7  8  9 10 11 12 13 14 16 18 20 24 26 27 29 31 33
 39 42 43 44 45 48 52 55 56 58 62 63 65 67 68 70 72 74 75 77 79 80 81 82
 85]
总流动性 1517227762.8512836
*************************************
epoch: 65
破产银行集合 [15 17 19 21 22 23 25 28 30 32 34 35 36 37 38 40 41 46 47 49 50 51 53 54
 57 59 60 61 64 66 69 71 73 76 78 83 84]
破产银行数 37
净资产 1412504298.8512838
正常的银行集合 [ 0  1  2  3  4  5  6  7  8  9 10 11 12 13 14 16 18 20 24 26 27 29 31 33
 39 42 43 44 45 48 52 55 56 58 62 63 65 67 68 70 72 74 75 77 79 80 81 82
 85]
总流动性 1517192336.066393
*************************************
epoch: 66
破产银行集合 [15 17 19 21 22 23 25 28 30 32 34 35 36 37 38 40 41 46 47 49 50 51 53 54
 57 59 60 61 64 66 69 71 73 76 78 83 84]
破产银行数 37
净资产 1412468872.066393
正常的银行集合 [ 0  1  2  3  4  5  6  7  8  9 10 11 12 13 14 16 18 20 24 26 27 29 31 33
 39 42 43 44 45 48 52 55 56 58 62 63 65 67 68 70 72 74 75 77 79 80 81 82
 85]
总流动性 1517145275.9776957
*************************************
epoch: 67
破产银行集合 [15 17 19 21 22 23 25 28 30 32 34 35 36 37 38 40 41 46 47 49 50 51 53 54
 57 59 60 61 64 66 69 71 73 76 78 83 84]
破产银行数 37
净资产 1412421811.9776955
正常的银行集合 [ 0  1  2  3  4  5  6  7  8  9 10 11 12 13 14 16 18 20 24 26 27 29 31 33
 39 42 43 44 45 48 52 55 56 58 62 63 65 67 68 70 72 74 75 77 79 80 81 82
 85]
总流动性 1517082961.4809148
*************************************
epoch: 68
破产银行集合 [15 17 19 21 22 23 25 28 30 32 34 35 36 37 38 40 41 46 47 49 50 51 53 54
 57 59 60 61 64 66 69 71 73 76 78 83 84]
破产银行数 37
净资产 1412359497.4809148
正常的银行集合 [ 0  1  2  3  4  5  6  7  8  9 10 11 12 13 14 16 18 20 24 26 27 29 31 33
 39 42 43 44 45 48 52 55 56 58 62 63 65 67 68 70 72 74 75 77 79 80 81 82
 85]
总流动性 1517040130.6772466
*************************************
epoch: 69
破产银行集合 [15 17 19 21 22 23 25 28 30 32 34 35 36 37 38 40 41 46 47 49 50 51 53 54
 57 59 60 61 64 66 69 71 73 76 78 83 84]
破产银行数 37
净资产 1412316666.6772466
正常的银行集合 [ 0  1  2  3  4  5  6  7  8  9 10 11 12 13 14 16 18 20 24 26 27 29 31 33
 39 42 43 44 45 48 52 55 56 58 62 63 65 67 68 70 72 74 75 77 79 80 81 82
 85]
总流动性 1517006822.0139313
*************************************
epoch: 70
破产银行集合 [15 17 19 21 22 23 25 28 30 32 34 35 36 37 38 40 41 46 47 49 50 51 53 54
 57 59 60 61 64 66 69 71 73 76 78 83 84]
破产银行数 37
净资产 1412283358.0139315
正常的银行集合 [ 0  1  2  3  4  5  6  7  8  9 10 11 12 13 14 16 18 20 24 26 27 29 31 33
 39 42 43 44 45 48 52 55 56 58 62 63 65 67 68 70 72 74 75 77 79 80 81 82
 85]
总流动性 1517013439.673978
*************************************
epoch: 71
破产银行集合 [15 17 19 21 22 23 25 28 30 32 34 35 36 37 38 40 41 46 47 49 50 51 53 54
 57 59 60 61 64 66 69 71 73 76 78 83 84]
破产银行数 37
净资产 1412289975.6739783
正常的银行集合 [ 0  1  2  3  4  5  6  7  8  9 10 11 12 13 14 16 18 20 24 26 27 29 31 33
 39 42 43 44 45 48 52 55 56 58 62 63 65 67 68 70 72 74 75 77 79 80 81 82
 85]
总流动性 1516998903.5518572
*************************************
epoch: 72
破产银行集合 [15 17 19 21 22 23 25 28 30 32 34 35 36 37 38 40 41 46 47 49 50 51 53 54
 57 59 60 61 64 66 69 71 73 76 78 83 84]
破产银行数 37
净资产 1412275439.5518575
正常的银行集合 [ 0  1  2  3  4  5  6  7  8  9 10 11 12 13 14 16 18 20 24 26 27 29 31 33
 39 42 43 44 45 48 52 55 56 58 62 63 65 67 68 70 72 74 75 77 79 80 81 82
 85]
总流动性 1516976623.7519805
*************************************
epoch: 73
破产银行集合 [15 17 19 21 22 23 25 28 30 32 34 35 36 37 38 40 41 46 47 49 50 51 53 54
 57 59 60 61 64 66 69 71 73 76 78 83 84]
破产银行数 37
净资产 1412253159.751981
正常的银行集合 [ 0  1  2  3  4  5  6  7  8  9 10 11 12 13 14 16 18 20 24 26 27 29 31 33
 39 42 43 44 45 48 52 55 56 58 62 63 65 67 68 70 72 74 75 77 79 80 81 82
 85]
总流动性 1516956239.0670156
*************************************
epoch: 74
破产银行集合 [15 17 19 21 22 23 25 28 30 32 34 35 36 37 38 40 41 46 47 49 50 51 53 54
 57 59 60 61 64 66 69 71 73 76 78 83 84]
破产银行数 37
净资产 1412232775.0670156
正常的银行集合 [ 0  1  2  3  4  5  6  7  8  9 10 11 12 13 14 16 18 20 24 26 27 29 31 33
 39 42 43 44 45 48 52 55 56 58 62 63 65 67 68 70 72 74 75 77 79 80 81 82
 85]
总流动性 1516944078.6422362
*************************************
epoch: 75
破产银行集合 [15 17 19 21 22 23 25 28 30 32 34 35 36 37 38 40 41 46 47 49 50 51 53 54
 57 59 60 61 64 66 69 71 73 76 78 83 84]
破产银行数 37
净资产 1412220614.6422362
正常的银行集合 [ 0  1  2  3  4  5  6  7  8  9 10 11 12 13 14 16 18 20 24 26 27 29 31 33
 39 42 43 44 45 48 52 55 56 58 62 63 65 67 68 70 72 74 75 77 79 80 81 82
 85]
总流动性 1516929061.2975821
*************************************
epoch: 76
破产银行集合 [15 17 19 21 22 23 25 28 30 32 34 35 36 37 38 40 41 46 47 49 50 51 53 54
 57 59 60 61 64 66 69 71 73 76 78 83 84]
破产银行数 37
净资产 1412205597.2975824
正常的银行集合 [ 0  1  2  3  4  5  6  7  8  9 10 11 12 13 14 16 18 20 24 26 27 29 31 33
 39 42 43 44 45 48 52 55 56 58 62 63 65 67 68 70 72 74 75 77 79 80 81 82
 85]
总流动性 1516909208.8336053
*************************************
epoch: 77
破产银行集合 [15 17 19 21 22 23 25 28 30 32 34 35 36 37 38 40 41 46 47 49 50 51 53 54
 57 59 60 61 64 66 69 71 73 76 78 83 84]
破产银行数 37
净资产 1412185744.8336053
正常的银行集合 [ 0  1  2  3  4  5  6  7  8  9 10 11 12 13 14 16 18 20 24 26 27 29 31 33
 39 42 43 44 45 48 52 55 56 58 62 63 65 67 68 70 72 74 75 77 79 80 81 82
 85]
总流动性 1516891551.958033
*************************************
epoch: 78
破产银行集合 [15 17 19 21 22 23 25 28 30 32 34 35 36 37 38 40 41 46 47 49 50 51 53 54
 57 59 60 61 64 66 69 71 73 76 78 83 84]
破产银行数 37
净资产 1412168087.958033
正常的银行集合 [ 0  1  2  3  4  5  6  7  8  9 10 11 12 13 14 16 18 20 24 26 27 29 31 33
 39 42 43 44 45 48 52 55 56 58 62 63 65 67 68 70 72 74 75 77 79 80 81 82
 85]
总流动性 1516870170.9902513
*************************************
epoch: 79
破产银行集合 [15 17 19 21 22 23 25 28 30 32 34 35 36 37 38 40 41 46 47 49 50 51 53 54
 57 59 60 61 64 66 69 71 73 76 78 83 84]
破产银行数 37
净资产 1412146706.9902513
正常的银行集合 [ 0  1  2  3  4  5  6  7  8  9 10 11 12 13 14 16 18 20 24 26 27 29 31 33
 39 42 43 44 45 48 52 55 56 58 62 63 65 67 68 70 72 74 75 77 79 80 81 82
 85]
总流动性 1516845451.434844
*************************************
epoch: 80
破产银行集合 [15 17 19 21 22 23 25 28 30 32 34 35 36 37 38 40 41 46 47 49 50 51 53 54
 57 59 60 61 64 66 69 71 73 76 78 83 84]
破产银行数 37
净资产 1412121987.434844
正常的银行集合 [ 0  1  2  3  4  5  6  7  8  9 10 11 12 13 14 16 18 20 24 26 27 29 31 33
 39 42 43 44 45 48 52 55 56 58 62 63 65 67 68 70 72 74 75 77 79 80 81 82
 85]
总流动性 1516840343.8408346
*************************************
epoch: 81
破产银行集合 [15 17 19 21 22 23 25 28 30 32 34 35 36 37 38 40 41 46 47 49 50 51 53 54
 57 59 60 61 64 66 69 71 73 76 78 83 84]
破产银行数 37
净资产 1412116879.840835
正常的银行集合 [ 0  1  2  3  4  5  6  7  8  9 10 11 12 13 14 16 18 20 24 26 27 29 31 33
 39 42 43 44 45 48 52 55 56 58 62 63 65 67 68 70 72 74 75 77 79 80 81 82
 85]
总流动性 1516813953.8063626
*************************************
epoch: 82
破产银行集合 [15 17 19 21 22 23 25 28 30 32 34 35 36 37 38 40 41 46 47 49 50 51 53 54
 57 59 60 61 64 66 69 71 73 76 78 83 84]
破产银行数 37
净资产 1412090489.8063626
正常的银行集合 [ 0  1  2  3  4  5  6  7  8  9 10 11 12 13 14 16 18 20 24 26 27 29 31 33
 39 42 43 44 45 48 52 55 56 58 62 63 65 67 68 70 72 74 75 77 79 80 81 82
 85]
总流动性 1516796014.30775
*************************************
epoch: 83
破产银行集合 [15 17 19 21 22 23 25 28 30 32 34 35 36 37 38 40 41 46 47 49 50 51 53 54
 57 59 60 61 64 66 69 71 73 76 78 83 84]
破产银行数 37
净资产 1412072550.30775
正常的银行集合 [ 0  1  2  3  4  5  6  7  8  9 10 11 12 13 14 16 18 20 24 26 27 29 31 33
 39 42 43 44 45 48 52 55 56 58 62 63 65 67 68 70 72 74 75 77 79 80 81 82
 85]
总流动性 1516786779.586833
*************************************
epoch: 84
破产银行集合 [15 17 19 21 22 23 25 28 30 32 34 35 36 37 38 40 41 46 47 49 50 51 53 54
 57 59 60 61 64 66 69 71 73 76 78 83 84]
破产银行数 37
净资产 1412063315.5868328
正常的银行集合 [ 0  1  2  3  4  5  6  7  8  9 10 11 12 13 14 16 18 20 24 26 27 29 31 33
 39 42 43 44 45 48 52 55 56 58 62 63 65 67 68 70 72 74 75 77 79 80 81 82
 85]
总流动性 1516772145.1505418
*************************************
epoch: 85
破产银行集合 [15 17 19 21 22 23 25 28 30 32 34 35 36 37 38 40 41 46 47 49 50 51 53 54
 57 59 60 61 64 66 69 71 73 76 78 83 84]
破产银行数 37
净资产 1412048681.150542
正常的银行集合 [ 0  1  2  3  4  5  6  7  8  9 10 11 12 13 14 16 18 20 24 26 27 29 31 33
 39 42 43 44 45 48 52 55 56 58 62 63 65 67 68 70 72 74 75 77 79 80 81 82
 85]
总流动性 1516763611.996994
*************************************
epoch: 86
破产银行集合 [15 17 19 21 22 23 25 28 30 32 34 35 36 37 38 40 41 46 47 49 50 51 53 54
 57 59 60 61 64 66 69 71 73 76 78 83 84]
破产银行数 37
净资产 1412040147.996994
正常的银行集合 [ 0  1  2  3  4  5  6  7  8  9 10 11 12 13 14 16 18 20 24 26 27 29 31 33
 39 42 43 44 45 48 52 55 56 58 62 63 65 67 68 70 72 74 75 77 79 80 81 82
 85]
总流动性 1516753247.163508
*************************************
epoch: 87
破产银行集合 [15 17 19 21 22 23 25 28 30 32 34 35 36 37 38 40 41 46 47 49 50 51 53 54
 57 59 60 61 64 66 69 71 73 76 78 83 84]
破产银行数 37
净资产 1412029783.163508
正常的银行集合 [ 0  1  2  3  4  5  6  7  8  9 10 11 12 13 14 16 18 20 24 26 27 29 31 33
 39 42 43 44 45 48 52 55 56 58 62 63 65 67 68 70 72 74 75 77 79 80 81 82
 85]
总流动性 1516739203.864218
*************************************
epoch: 88
破产银行集合 [15 17 19 21 22 23 25 28 30 32 34 35 36 37 38 40 41 46 47 49 50 51 53 54
 57 59 60 61 64 66 69 71 73 76 78 83 84]
破产银行数 37
净资产 1412015739.864218
正常的银行集合 [ 0  1  2  3  4  5  6  7  8  9 10 11 12 13 14 16 18 20 24 26 27 29 31 33
 39 42 43 44 45 48 52 55 56 58 62 63 65 67 68 70 72 74 75 77 79 80 81 82
 85]
总流动性 1516731192.389774
*************************************
epoch: 89
破产银行集合 [15 17 19 21 22 23 25 28 30 32 34 35 36 37 38 40 41 46 47 49 50 51 53 54
 57 59 60 61 64 66 69 71 73 76 78 83 84]
破产银行数 37
净资产 1412007728.389774
正常的银行集合 [ 0  1  2  3  4  5  6  7  8  9 10 11 12 13 14 16 18 20 24 26 27 29 31 33
 39 42 43 44 45 48 52 55 56 58 62 63 65 67 68 70 72 74 75 77 79 80 81 82
 85]
总流动性 1516724382.809944
*************************************
epoch: 90
破产银行集合 [15 17 19 21 22 23 25 28 30 32 34 35 36 37 38 40 41 46 47 49 50 51 53 54
 57 59 60 61 64 66 69 71 73 76 78 83 84]
破产银行数 37
净资产 1412000918.8099437
正常的银行集合 [ 0  1  2  3  4  5  6  7  8  9 10 11 12 13 14 16 18 20 24 26 27 29 31 33
 39 42 43 44 45 48 52 55 56 58 62 63 65 67 68 70 72 74 75 77 79 80 81 82
 85]
总流动性 1516714331.9554067
*************************************
epoch: 91
破产银行集合 [15 17 19 21 22 23 25 28 30 32 34 35 36 37 38 40 41 46 47 49 50 51 53 54
 57 59 60 61 64 66 69 71 73 76 78 83 84]
破产银行数 37
净资产 1411990867.9554064
正常的银行集合 [ 0  1  2  3  4  5  6  7  8  9 10 11 12 13 14 16 18 20 24 26 27 29 31 33
 39 42 43 44 45 48 52 55 56 58 62 63 65 67 68 70 72 74 75 77 79 80 81 82
 85]
总流动性 1516710790.220338
*************************************
epoch: 92
破产银行集合 [15 17 19 21 22 23 25 28 30 32 34 35 36 37 38 40 41 46 47 49 50 51 53 54
 57 59 60 61 64 66 69 71 73 76 78 83 84]
破产银行数 37
净资产 1411987326.2203383
正常的银行集合 [ 0  1  2  3  4  5  6  7  8  9 10 11 12 13 14 16 18 20 24 26 27 29 31 33
 39 42 43 44 45 48 52 55 56 58 62 63 65 67 68 70 72 74 75 77 79 80 81 82
 85]
总流动性 1516701629.5509584
*************************************
epoch: 93
破产银行集合 [15 17 19 21 22 23 25 28 30 32 34 35 36 37 38 40 41 46 47 49 50 51 53 54
 57 59 60 61 64 66 69 71 73 76 78 83 84]
破产银行数 37
净资产 1411978165.5509584
正常的银行集合 [ 0  1  2  3  4  5  6  7  8  9 10 11 12 13 14 16 18 20 24 26 27 29 31 33
 39 42 43 44 45 48 52 55 56 58 62 63 65 67 68 70 72 74 75 77 79 80 81 82
 85]
总流动性 1516697578.641402
*************************************
epoch: 94
破产银行集合 [15 17 19 21 22 23 25 28 30 32 34 35 36 37 38 40 41 46 47 49 50 51 53 54
 57 59 60 61 64 66 69 71 73 76 78 83 84]
破产银行数 37
净资产 1411974114.6414018
正常的银行集合 [ 0  1  2  3  4  5  6  7  8  9 10 11 12 13 14 16 18 20 24 26 27 29 31 33
 39 42 43 44 45 48 52 55 56 58 62 63 65 67 68 70 72 74 75 77 79 80 81 82
 85]
总流动性 1516691894.4438467
*************************************
epoch: 95
破产银行集合 [15 17 19 21 22 23 25 28 30 32 34 35 36 37 38 40 41 46 47 49 50 51 53 54
 57 59 60 61 64 66 69 71 73 76 78 83 84]
破产银行数 37
净资产 1411968430.443847
正常的银行集合 [ 0  1  2  3  4  5  6  7  8  9 10 11 12 13 14 16 18 20 24 26 27 29 31 33
 39 42 43 44 45 48 52 55 56 58 62 63 65 67 68 70 72 74 75 77 79 80 81 82
 85]
总流动性 1516689811.4198167
*************************************
epoch: 96
破产银行集合 [15 17 19 21 22 23 25 28 30 32 34 35 36 37 38 40 41 46 47 49 50 51 53 54
 57 59 60 61 64 66 69 71 73 76 78 83 84]
破产银行数 37
净资产 1411966347.4198167
正常的银行集合 [ 0  1  2  3  4  5  6  7  8  9 10 11 12 13 14 16 18 20 24 26 27 29 31 33
 39 42 43 44 45 48 52 55 56 58 62 63 65 67 68 70 72 74 75 77 79 80 81 82
 85]
总流动性 1516684672.9859693
*************************************
epoch: 97
破产银行集合 [15 17 19 21 22 23 25 28 30 32 34 35 36 37 38 40 41 46 47 49 50 51 53 54
 57 59 60 61 64 66 69 71 73 76 78 83 84]
破产银行数 37
净资产 1411961208.9859695
正常的银行集合 [ 0  1  2  3  4  5  6  7  8  9 10 11 12 13 14 16 18 20 24 26 27 29 31 33
 39 42 43 44 45 48 52 55 56 58 62 63 65 67 68 70 72 74 75 77 79 80 81 82
 85]
总流动性 1516683003.3978353
*************************************
epoch: 98
破产银行集合 [15 17 19 21 22 23 25 28 30 32 34 35 36 37 38 40 41 46 47 49 50 51 53 54
 57 59 60 61 64 66 69 71 73 76 78 83 84]
破产银行数 37
净资产 1411959539.3978353
正常的银行集合 [ 0  1  2  3  4  5  6  7  8  9 10 11 12 13 14 16 18 20 24 26 27 29 31 33
 39 42 43 44 45 48 52 55 56 58 62 63 65 67 68 70 72 74 75 77 79 80 81 82
 85]
总流动性 1516674074.7918305
*************************************
epoch: 99
破产银行集合 [15 17 19 21 22 23 25 28 30 32 34 35 36 37 38 40 41 46 47 49 50 51 53 54
 57 59 60 61 64 66 69 71 73 76 78 83 84]
破产银行数 37
净资产 1411950610.7918305
正常的银行集合 [ 0  1  2  3  4  5  6  7  8  9 10 11 12 13 14 16 18 20 24 26 27 29 31 33
 39 42 43 44 45 48 52 55 56 58 62 63 65 67 68 70 72 74 75 77 79 80 81 82
 85]
总流动性 1516673823.236297
*************************************
epoch: 100
破产银行集合 [15 17 19 21 22 23 25 28 30 32 34 35 36 37 38 40 41 46 47 49 50 51 53 54
 57 59 60 61 64 66 69 71 73 76 78 83 84]
破产银行数 37
净资产 1411950359.2362967
正常的银行集合 [ 0  1  2  3  4  5  6  7  8  9 10 11 12 13 14 16 18 20 24 26 27 29 31 33
 39 42 43 44 45 48 52 55 56 58 62 63 65 67 68 70 72 74 75 77 79 80 81 82
 85]
总流动性 1516669477.062348
*************************************
epoch: 101
破产银行集合 [15 17 19 21 22 23 25 28 30 32 34 35 36 37 38 40 41 46 47 49 50 51 53 54
 57 59 60 61 64 66 69 71 73 76 78 83 84]
破产银行数 37
净资产 1411946013.062348
正常的银行集合 [ 0  1  2  3  4  5  6  7  8  9 10 11 12 13 14 16 18 20 24 26 27 29 31 33
 39 42 43 44 45 48 52 55 56 58 62 63 65 67 68 70 72 74 75 77 79 80 81 82
 85]
总流动性 1516669251.173842
*************************************
epoch: 102
破产银行集合 [15 17 19 21 22 23 25 28 30 32 34 35 36 37 38 40 41 46 47 49 50 51 53 54
 57 59 60 61 64 66 69 71 73 76 78 83 84]
破产银行数 37
净资产 1411945787.1738424
正常的银行集合 [ 0  1  2  3  4  5  6  7  8  9 10 11 12 13 14 16 18 20 24 26 27 29 31 33
 39 42 43 44 45 48 52 55 56 58 62 63 65 67 68 70 72 74 75 77 79 80 81 82
 85]
总流动性 1516664177.6112766
*************************************
epoch: 103
破产银行集合 [15 17 19 21 22 23 25 28 30 32 34 35 36 37 38 40 41 46 47 49 50 51 53 54
 57 59 60 61 64 66 69 71 73 76 78 83 84]
破产银行数 37
净资产 1411940713.6112769
正常的银行集合 [ 0  1  2  3  4  5  6  7  8  9 10 11 12 13 14 16 18 20 24 26 27 29 31 33
 39 42 43 44 45 48 52 55 56 58 62 63 65 67 68 70 72 74 75 77 79 80 81 82
 85]
总流动性 1516657114.380341
*************************************
epoch: 104
破产银行集合 [15 17 19 21 22 23 25 28 30 32 34 35 36 37 38 40 41 46 47 49 50 51 53 54
 57 59 60 61 64 66 69 71 73 76 78 83 84]
破产银行数 37
净资产 1411933650.3803408
正常的银行集合 [ 0  1  2  3  4  5  6  7  8  9 10 11 12 13 14 16 18 20 24 26 27 29 31 33
 39 42 43 44 45 48 52 55 56 58 62 63 65 67 68 70 72 74 75 77 79 80 81 82
 85]
总流动性 1516652298.7114077
*************************************
epoch: 105
破产银行集合 [15 17 19 21 22 23 25 28 30 32 34 35 36 37 38 40 41 46 47 49 50 51 53 54
 57 59 60 61 64 66 69 71 73 76 78 83 84]
破产银行数 37
净资产 1411928834.7114077
正常的银行集合 [ 0  1  2  3  4  5  6  7  8  9 10 11 12 13 14 16 18 20 24 26 27 29 31 33
 39 42 43 44 45 48 52 55 56 58 62 63 65 67 68 70 72 74 75 77 79 80 81 82
 85]
总流动性 1516649556.515903
*************************************
epoch: 106
破产银行集合 [15 17 19 21 22 23 25 28 30 32 34 35 36 37 38 40 41 46 47 49 50 51 53 54
 57 59 60 61 64 66 69 71 73 76 78 83 84]
破产银行数 37
净资产 1411926092.515903
正常的银行集合 [ 0  1  2  3  4  5  6  7  8  9 10 11 12 13 14 16 18 20 24 26 27 29 31 33
 39 42 43 44 45 48 52 55 56 58 62 63 65 67 68 70 72 74 75 77 79 80 81 82
 85]
总流动性 1516645340.6101713
*************************************
epoch: 107
破产银行集合 [15 17 19 21 22 23 25 28 30 32 34 35 36 37 38 40 41 46 47 49 50 51 53 54
 57 59 60 61 64 66 69 71 73 76 78 83 84]
破产银行数 37
净资产 1411921876.6101713
正常的银行集合 [ 0  1  2  3  4  5  6  7  8  9 10 11 12 13 14 16 18 20 24 26 27 29 31 33
 39 42 43 44 45 48 52 55 56 58 62 63 65 67 68 70 72 74 75 77 79 80 81 82
 85]
总流动性 1516644584.9119153
*************************************
epoch: 108
破产银行集合 [15 17 19 21 22 23 25 28 30 32 34 35 36 37 38 40 41 46 47 49 50 51 53 54
 57 59 60 61 64 66 69 71 73 76 78 83 84]
破产银行数 37
净资产 1411921120.9119155
正常的银行集合 [ 0  1  2  3  4  5  6  7  8  9 10 11 12 13 14 16 18 20 24 26 27 29 31 33
 39 42 43 44 45 48 52 55 56 58 62 63 65 67 68 70 72 74 75 77 79 80 81 82
 85]
总流动性 1516642669.8877568
*************************************
epoch: 109
破产银行集合 [15 17 19 21 22 23 25 28 30 32 34 35 36 37 38 40 41 46 47 49 50 51 53 54
 57 59 60 61 64 66 69 71 73 76 78 83 84]
破产银行数 37
净资产 1411919205.8877566
正常的银行集合 [ 0  1  2  3  4  5  6  7  8  9 10 11 12 13 14 16 18 20 24 26 27 29 31 33
 39 42 43 44 45 48 52 55 56 58 62 63 65 67 68 70 72 74 75 77 79 80 81 82
 85]
总流动性 1516639103.6131692
*************************************
epoch: 110
破产银行集合 [15 17 19 21 22 23 25 28 30 32 34 35 36 37 38 40 41 46 47 49 50 51 53 54
 57 59 60 61 64 66 69 71 73 76 78 83 84]
破产银行数 37
净资产 1411915639.6131694
正常的银行集合 [ 0  1  2  3  4  5  6  7  8  9 10 11 12 13 14 16 18 20 24 26 27 29 31 33
 39 42 43 44 45 48 52 55 56 58 62 63 65 67 68 70 72 74 75 77 79 80 81 82
 85]
总流动性 1516636761.217665
*************************************
epoch: 111
破产银行集合 [15 17 19 21 22 23 25 28 30 32 34 35 36 37 38 40 41 46 47 49 50 51 53 54
 57 59 60 61 64 66 69 71 73 76 78 83 84]
破产银行数 37
净资产 1411913297.2176652
正常的银行集合 [ 0  1  2  3  4  5  6  7  8  9 10 11 12 13 14 16 18 20 24 26 27 29 31 33
 39 42 43 44 45 48 52 55 56 58 62 63 65 67 68 70 72 74 75 77 79 80 81 82
 85]
总流动性 1516636240.8120804
*************************************
epoch: 112
破产银行集合 [15 17 19 21 22 23 25 28 30 32 34 35 36 37 38 40 41 46 47 49 50 51 53 54
 57 59 60 61 64 66 69 71 73 76 78 83 84]
破产银行数 37
净资产 1411912776.8120804
正常的银行集合 [ 0  1  2  3  4  5  6  7  8  9 10 11 12 13 14 16 18 20 24 26 27 29 31 33
 39 42 43 44 45 48 52 55 56 58 62 63 65 67 68 70 72 74 75 77 79 80 81 82
 85]
总流动性 1516632987.424743
*************************************
epoch: 113
破产银行集合 [15 17 19 21 22 23 25 28 30 32 34 35 36 37 38 40 41 46 47 49 50 51 53 54
 57 59 60 61 64 66 69 71 73 76 78 83 84]
破产银行数 37
净资产 1411909523.4247427
正常的银行集合 [ 0  1  2  3  4  5  6  7  8  9 10 11 12 13 14 16 18 20 24 26 27 29 31 33
 39 42 43 44 45 48 52 55 56 58 62 63 65 67 68 70 72 74 75 77 79 80 81 82
 85]
总流动性 1516631641.9907985
*************************************
epoch: 114
破产银行集合 [15 17 19 21 22 23 25 28 30 32 34 35 36 37 38 40 41 46 47 49 50 51 53 54
 57 59 60 61 64 66 69 71 73 76 78 83 84]
破产银行数 37
净资产 1411908177.9907985
正常的银行集合 [ 0  1  2  3  4  5  6  7  8  9 10 11 12 13 14 16 18 20 24 26 27 29 31 33
 39 42 43 44 45 48 52 55 56 58 62 63 65 67 68 70 72 74 75 77 79 80 81 82
 85]
总流动性 1516630768.708167
*************************************
epoch: 115
破产银行集合 [15 17 19 21 22 23 25 28 30 32 34 35 36 37 38 40 41 46 47 49 50 51 53 54
 57 59 60 61 64 66 69 71 73 76 78 83 84]
破产银行数 37
净资产 1411907304.7081676
正常的银行集合 [ 0  1  2  3  4  5  6  7  8  9 10 11 12 13 14 16 18 20 24 26 27 29 31 33
 39 42 43 44 45 48 52 55 56 58 62 63 65 67 68 70 72 74 75 77 79 80 81 82
 85]
总流动性 1516630291.7775524
*************************************
epoch: 116
破产银行集合 [15 17 19 21 22 23 25 28 30 32 34 35 36 37 38 40 41 46 47 49 50 51 53 54
 57 59 60 61 64 66 69 71 73 76 78 83 84]
破产银行数 37
净资产 1411906827.777552
正常的银行集合 [ 0  1  2  3  4  5  6  7  8  9 10 11 12 13 14 16 18 20 24 26 27 29 31 33
 39 42 43 44 45 48 52 55 56 58 62 63 65 67 68 70 72 74 75 77 79 80 81 82
 85]
总流动性 1516628720.6014717
*************************************
epoch: 117
破产银行集合 [15 17 19 21 22 23 25 28 30 32 34 35 36 37 38 40 41 46 47 49 50 51 53 54
 57 59 60 61 64 66 69 71 73 76 78 83 84]
破产银行数 37
净资产 1411905256.6014717
正常的银行集合 [ 0  1  2  3  4  5  6  7  8  9 10 11 12 13 14 16 18 20 24 26 27 29 31 33
 39 42 43 44 45 48 52 55 56 58 62 63 65 67 68 70 72 74 75 77 79 80 81 82
 85]
总流动性 1516627704.2021427
*************************************
epoch: 118
破产银行集合 [15 17 19 21 22 23 25 28 30 32 34 35 36 37 38 40 41 46 47 49 50 51 53 54
 57 59 60 61 64 66 69 71 73 76 78 83 84]
破产银行数 37
净资产 1411904240.2021425
正常的银行集合 [ 0  1  2  3  4  5  6  7  8  9 10 11 12 13 14 16 18 20 24 26 27 29 31 33
 39 42 43 44 45 48 52 55 56 58 62 63 65 67 68 70 72 74 75 77 79 80 81 82
 85]
总流动性 1516626223.3948598
*************************************
epoch: 119
破产银行集合 [15 17 19 21 22 23 25 28 30 32 34 35 36 37 38 40 41 46 47 49 50 51 53 54
 57 59 60 61 64 66 69 71 73 76 78 83 84]
破产银行数 37
净资产 1411902759.3948596
正常的银行集合 [ 0  1  2  3  4  5  6  7  8  9 10 11 12 13 14 16 18 20 24 26 27 29 31 33
 39 42 43 44 45 48 52 55 56 58 62 63 65 67 68 70 72 74 75 77 79 80 81 82
 85]
总流动性 1516624427.4996767
*************************************
epoch: 120
破产银行集合 [15 17 19 21 22 23 25 28 30 32 34 35 36 37 38 40 41 46 47 49 50 51 53 54
 57 59 60 61 64 66 69 71 73 76 78 83 84]
破产银行数 37
净资产 1411900963.4996767
正常的银行集合 [ 0  1  2  3  4  5  6  7  8  9 10 11 12 13 14 16 18 20 24 26 27 29 31 33
 39 42 43 44 45 48 52 55 56 58 62 63 65 67 68 70 72 74 75 77 79 80 81 82
 85]
总流动性 1516623367.7409587
*************************************
epoch: 121
破产银行集合 [15 17 19 21 22 23 25 28 30 32 34 35 36 37 38 40 41 46 47 49 50 51 53 54
 57 59 60 61 64 66 69 71 73 76 78 83 84]
破产银行数 37
净资产 1411899903.740959
正常的银行集合 [ 0  1  2  3  4  5  6  7  8  9 10 11 12 13 14 16 18 20 24 26 27 29 31 33
 39 42 43 44 45 48 52 55 56 58 62 63 65 67 68 70 72 74 75 77 79 80 81 82
 85]
总流动性 1516621827.7537806
*************************************
epoch: 122
破产银行集合 [15 17 19 21 22 23 25 28 30 32 34 35 36 37 38 40 41 46 47 49 50 51 53 54
 57 59 60 61 64 66 69 71 73 76 78 83 84]
破产银行数 37
净资产 1411898363.7537808
正常的银行集合 [ 0  1  2  3  4  5  6  7  8  9 10 11 12 13 14 16 18 20 24 26 27 29 31 33
 39 42 43 44 45 48 52 55 56 58 62 63 65 67 68 70 72 74 75 77 79 80 81 82
 85]
总流动性 1516621477.0072553
*************************************
epoch: 123
破产银行集合 [15 17 19 21 22 23 25 28 30 32 34 35 36 37 38 40 41 46 47 49 50 51 53 54
 57 59 60 61 64 66 69 71 73 76 78 83 84]
破产银行数 37
净资产 1411898013.0072553
正常的银行集合 [ 0  1  2  3  4  5  6  7  8  9 10 11 12 13 14 16 18 20 24 26 27 29 31 33
 39 42 43 44 45 48 52 55 56 58 62 63 65 67 68 70 72 74 75 77 79 80 81 82
 85]
总流动性 1516619303.2677736
*************************************
epoch: 124
破产银行集合 [15 17 19 21 22 23 25 28 30 32 34 35 36 37 38 40 41 46 47 49 50 51 53 54
 57 59 60 61 64 66 69 71 73 76 78 83 84]
破产银行数 37
净资产 1411895839.2677732
正常的银行集合 [ 0  1  2  3  4  5  6  7  8  9 10 11 12 13 14 16 18 20 24 26 27 29 31 33
 39 42 43 44 45 48 52 55 56 58 62 63 65 67 68 70 72 74 75 77 79 80 81 82
 85]
总流动性 1516618352.1597066
*************************************
epoch: 125
破产银行集合 [15 17 19 21 22 23 25 28 30 32 34 35 36 37 38 40 41 46 47 49 50 51 53 54
 57 59 60 61 64 66 69 71 73 76 78 83 84]
破产银行数 37
净资产 1411894888.1597068
正常的银行集合 [ 0  1  2  3  4  5  6  7  8  9 10 11 12 13 14 16 18 20 24 26 27 29 31 33
 39 42 43 44 45 48 52 55 56 58 62 63 65 67 68 70 72 74 75 77 79 80 81 82
 85]
总流动性 1516618091.4534976
*************************************
epoch: 126
破产银行集合 [15 17 19 21 22 23 25 28 30 32 34 35 36 37 38 40 41 46 47 49 50 51 53 54
 57 59 60 61 64 66 69 71 73 76 78 83 84]
破产银行数 37
净资产 1411894627.4534974
正常的银行集合 [ 0  1  2  3  4  5  6  7  8  9 10 11 12 13 14 16 18 20 24 26 27 29 31 33
 39 42 43 44 45 48 52 55 56 58 62 63 65 67 68 70 72 74 75 77 79 80 81 82
 85]
总流动性 1516616928.1726856
*************************************
epoch: 127
破产银行集合 [15 17 19 21 22 23 25 28 30 32 34 35 36 37 38 40 41 46 47 49 50 51 53 54
 57 59 60 61 64 66 69 71 73 76 78 83 84]
破产银行数 37
净资产 1411893464.1726856
正常的银行集合 [ 0  1  2  3  4  5  6  7  8  9 10 11 12 13 14 16 18 20 24 26 27 29 31 33
 39 42 43 44 45 48 52 55 56 58 62 63 65 67 68 70 72 74 75 77 79 80 81 82
 85]
总流动性 1516616197.8753474
*************************************
epoch: 128
破产银行集合 [15 17 19 21 22 23 25 28 30 32 34 35 36 37 38 40 41 46 47 49 50 51 53 54
 57 59 60 61 64 66 69 71 73 76 78 83 84]
破产银行数 37
净资产 1411892733.8753476
正常的银行集合 [ 0  1  2  3  4  5  6  7  8  9 10 11 12 13 14 16 18 20 24 26 27 29 31 33
 39 42 43 44 45 48 52 55 56 58 62 63 65 67 68 70 72 74 75 77 79 80 81 82
 85]
总流动性 1516615521.0568192
*************************************
epoch: 129
破产银行集合 [15 17 19 21 22 23 25 28 30 32 34 35 36 37 38 40 41 46 47 49 50 51 53 54
 57 59 60 61 64 66 69 71 73 76 78 83 84]
破产银行数 37
净资产 1411892057.0568192
正常的银行集合 [ 0  1  2  3  4  5  6  7  8  9 10 11 12 13 14 16 18 20 24 26 27 29 31 33
 39 42 43 44 45 48 52 55 56 58 62 63 65 67 68 70 72 74 75 77 79 80 81 82
 85]
总流动性 1516615263.3962634
*************************************
epoch: 130
破产银行集合 [15 17 19 21 22 23 25 28 30 32 34 35 36 37 38 40 41 46 47 49 50 51 53 54
 57 59 60 61 64 66 69 71 73 76 78 83 84]
破产银行数 37
净资产 1411891799.3962636
正常的银行集合 [ 0  1  2  3  4  5  6  7  8  9 10 11 12 13 14 16 18 20 24 26 27 29 31 33
 39 42 43 44 45 48 52 55 56 58 62 63 65 67 68 70 72 74 75 77 79 80 81 82
 85]
总流动性 1516615067.6978676
*************************************
epoch: 131
破产银行集合 [15 17 19 21 22 23 25 28 30 32 34 35 36 37 38 40 41 46 47 49 50 51 53 54
 57 59 60 61 64 66 69 71 73 76 78 83 84]
破产银行数 37
净资产 1411891603.6978676
正常的银行集合 [ 0  1  2  3  4  5  6  7  8  9 10 11 12 13 14 16 18 20 24 26 27 29 31 33
 39 42 43 44 45 48 52 55 56 58 62 63 65 67 68 70 72 74 75 77 79 80 81 82
 85]
总流动性 1516614842.6540961
*************************************
epoch: 132
破产银行集合 [15 17 19 21 22 23 25 28 30 32 34 35 36 37 38 40 41 46 47 49 50 51 53 54
 57 59 60 61 64 66 69 71 73 76 78 83 84]
破产银行数 37
净资产 1411891378.6540961
正常的银行集合 [ 0  1  2  3  4  5  6  7  8  9 10 11 12 13 14 16 18 20 24 26 27 29 31 33
 39 42 43 44 45 48 52 55 56 58 62 63 65 67 68 70 72 74 75 77 79 80 81 82
 85]
总流动性 1516614341.1955583
*************************************
epoch: 133
破产银行集合 [15 17 19 21 22 23 25 28 30 32 34 35 36 37 38 40 41 46 47 49 50 51 53 54
 57 59 60 61 64 66 69 71 73 76 78 83 84]
破产银行数 37
净资产 1411890877.1955578
正常的银行集合 [ 0  1  2  3  4  5  6  7  8  9 10 11 12 13 14 16 18 20 24 26 27 29 31 33
 39 42 43 44 45 48 52 55 56 58 62 63 65 67 68 70 72 74 75 77 79 80 81 82
 85]
总流动性 1516614143.878179
*************************************
epoch: 134
破产银行集合 [15 17 19 21 22 23 25 28 30 32 34 35 36 37 38 40 41 46 47 49 50 51 53 54
 57 59 60 61 64 66 69 71 73 76 78 83 84]
破产银行数 37
净资产 1411890679.8781788
正常的银行集合 [ 0  1  2  3  4  5  6  7  8  9 10 11 12 13 14 16 18 20 24 26 27 29 31 33
 39 42 43 44 45 48 52 55 56 58 62 63 65 67 68 70 72 74 75 77 79 80 81 82
 85]
总流动性 1516613924.4399426
*************************************
epoch: 135
破产银行集合 [15 17 19 21 22 23 25 28 30 32 34 35 36 37 38 40 41 46 47 49 50 51 53 54
 57 59 60 61 64 66 69 71 73 76 78 83 84]
破产银行数 37
净资产 1411890460.4399424
正常的银行集合 [ 0  1  2  3  4  5  6  7  8  9 10 11 12 13 14 16 18 20 24 26 27 29 31 33
 39 42 43 44 45 48 52 55 56 58 62 63 65 67 68 70 72 74 75 77 79 80 81 82
 85]
总流动性 1516613880.7629173
*************************************
epoch: 136
破产银行集合 [15 17 19 21 22 23 25 28 30 32 34 35 36 37 38 40 41 46 47 49 50 51 53 54
 57 59 60 61 64 66 69 71 73 76 78 83 84]
破产银行数 37
净资产 1411890416.762917
正常的银行集合 [ 0  1  2  3  4  5  6  7  8  9 10 11 12 13 14 16 18 20 24 26 27 29 31 33
 39 42 43 44 45 48 52 55 56 58 62 63 65 67 68 70 72 74 75 77 79 80 81 82
 85]
总流动性 1516613655.2075486
*************************************
epoch: 137
破产银行集合 [15 17 19 21 22 23 25 28 30 32 34 35 36 37 38 40 41 46 47 49 50 51 53 54
 57 59 60 61 64 66 69 71 73 76 78 83 84]
破产银行数 37
净资产 1411890191.2075486
正常的银行集合 [ 0  1  2  3  4  5  6  7  8  9 10 11 12 13 14 16 18 20 24 26 27 29 31 33
 39 42 43 44 45 48 52 55 56 58 62 63 65 67 68 70 72 74 75 77 79 80 81 82
 85]
总流动性 1516613317.4417217
*************************************
epoch: 138
破产银行集合 [15 17 19 21 22 23 25 28 30 32 34 35 36 37 38 40 41 46 47 49 50 51 53 54
 57 59 60 61 64 66 69 71 73 76 78 83 84]
破产银行数 37
净资产 1411889853.4417222
正常的银行集合 [ 0  1  2  3  4  5  6  7  8  9 10 11 12 13 14 16 18 20 24 26 27 29 31 33
 39 42 43 44 45 48 52 55 56 58 62 63 65 67 68 70 72 74 75 77 79 80 81 82
 85]
总流动性 1516613096.4948459
*************************************
epoch: 139
破产银行集合 [15 17 19 21 22 23 25 28 30 32 34 35 36 37 38 40 41 46 47 49 50 51 53 54
 57 59 60 61 64 66 69 71 73 76 78 83 84]
破产银行数 37
净资产 1411889632.4948454
正常的银行集合 [ 0  1  2  3  4  5  6  7  8  9 10 11 12 13 14 16 18 20 24 26 27 29 31 33
 39 42 43 44 45 48 52 55 56 58 62 63 65 67 68 70 72 74 75 77 79 80 81 82
 85]
总流动性 1516612980.6156757
*************************************
epoch: 140
破产银行集合 [15 17 19 21 22 23 25 28 30 32 34 35 36 37 38 40 41 46 47 49 50 51 53 54
 57 59 60 61 64 66 69 71 73 76 78 83 84]
破产银行数 37
净资产 1411889516.6156752
正常的银行集合 [ 0  1  2  3  4  5  6  7  8  9 10 11 12 13 14 16 18 20 24 26 27 29 31 33
 39 42 43 44 45 48 52 55 56 58 62 63 65 67 68 70 72 74 75 77 79 80 81 82
 85]
总流动性 1516612796.8082979
*************************************
epoch: 141
破产银行集合 [15 17 19 21 22 23 25 28 30 32 34 35 36 37 38 40 41 46 47 49 50 51 53 54
 57 59 60 61 64 66 69 71 73 76 78 83 84]
破产银行数 37
净资产 1411889332.8082979
正常的银行集合 [ 0  1  2  3  4  5  6  7  8  9 10 11 12 13 14 16 18 20 24 26 27 29 31 33
 39 42 43 44 45 48 52 55 56 58 62 63 65 67 68 70 72 74 75 77 79 80 81 82
 85]
总流动性 1516612683.705898
*************************************
epoch: 142
破产银行集合 [15 17 19 21 22 23 25 28 30 32 34 35 36 37 38 40 41 46 47 49 50 51 53 54
 57 59 60 61 64 66 69 71 73 76 78 83 84]
破产银行数 37
净资产 1411889219.7058978
正常的银行集合 [ 0  1  2  3  4  5  6  7  8  9 10 11 12 13 14 16 18 20 24 26 27 29 31 33
 39 42 43 44 45 48 52 55 56 58 62 63 65 67 68 70 72 74 75 77 79 80 81 82
 85]
总流动性 1516612553.277817
*************************************
epoch: 143
破产银行集合 [15 17 19 21 22 23 25 28 30 32 34 35 36 37 38 40 41 46 47 49 50 51 53 54
 57 59 60 61 64 66 69 71 73 76 78 83 84]
破产银行数 37
净资产 1411889089.277817
正常的银行集合 [ 0  1  2  3  4  5  6  7  8  9 10 11 12 13 14 16 18 20 24 26 27 29 31 33
 39 42 43 44 45 48 52 55 56 58 62 63 65 67 68 70 72 74 75 77 79 80 81 82
 85]
总流动性 1516612385.3343813
*************************************
epoch: 144
破产银行集合 [15 17 19 21 22 23 25 28 30 32 34 35 36 37 38 40 41 46 47 49 50 51 53 54
 57 59 60 61 64 66 69 71 73 76 78 83 84]
破产银行数 37
净资产 1411888921.3343818
正常的银行集合 [ 0  1  2  3  4  5  6  7  8  9 10 11 12 13 14 16 18 20 24 26 27 29 31 33
 39 42 43 44 45 48 52 55 56 58 62 63 65 67 68 70 72 74 75 77 79 80 81 82
 85]
总流动性 1516612285.8392835
*************************************
epoch: 145
破产银行集合 [15 17 19 21 22 23 25 28 30 32 34 35 36 37 38 40 41 46 47 49 50 51 53 54
 57 59 60 61 64 66 69 71 73 76 78 83 84]
破产银行数 37
净资产 1411888821.8392835
正常的银行集合 [ 0  1  2  3  4  5  6  7  8  9 10 11 12 13 14 16 18 20 24 26 27 29 31 33
 39 42 43 44 45 48 52 55 56 58 62 63 65 67 68 70 72 74 75 77 79 80 81 82
 85]
总流动性 1516612182.0396473
*************************************
epoch: 146
破产银行集合 [15 17 19 21 22 23 25 28 30 32 34 35 36 37 38 40 41 46 47 49 50 51 53 54
 57 59 60 61 64 66 69 71 73 76 78 83 84]
破产银行数 37
净资产 1411888718.0396473
正常的银行集合 [ 0  1  2  3  4  5  6  7  8  9 10 11 12 13 14 16 18 20 24 26 27 29 31 33
 39 42 43 44 45 48 52 55 56 58 62 63 65 67 68 70 72 74 75 77 79 80 81 82
 85]
总流动性 1516612160.564225
*************************************
epoch: 147
破产银行集合 [15 17 19 21 22 23 25 28 30 32 34 35 36 37 38 40 41 46 47 49 50 51 53 54
 57 59 60 61 64 66 69 71 73 76 78 83 84]
破产银行数 37
净资产 1411888696.5642252
正常的银行集合 [ 0  1  2  3  4  5  6  7  8  9 10 11 12 13 14 16 18 20 24 26 27 29 31 33
 39 42 43 44 45 48 52 55 56 58 62 63 65 67 68 70 72 74 75 77 79 80 81 82
 85]
总流动性 1516611947.4492004
*************************************
epoch: 148
破产银行集合 [15 17 19 21 22 23 25 28 30 32 34 35 36 37 38 40 41 46 47 49 50 51 53 54
 57 59 60 61 64 66 69 71 73 76 78 83 84]
破产银行数 37
净资产 1411888483.4492004
正常的银行集合 [ 0  1  2  3  4  5  6  7  8  9 10 11 12 13 14 16 18 20 24 26 27 29 31 33
 39 42 43 44 45 48 52 55 56 58 62 63 65 67 68 70 72 74 75 77 79 80 81 82
 85]
总流动性 1516611740.1306074
*************************************
epoch: 149
破产银行集合 [15 17 19 21 22 23 25 28 30 32 34 35 36 37 38 40 41 46 47 49 50 51 53 54
 57 59 60 61 64 66 69 71 73 76 78 83 84]
破产银行数 37
净资产 1411888276.1306071
正常的银行集合 [ 0  1  2  3  4  5  6  7  8  9 10 11 12 13 14 16 18 20 24 26 27 29 31 33
 39 42 43 44 45 48 52 55 56 58 62 63 65 67 68 70 72 74 75 77 79 80 81 82
 85]
总流动性 1516611733.0006664
*************************************
epoch: 150
破产银行集合 [15 17 19 21 22 23 25 28 30 32 34 35 36 37 38 40 41 46 47 49 50 51 53 54
 57 59 60 61 64 66 69 71 73 76 78 83 84]
破产银行数 37
净资产 1411888269.0006664
正常的银行集合 [ 0  1  2  3  4  5  6  7  8  9 10 11 12 13 14 16 18 20 24 26 27 29 31 33
 39 42 43 44 45 48 52 55 56 58 62 63 65 67 68 70 72 74 75 77 79 80 81 82
 85]
总流动性 1516611611.896676
*************************************
epoch: 151
破产银行集合 [15 17 19 21 22 23 25 28 30 32 34 35 36 37 38 40 41 46 47 49 50 51 53 54
 57 59 60 61 64 66 69 71 73 76 78 83 84]
破产银行数 37
净资产 1411888147.896676
正常的银行集合 [ 0  1  2  3  4  5  6  7  8  9 10 11 12 13 14 16 18 20 24 26 27 29 31 33
 39 42 43 44 45 48 52 55 56 58 62 63 65 67 68 70 72 74 75 77 79 80 81 82
 85]
总流动性 1516611511.0698824
*************************************
epoch: 152
破产银行集合 [15 17 19 21 22 23 25 28 30 32 34 35 36 37 38 40 41 46 47 49 50 51 53 54
 57 59 60 61 64 66 69 71 73 76 78 83 84]
破产银行数 37
净资产 1411888047.0698824
正常的银行集合 [ 0  1  2  3  4  5  6  7  8  9 10 11 12 13 14 16 18 20 24 26 27 29 31 33
 39 42 43 44 45 48 52 55 56 58 62 63 65 67 68 70 72 74 75 77 79 80 81 82
 85]
总流动性 1516611444.878776
*************************************
epoch: 153
破产银行集合 [15 17 19 21 22 23 25 28 30 32 34 35 36 37 38 40 41 46 47 49 50 51 53 54
 57 59 60 61 64 66 69 71 73 76 78 83 84]
破产银行数 37
净资产 1411887980.878776
正常的银行集合 [ 0  1  2  3  4  5  6  7  8  9 10 11 12 13 14 16 18 20 24 26 27 29 31 33
 39 42 43 44 45 48 52 55 56 58 62 63 65 67 68 70 72 74 75 77 79 80 81 82
 85]
总流动性 1516611328.161912
*************************************
epoch: 154
破产银行集合 [15 17 19 21 22 23 25 28 30 32 34 35 36 37 38 40 41 46 47 49 50 51 53 54
 57 59 60 61 64 66 69 71 73 76 78 83 84]
破产银行数 37
净资产 1411887864.161912
正常的银行集合 [ 0  1  2  3  4  5  6  7  8  9 10 11 12 13 14 16 18 20 24 26 27 29 31 33
 39 42 43 44 45 48 52 55 56 58 62 63 65 67 68 70 72 74 75 77 79 80 81 82
 85]
总流动性 1516611160.2757266
*************************************
epoch: 155
破产银行集合 [15 17 19 21 22 23 25 28 30 32 34 35 36 37 38 40 41 46 47 49 50 51 53 54
 57 59 60 61 64 66 69 71 73 76 78 83 84]
破产银行数 37
净资产 1411887696.2757266
正常的银行集合 [ 0  1  2  3  4  5  6  7  8  9 10 11 12 13 14 16 18 20 24 26 27 29 31 33
 39 42 43 44 45 48 52 55 56 58 62 63 65 67 68 70 72 74 75 77 79 80 81 82
 85]
总流动性 1516611132.7750094
*************************************
epoch: 156
破产银行集合 [15 17 19 21 22 23 25 28 30 32 34 35 36 37 38 40 41 46 47 49 50 51 53 54
 57 59 60 61 64 66 69 71 73 76 78 83 84]
破产银行数 37
净资产 1411887668.7750094
正常的银行集合 [ 0  1  2  3  4  5  6  7  8  9 10 11 12 13 14 16 18 20 24 26 27 29 31 33
 39 42 43 44 45 48 52 55 56 58 62 63 65 67 68 70 72 74 75 77 79 80 81 82
 85]
总流动性 1516611083.1964648
*************************************
epoch: 157
破产银行集合 [15 17 19 21 22 23 25 28 30 32 34 35 36 37 38 40 41 46 47 49 50 51 53 54
 57 59 60 61 64 66 69 71 73 76 78 83 84]
破产银行数 37
净资产 1411887619.1964645
正常的银行集合 [ 0  1  2  3  4  5  6  7  8  9 10 11 12 13 14 16 18 20 24 26 27 29 31 33
 39 42 43 44 45 48 52 55 56 58 62 63 65 67 68 70 72 74 75 77 79 80 81 82
 85]
总流动性 1516611082.3504477
*************************************
epoch: 158
破产银行集合 [15 17 19 21 22 23 25 28 30 32 34 35 36 37 38 40 41 46 47 49 50 51 53 54
 57 59 60 61 64 66 69 71 73 76 78 83 84]
破产银行数 37
净资产 1411887618.3504474
正常的银行集合 [ 0  1  2  3  4  5  6  7  8  9 10 11 12 13 14 16 18 20 24 26 27 29 31 33
 39 42 43 44 45 48 52 55 56 58 62 63 65 67 68 70 72 74 75 77 79 80 81 82
 85]
总流动性 1516611018.50367
*************************************
epoch: 159
破产银行集合 [15 17 19 21 22 23 25 28 30 32 34 35 36 37 38 40 41 46 47 49 50 51 53 54
 57 59 60 61 64 66 69 71 73 76 78 83 84]
破产银行数 37
净资产 1411887554.5036697
正常的银行集合 [ 0  1  2  3  4  5  6  7  8  9 10 11 12 13 14 16 18 20 24 26 27 29 31 33
 39 42 43 44 45 48 52 55 56 58 62 63 65 67 68 70 72 74 75 77 79 80 81 82
 85]
总流动性 1516610991.296976
*************************************
epoch: 160
破产银行集合 [15 17 19 21 22 23 25 28 30 32 34 35 36 37 38 40 41 46 47 49 50 51 53 54
 57 59 60 61 64 66 69 71 73 76 78 83 84]
破产银行数 37
净资产 1411887527.2969763
正常的银行集合 [ 0  1  2  3  4  5  6  7  8  9 10 11 12 13 14 16 18 20 24 26 27 29 31 33
 39 42 43 44 45 48 52 55 56 58 62 63 65 67 68 70 72 74 75 77 79 80 81 82
 85]
总流动性 1516610926.88245
*************************************
epoch: 161
破产银行集合 [15 17 19 21 22 23 25 28 30 32 34 35 36 37 38 40 41 46 47 49 50 51 53 54
 57 59 60 61 64 66 69 71 73 76 78 83 84]
破产银行数 37
净资产 1411887462.88245
正常的银行集合 [ 0  1  2  3  4  5  6  7  8  9 10 11 12 13 14 16 18 20 24 26 27 29 31 33
 39 42 43 44 45 48 52 55 56 58 62 63 65 67 68 70 72 74 75 77 79 80 81 82
 85]
总流动性 1516610921.4626431
*************************************
epoch: 162
破产银行集合 [15 17 19 21 22 23 25 28 30 32 34 35 36 37 38 40 41 46 47 49 50 51 53 54
 57 59 60 61 64 66 69 71 73 76 78 83 84]
破产银行数 37
净资产 1411887457.4626434
正常的银行集合 [ 0  1  2  3  4  5  6  7  8  9 10 11 12 13 14 16 18 20 24 26 27 29 31 33
 39 42 43 44 45 48 52 55 56 58 62 63 65 67 68 70 72 74 75 77 79 80 81 82
 85]
总流动性 1516610881.383338
*************************************
epoch: 163
破产银行集合 [15 17 19 21 22 23 25 28 30 32 34 35 36 37 38 40 41 46 47 49 50 51 53 54
 57 59 60 61 64 66 69 71 73 76 78 83 84]
破产银行数 37
净资产 1411887417.3833382
正常的银行集合 [ 0  1  2  3  4  5  6  7  8  9 10 11 12 13 14 16 18 20 24 26 27 29 31 33
 39 42 43 44 45 48 52 55 56 58 62 63 65 67 68 70 72 74 75 77 79 80 81 82
 85]
总流动性 1516610882.7034738
*************************************
epoch: 164
破产银行集合 [15 17 19 21 22 23 25 28 30 32 34 35 36 37 38 40 41 46 47 49 50 51 53 54
 57 59 60 61 64 66 69 71 73 76 78 83 84]
破产银行数 37
净资产 1411887418.7034736
正常的银行集合 [ 0  1  2  3  4  5  6  7  8  9 10 11 12 13 14 16 18 20 24 26 27 29 31 33
 39 42 43 44 45 48 52 55 56 58 62 63 65 67 68 70 72 74 75 77 79 80 81 82
 85]
总流动性 1516610870.1416109
*************************************
epoch: 165
破产银行集合 [15 17 19 21 22 23 25 28 30 32 34 35 36 37 38 40 41 46 47 49 50 51 53 54
 57 59 60 61 64 66 69 71 73 76 78 83 84]
破产银行数 37
净资产 1411887406.1416106
正常的银行集合 [ 0  1  2  3  4  5  6  7  8  9 10 11 12 13 14 16 18 20 24 26 27 29 31 33
 39 42 43 44 45 48 52 55 56 58 62 63 65 67 68 70 72 74 75 77 79 80 81 82
 85]
总流动性 1516610802.1103613
*************************************
epoch: 166
破产银行集合 [15 17 19 21 22 23 25 28 30 32 34 35 36 37 38 40 41 46 47 49 50 51 53 54
 57 59 60 61 64 66 69 71 73 76 78 83 84]
破产银行数 37
净资产 1411887338.110361
正常的银行集合 [ 0  1  2  3  4  5  6  7  8  9 10 11 12 13 14 16 18 20 24 26 27 29 31 33
 39 42 43 44 45 48 52 55 56 58 62 63 65 67 68 70 72 74 75 77 79 80 81 82
 85]
总流动性 1516610780.7060087
*************************************
epoch: 167
破产银行集合 [15 17 19 21 22 23 25 28 30 32 34 35 36 37 38 40 41 46 47 49 50 51 53 54
 57 59 60 61 64 66 69 71 73 76 78 83 84]
破产银行数 37
净资产 1411887316.7060082
正常的银行集合 [ 0  1  2  3  4  5  6  7  8  9 10 11 12 13 14 16 18 20 24 26 27 29 31 33
 39 42 43 44 45 48 52 55 56 58 62 63 65 67 68 70 72 74 75 77 79 80 81 82
 85]
总流动性 1516610732.221036
*************************************
epoch: 168
破产银行集合 [15 17 19 21 22 23 25 28 30 32 34 35 36 37 38 40 41 46 47 49 50 51 53 54
 57 59 60 61 64 66 69 71 73 76 78 83 84]
破产银行数 37
净资产 1411887268.2210357
正常的银行集合 [ 0  1  2  3  4  5  6  7  8  9 10 11 12 13 14 16 18 20 24 26 27 29 31 33
 39 42 43 44 45 48 52 55 56 58 62 63 65 67 68 70 72 74 75 77 79 80 81 82
 85]
总流动性 1516610728.4315906
*************************************
epoch: 169
破产银行集合 [15 17 19 21 22 23 25 28 30 32 34 35 36 37 38 40 41 46 47 49 50 51 53 54
 57 59 60 61 64 66 69 71 73 76 78 83 84]
破产银行数 37
净资产 1411887264.4315906
正常的银行集合 [ 0  1  2  3  4  5  6  7  8  9 10 11 12 13 14 16 18 20 24 26 27 29 31 33
 39 42 43 44 45 48 52 55 56 58 62 63 65 67 68 70 72 74 75 77 79 80 81 82
 85]
总流动性 1516610705.5230327
*************************************
epoch: 170
破产银行集合 [15 17 19 21 22 23 25 28 30 32 34 35 36 37 38 40 41 46 47 49 50 51 53 54
 57 59 60 61 64 66 69 71 73 76 78 83 84]
破产银行数 37
净资产 1411887241.5230327
正常的银行集合 [ 0  1  2  3  4  5  6  7  8  9 10 11 12 13 14 16 18 20 24 26 27 29 31 33
 39 42 43 44 45 48 52 55 56 58 62 63 65 67 68 70 72 74 75 77 79 80 81 82
 85]
总流动性 1516610696.555115
*************************************
epoch: 171
破产银行集合 [15 17 19 21 22 23 25 28 30 32 34 35 36 37 38 40 41 46 47 49 50 51 53 54
 57 59 60 61 64 66 69 71 73 76 78 83 84]
破产银行数 37
净资产 1411887232.5551147
正常的银行集合 [ 0  1  2  3  4  5  6  7  8  9 10 11 12 13 14 16 18 20 24 26 27 29 31 33
 39 42 43 44 45 48 52 55 56 58 62 63 65 67 68 70 72 74 75 77 79 80 81 82
 85]
总流动性 1516610681.1081257
*************************************
epoch: 172
破产银行集合 [15 17 19 21 22 23 25 28 30 32 34 35 36 37 38 40 41 46 47 49 50 51 53 54
 57 59 60 61 64 66 69 71 73 76 78 83 84]
破产银行数 37
净资产 1411887217.108126
正常的银行集合 [ 0  1  2  3  4  5  6  7  8  9 10 11 12 13 14 16 18 20 24 26 27 29 31 33
 39 42 43 44 45 48 52 55 56 58 62 63 65 67 68 70 72 74 75 77 79 80 81 82
 85]
总流动性 1516610652.2991807
*************************************
epoch: 173
破产银行集合 [15 17 19 21 22 23 25 28 30 32 34 35 36 37 38 40 41 46 47 49 50 51 53 54
 57 59 60 61 64 66 69 71 73 76 78 83 84]
破产银行数 37
净资产 1411887188.2991807
正常的银行集合 [ 0  1  2  3  4  5  6  7  8  9 10 11 12 13 14 16 18 20 24 26 27 29 31 33
 39 42 43 44 45 48 52 55 56 58 62 63 65 67 68 70 72 74 75 77 79 80 81 82
 85]
总流动性 1516610623.0834808
*************************************
epoch: 174
破产银行集合 [15 17 19 21 22 23 25 28 30 32 34 35 36 37 38 40 41 46 47 49 50 51 53 54
 57 59 60 61 64 66 69 71 73 76 78 83 84]
破产银行数 37
净资产 1411887159.0834808
正常的银行集合 [ 0  1  2  3  4  5  6  7  8  9 10 11 12 13 14 16 18 20 24 26 27 29 31 33
 39 42 43 44 45 48 52 55 56 58 62 63 65 67 68 70 72 74 75 77 79 80 81 82
 85]
总流动性 1516610600.7568967
*************************************
epoch: 175
破产银行集合 [15 17 19 21 22 23 25 28 30 32 34 35 36 37 38 40 41 46 47 49 50 51 53 54
 57 59 60 61 64 66 69 71 73 76 78 83 84]
破产银行数 37
净资产 1411887136.7568967
正常的银行集合 [ 0  1  2  3  4  5  6  7  8  9 10 11 12 13 14 16 18 20 24 26 27 29 31 33
 39 42 43 44 45 48 52 55 56 58 62 63 65 67 68 70 72 74 75 77 79 80 81 82
 85]
总流动性 1516610585.714327
*************************************
epoch: 176
破产银行集合 [15 17 19 21 22 23 25 28 30 32 34 35 36 37 38 40 41 46 47 49 50 51 53 54
 57 59 60 61 64 66 69 71 73 76 78 83 84]
破产银行数 37
净资产 1411887121.7143273
正常的银行集合 [ 0  1  2  3  4  5  6  7  8  9 10 11 12 13 14 16 18 20 24 26 27 29 31 33
 39 42 43 44 45 48 52 55 56 58 62 63 65 67 68 70 72 74 75 77 79 80 81 82
 85]
总流动性 1516610570.7286117
*************************************
epoch: 177
破产银行集合 [15 17 19 21 22 23 25 28 30 32 34 35 36 37 38 40 41 46 47 49 50 51 53 54
 57 59 60 61 64 66 69 71 73 76 78 83 84]
破产银行数 37
净资产 1411887106.7286112
正常的银行集合 [ 0  1  2  3  4  5  6  7  8  9 10 11 12 13 14 16 18 20 24 26 27 29 31 33
 39 42 43 44 45 48 52 55 56 58 62 63 65 67 68 70 72 74 75 77 79 80 81 82
 85]
总流动性 1516610560.3100185
*************************************
epoch: 178
破产银行集合 [15 17 19 21 22 23 25 28 30 32 34 35 36 37 38 40 41 46 47 49 50 51 53 54
 57 59 60 61 64 66 69 71 73 76 78 83 84]
破产银行数 37
净资产 1411887096.3100185
正常的银行集合 [ 0  1  2  3  4  5  6  7  8  9 10 11 12 13 14 16 18 20 24 26 27 29 31 33
 39 42 43 44 45 48 52 55 56 58 62 63 65 67 68 70 72 74 75 77 79 80 81 82
 85]
总流动性 1516610542.582715
*************************************
epoch: 179
破产银行集合 [15 17 19 21 22 23 25 28 30 32 34 35 36 37 38 40 41 46 47 49 50 51 53 54
 57 59 60 61 64 66 69 71 73 76 78 83 84]
破产银行数 37
净资产 1411887078.5827148
正常的银行集合 [ 0  1  2  3  4  5  6  7  8  9 10 11 12 13 14 16 18 20 24 26 27 29 31 33
 39 42 43 44 45 48 52 55 56 58 62 63 65 67 68 70 72 74 75 77 79 80 81 82
 85]
总流动性 1516610531.7651415
*************************************
epoch: 180
破产银行集合 [15 17 19 21 22 23 25 28 30 32 34 35 36 37 38 40 41 46 47 49 50 51 53 54
 57 59 60 61 64 66 69 71 73 76 78 83 84]
破产银行数 37
净资产 1411887067.765142
正常的银行集合 [ 0  1  2  3  4  5  6  7  8  9 10 11 12 13 14 16 18 20 24 26 27 29 31 33
 39 42 43 44 45 48 52 55 56 58 62 63 65 67 68 70 72 74 75 77 79 80 81 82
 85]
总流动性 1516610528.9776068
*************************************
epoch: 181
破产银行集合 [15 17 19 21 22 23 25 28 30 32 34 35 36 37 38 40 41 46 47 49 50 51 53 54
 57 59 60 61 64 66 69 71 73 76 78 83 84]
破产银行数 37
净资产 1411887064.977607
正常的银行集合 [ 0  1  2  3  4  5  6  7  8  9 10 11 12 13 14 16 18 20 24 26 27 29 31 33
 39 42 43 44 45 48 52 55 56 58 62 63 65 67 68 70 72 74 75 77 79 80 81 82
 85]
总流动性 1516610530.491003
*************************************
epoch: 182
破产银行集合 [15 17 19 21 22 23 25 28 30 32 34 35 36 37 38 40 41 46 47 49 50 51 53 54
 57 59 60 61 64 66 69 71 73 76 78 83 84]
破产银行数 37
净资产 1411887066.4910035
正常的银行集合 [ 0  1  2  3  4  5  6  7  8  9 10 11 12 13 14 16 18 20 24 26 27 29 31 33
 39 42 43 44 45 48 52 55 56 58 62 63 65 67 68 70 72 74 75 77 79 80 81 82
 85]
总流动性 1516610524.493842
*************************************
epoch: 183
破产银行集合 [15 17 19 21 22 23 25 28 30 32 34 35 36 37 38 40 41 46 47 49 50 51 53 54
 57 59 60 61 64 66 69 71 73 76 78 83 84]
破产银行数 37
净资产 1411887060.4938416
正常的银行集合 [ 0  1  2  3  4  5  6  7  8  9 10 11 12 13 14 16 18 20 24 26 27 29 31 33
 39 42 43 44 45 48 52 55 56 58 62 63 65 67 68 70 72 74 75 77 79 80 81 82
 85]
总流动性 1516610520.1151617
*************************************
epoch: 184
破产银行集合 [15 17 19 21 22 23 25 28 30 32 34 35 36 37 38 40 41 46 47 49 50 51 53 54
 57 59 60 61 64 66 69 71 73 76 78 83 84]
破产银行数 37
净资产 1411887056.1151614
正常的银行集合 [ 0  1  2  3  4  5  6  7  8  9 10 11 12 13 14 16 18 20 24 26 27 29 31 33
 39 42 43 44 45 48 52 55 56 58 62 63 65 67 68 70 72 74 75 77 79 80 81 82
 85]
总流动性 1516610511.3798394
*************************************
epoch: 185
破产银行集合 [15 17 19 21 22 23 25 28 30 32 34 35 36 37 38 40 41 46 47 49 50 51 53 54
 57 59 60 61 64 66 69 71 73 76 78 83 84]
破产银行数 37
净资产 1411887047.3798392
正常的银行集合 [ 0  1  2  3  4  5  6  7  8  9 10 11 12 13 14 16 18 20 24 26 27 29 31 33
 39 42 43 44 45 48 52 55 56 58 62 63 65 67 68 70 72 74 75 77 79 80 81 82
 85]
总流动性 1516610499.5133593
*************************************
epoch: 186
破产银行集合 [15 17 19 21 22 23 25 28 30 32 34 35 36 37 38 40 41 46 47 49 50 51 53 54
 57 59 60 61 64 66 69 71 73 76 78 83 84]
破产银行数 37
净资产 1411887035.5133593
正常的银行集合 [ 0  1  2  3  4  5  6  7  8  9 10 11 12 13 14 16 18 20 24 26 27 29 31 33
 39 42 43 44 45 48 52 55 56 58 62 63 65 67 68 70 72 74 75 77 79 80 81 82
 85]
总流动性 1516610496.6660888
*************************************
epoch: 187
破产银行集合 [15 17 19 21 22 23 25 28 30 32 34 35 36 37 38 40 41 46 47 49 50 51 53 54
 57 59 60 61 64 66 69 71 73 76 78 83 84]
破产银行数 37
净资产 1411887032.6660888
正常的银行集合 [ 0  1  2  3  4  5  6  7  8  9 10 11 12 13 14 16 18 20 24 26 27 29 31 33
 39 42 43 44 45 48 52 55 56 58 62 63 65 67 68 70 72 74 75 77 79 80 81 82
 85]
总流动性 1516610485.201547
*************************************
epoch: 188
破产银行集合 [15 17 19 21 22 23 25 28 30 32 34 35 36 37 38 40 41 46 47 49 50 51 53 54
 57 59 60 61 64 66 69 71 73 76 78 83 84]
破产银行数 37
净资产 1411887021.2015474
正常的银行集合 [ 0  1  2  3  4  5  6  7  8  9 10 11 12 13 14 16 18 20 24 26 27 29 31 33
 39 42 43 44 45 48 52 55 56 58 62 63 65 67 68 70 72 74 75 77 79 80 81 82
 85]
总流动性 1516610477.2337525
*************************************
epoch: 189
破产银行集合 [15 17 19 21 22 23 25 28 30 32 34 35 36 37 38 40 41 46 47 49 50 51 53 54
 57 59 60 61 64 66 69 71 73 76 78 83 84]
破产银行数 37
净资产 1411887013.2337525
正常的银行集合 [ 0  1  2  3  4  5  6  7  8  9 10 11 12 13 14 16 18 20 24 26 27 29 31 33
 39 42 43 44 45 48 52 55 56 58 62 63 65 67 68 70 72 74 75 77 79 80 81 82
 85]
总流动性 1516610475.429322
*************************************
epoch: 190
破产银行集合 [15 17 19 21 22 23 25 28 30 32 34 35 36 37 38 40 41 46 47 49 50 51 53 54
 57 59 60 61 64 66 69 71 73 76 78 83 84]
破产银行数 37
净资产 1411887011.4293222
正常的银行集合 [ 0  1  2  3  4  5  6  7  8  9 10 11 12 13 14 16 18 20 24 26 27 29 31 33
 39 42 43 44 45 48 52 55 56 58 62 63 65 67 68 70 72 74 75 77 79 80 81 82
 85]
总流动性 1516610472.1677444
*************************************
epoch: 191
破产银行集合 [15 17 19 21 22 23 25 28 30 32 34 35 36 37 38 40 41 46 47 49 50 51 53 54
 57 59 60 61 64 66 69 71 73 76 78 83 84]
破产银行数 37
净资产 1411887008.1677442
正常的银行集合 [ 0  1  2  3  4  5  6  7  8  9 10 11 12 13 14 16 18 20 24 26 27 29 31 33
 39 42 43 44 45 48 52 55 56 58 62 63 65 67 68 70 72 74 75 77 79 80 81 82
 85]
总流动性 1516610467.5454829
*************************************
epoch: 192
破产银行集合 [15 17 19 21 22 23 25 28 30 32 34 35 36 37 38 40 41 46 47 49 50 51 53 54
 57 59 60 61 64 66 69 71 73 76 78 83 84]
破产银行数 37
净资产 1411887003.5454829
正常的银行集合 [ 0  1  2  3  4  5  6  7  8  9 10 11 12 13 14 16 18 20 24 26 27 29 31 33
 39 42 43 44 45 48 52 55 56 58 62 63 65 67 68 70 72 74 75 77 79 80 81 82
 85]
总流动性 1516610463.4504547
*************************************
epoch: 193
破产银行集合 [15 17 19 21 22 23 25 28 30 32 34 35 36 37 38 40 41 46 47 49 50 51 53 54
 57 59 60 61 64 66 69 71 73 76 78 83 84]
破产银行数 37
净资产 1411886999.4504545
正常的银行集合 [ 0  1  2  3  4  5  6  7  8  9 10 11 12 13 14 16 18 20 24 26 27 29 31 33
 39 42 43 44 45 48 52 55 56 58 62 63 65 67 68 70 72 74 75 77 79 80 81 82
 85]
总流动性 1516610462.3353956
*************************************
epoch: 194
破产银行集合 [15 17 19 21 22 23 25 28 30 32 34 35 36 37 38 40 41 46 47 49 50 51 53 54
 57 59 60 61 64 66 69 71 73 76 78 83 84]
破产银行数 37
净资产 1411886998.3353953
正常的银行集合 [ 0  1  2  3  4  5  6  7  8  9 10 11 12 13 14 16 18 20 24 26 27 29 31 33
 39 42 43 44 45 48 52 55 56 58 62 63 65 67 68 70 72 74 75 77 79 80 81 82
 85]
总流动性 1516610458.2976751
*************************************
epoch: 195
破产银行集合 [15 17 19 21 22 23 25 28 30 32 34 35 36 37 38 40 41 46 47 49 50 51 53 54
 57 59 60 61 64 66 69 71 73 76 78 83 84]
破产银行数 37
净资产 1411886994.2976754
正常的银行集合 [ 0  1  2  3  4  5  6  7  8  9 10 11 12 13 14 16 18 20 24 26 27 29 31 33
 39 42 43 44 45 48 52 55 56 58 62 63 65 67 68 70 72 74 75 77 79 80 81 82
 85]
总流动性 1516610453.657113
*************************************
epoch: 196
破产银行集合 [15 17 19 21 22 23 25 28 30 32 34 35 36 37 38 40 41 46 47 49 50 51 53 54
 57 59 60 61 64 66 69 71 73 76 78 83 84]
破产银行数 37
净资产 1411886989.6571128
正常的银行集合 [ 0  1  2  3  4  5  6  7  8  9 10 11 12 13 14 16 18 20 24 26 27 29 31 33
 39 42 43 44 45 48 52 55 56 58 62 63 65 67 68 70 72 74 75 77 79 80 81 82
 85]
总流动性 1516610452.697091
*************************************
epoch: 197
破产银行集合 [15 17 19 21 22 23 25 28 30 32 34 35 36 37 38 40 41 46 47 49 50 51 53 54
 57 59 60 61 64 66 69 71 73 76 78 83 84]
破产银行数 37
净资产 1411886988.697091
正常的银行集合 [ 0  1  2  3  4  5  6  7  8  9 10 11 12 13 14 16 18 20 24 26 27 29 31 33
 39 42 43 44 45 48 52 55 56 58 62 63 65 67 68 70 72 74 75 77 79 80 81 82
 85]
总流动性 1516610453.3192873
*************************************
epoch: 198
破产银行集合 [15 17 19 21 22 23 25 28 30 32 34 35 36 37 38 40 41 46 47 49 50 51 53 54
 57 59 60 61 64 66 69 71 73 76 78 83 84]
破产银行数 37
净资产 1411886989.3192875
正常的银行集合 [ 0  1  2  3  4  5  6  7  8  9 10 11 12 13 14 16 18 20 24 26 27 29 31 33
 39 42 43 44 45 48 52 55 56 58 62 63 65 67 68 70 72 74 75 77 79 80 81 82
 85]
总流动性 1516610449.8805757
*************************************
epoch: 199
破产银行集合 [15 17 19 21 22 23 25 28 30 32 34 35 36 37 38 40 41 46 47 49 50 51 53 54
 57 59 60 61 64 66 69 71 73 76 78 83 84]
破产银行数 37
净资产 1411886985.8805754
正常的银行集合 [ 0  1  2  3  4  5  6  7  8  9 10 11 12 13 14 16 18 20 24 26 27 29 31 33
 39 42 43 44 45 48 52 55 56 58 62 63 65 67 68 70 72 74 75 77 79 80 81 82
 85]
总流动性 1516610448.2889225
*************************************
epoch: 200
破产银行集合 [15 17 19 21 22 23 25 28 30 32 34 35 36 37 38 40 41 46 47 49 50 51 53 54
 57 59 60 61 64 66 69 71 73 76 78 83 84]
破产银行数 37
净资产 1411886984.2889223
正常的银行集合 [ 0  1  2  3  4  5  6  7  8  9 10 11 12 13 14 16 18 20 24 26 27 29 31 33
 39 42 43 44 45 48 52 55 56 58 62 63 65 67 68 70 72 74 75 77 79 80 81 82
 85]
总流动性 1516610446.9817953
*************************************
epoch: 201
破产银行集合 [15 17 19 21 22 23 25 28 30 32 34 35 36 37 38 40 41 46 47 49 50 51 53 54
 57 59 60 61 64 66 69 71 73 76 78 83 84]
破产银行数 37
净资产 1411886982.9817955
正常的银行集合 [ 0  1  2  3  4  5  6  7  8  9 10 11 12 13 14 16 18 20 24 26 27 29 31 33
 39 42 43 44 45 48 52 55 56 58 62 63 65 67 68 70 72 74 75 77 79 80 81 82
 85]
总流动性 1516610444.9348576
*************************************
epoch: 202
破产银行集合 [15 17 19 21 22 23 25 28 30 32 34 35 36 37 38 40 41 46 47 49 50 51 53 54
 57 59 60 61 64 66 69 71 73 76 78 83 84]
破产银行数 37
净资产 1411886980.9348576
正常的银行集合 [ 0  1  2  3  4  5  6  7  8  9 10 11 12 13 14 16 18 20 24 26 27 29 31 33
 39 42 43 44 45 48 52 55 56 58 62 63 65 67 68 70 72 74 75 77 79 80 81 82
 85]
总流动性 1516610442.7897856
*************************************
epoch: 203
破产银行集合 [15 17 19 21 22 23 25 28 30 32 34 35 36 37 38 40 41 46 47 49 50 51 53 54
 57 59 60 61 64 66 69 71 73 76 78 83 84]
破产银行数 37
净资产 1411886978.7897851
正常的银行集合 [ 0  1  2  3  4  5  6  7  8  9 10 11 12 13 14 16 18 20 24 26 27 29 31 33
 39 42 43 44 45 48 52 55 56 58 62 63 65 67 68 70 72 74 75 77 79 80 81 82
 85]
总流动性 1516610440.470947
*************************************
epoch: 204
破产银行集合 [15 17 19 21 22 23 25 28 30 32 34 35 36 37 38 40 41 46 47 49 50 51 53 54
 57 59 60 61 64 66 69 71 73 76 78 83 84]
破产银行数 37
净资产 1411886976.470947
正常的银行集合 [ 0  1  2  3  4  5  6  7  8  9 10 11 12 13 14 16 18 20 24 26 27 29 31 33
 39 42 43 44 45 48 52 55 56 58 62 63 65 67 68 70 72 74 75 77 79 80 81 82
 85]
总流动性 1516610438.8532171
*************************************
epoch: 205
破产银行集合 [15 17 19 21 22 23 25 28 30 32 34 35 36 37 38 40 41 46 47 49 50 51 53 54
 57 59 60 61 64 66 69 71 73 76 78 83 84]
破产银行数 37
净资产 1411886974.8532171
正常的银行集合 [ 0  1  2  3  4  5  6  7  8  9 10 11 12 13 14 16 18 20 24 26 27 29 31 33
 39 42 43 44 45 48 52 55 56 58 62 63 65 67 68 70 72 74 75 77 79 80 81 82
 85]
总流动性 1516610437.4218464
*************************************
epoch: 206
破产银行集合 [15 17 19 21 22 23 25 28 30 32 34 35 36 37 38 40 41 46 47 49 50 51 53 54
 57 59 60 61 64 66 69 71 73 76 78 83 84]
破产银行数 37
净资产 1411886973.4218464
正常的银行集合 [ 0  1  2  3  4  5  6  7  8  9 10 11 12 13 14 16 18 20 24 26 27 29 31 33
 39 42 43 44 45 48 52 55 56 58 62 63 65 67 68 70 72 74 75 77 79 80 81 82
 85]
总流动性 1516610436.0934005
*************************************
epoch: 207
破产银行集合 [15 17 19 21 22 23 25 28 30 32 34 35 36 37 38 40 41 46 47 49 50 51 53 54
 57 59 60 61 64 66 69 71 73 76 78 83 84]
破产银行数 37
净资产 1411886972.0934005
正常的银行集合 [ 0  1  2  3  4  5  6  7  8  9 10 11 12 13 14 16 18 20 24 26 27 29 31 33
 39 42 43 44 45 48 52 55 56 58 62 63 65 67 68 70 72 74 75 77 79 80 81 82
 85]
总流动性 1516610435.122839
*************************************
epoch: 208
破产银行集合 [15 17 19 21 22 23 25 28 30 32 34 35 36 37 38 40 41 46 47 49 50 51 53 54
 57 59 60 61 64 66 69 71 73 76 78 83 84]
破产银行数 37
净资产 1411886971.122839
正常的银行集合 [ 0  1  2  3  4  5  6  7  8  9 10 11 12 13 14 16 18 20 24 26 27 29 31 33
 39 42 43 44 45 48 52 55 56 58 62 63 65 67 68 70 72 74 75 77 79 80 81 82
 85]
总流动性 1516610434.6849046
*************************************
epoch: 209
破产银行集合 [15 17 19 21 22 23 25 28 30 32 34 35 36 37 38 40 41 46 47 49 50 51 53 54
 57 59 60 61 64 66 69 71 73 76 78 83 84]
破产银行数 37
净资产 1411886970.6849048
正常的银行集合 [ 0  1  2  3  4  5  6  7  8  9 10 11 12 13 14 16 18 20 24 26 27 29 31 33
 39 42 43 44 45 48 52 55 56 58 62 63 65 67 68 70 72 74 75 77 79 80 81 82
 85]
总流动性 1516610433.9939322
*************************************
epoch: 210
破产银行集合 [15 17 19 21 22 23 25 28 30 32 34 35 36 37 38 40 41 46 47 49 50 51 53 54
 57 59 60 61 64 66 69 71 73 76 78 83 84]
破产银行数 37
净资产 1411886969.993932
正常的银行集合 [ 0  1  2  3  4  5  6  7  8  9 10 11 12 13 14 16 18 20 24 26 27 29 31 33
 39 42 43 44 45 48 52 55 56 58 62 63 65 67 68 70 72 74 75 77 79 80 81 82
 85]
总流动性 1516610432.9213753
*************************************
epoch: 211
破产银行集合 [15 17 19 21 22 23 25 28 30 32 34 35 36 37 38 40 41 46 47 49 50 51 53 54
 57 59 60 61 64 66 69 71 73 76 78 83 84]
破产银行数 37
净资产 1411886968.9213755
正常的银行集合 [ 0  1  2  3  4  5  6  7  8  9 10 11 12 13 14 16 18 20 24 26 27 29 31 33
 39 42 43 44 45 48 52 55 56 58 62 63 65 67 68 70 72 74 75 77 79 80 81 82
 85]
总流动性 1516610432.7501116
*************************************
epoch: 212
破产银行集合 [15 17 19 21 22 23 25 28 30 32 34 35 36 37 38 40 41 46 47 49 50 51 53 54
 57 59 60 61 64 66 69 71 73 76 78 83 84]
破产银行数 37
净资产 1411886968.7501118
正常的银行集合 [ 0  1  2  3  4  5  6  7  8  9 10 11 12 13 14 16 18 20 24 26 27 29 31 33
 39 42 43 44 45 48 52 55 56 58 62 63 65 67 68 70 72 74 75 77 79 80 81 82
 85]
总流动性 1516610432.8536475
*************************************
epoch: 213
破产银行集合 [15 17 19 21 22 23 25 28 30 32 34 35 36 37 38 40 41 46 47 49 50 51 53 54
 57 59 60 61 64 66 69 71 73 76 78 83 84]
破产银行数 37
净资产 1411886968.8536475
正常的银行集合 [ 0  1  2  3  4  5  6  7  8  9 10 11 12 13 14 16 18 20 24 26 27 29 31 33
 39 42 43 44 45 48 52 55 56 58 62 63 65 67 68 70 72 74 75 77 79 80 81 82
 85]
总流动性 1516610431.9179513
*************************************
epoch: 214
破产银行集合 [15 17 19 21 22 23 25 28 30 32 34 35 36 37 38 40 41 46 47 49 50 51 53 54
 57 59 60 61 64 66 69 71 73 76 78 83 84]
破产银行数 37
净资产 1411886967.917951
正常的银行集合 [ 0  1  2  3  4  5  6  7  8  9 10 11 12 13 14 16 18 20 24 26 27 29 31 33
 39 42 43 44 45 48 52 55 56 58 62 63 65 67 68 70 72 74 75 77 79 80 81 82
 85]
总流动性 1516610431.665537
*************************************
epoch: 215
破产银行集合 [15 17 19 21 22 23 25 28 30 32 34 35 36 37 38 40 41 46 47 49 50 51 53 54
 57 59 60 61 64 66 69 71 73 76 78 83 84]
破产银行数 37
净资产 1411886967.6655374
正常的银行集合 [ 0  1  2  3  4  5  6  7  8  9 10 11 12 13 14 16 18 20 24 26 27 29 31 33
 39 42 43 44 45 48 52 55 56 58 62 63 65 67 68 70 72 74 75 77 79 80 81 82
 85]
总流动性 1516610431.2399726
*************************************
epoch: 216
破产银行集合 [15 17 19 21 22 23 25 28 30 32 34 35 36 37 38 40 41 46 47 49 50 51 53 54
 57 59 60 61 64 66 69 71 73 76 78 83 84]
破产银行数 37
净资产 1411886967.2399726
正常的银行集合 [ 0  1  2  3  4  5  6  7  8  9 10 11 12 13 14 16 18 20 24 26 27 29 31 33
 39 42 43 44 45 48 52 55 56 58 62 63 65 67 68 70 72 74 75 77 79 80 81 82
 85]
总流动性 1516610431.0023198
*************************************
epoch: 217
破产银行集合 [15 17 19 21 22 23 25 28 30 32 34 35 36 37 38 40 41 46 47 49 50 51 53 54
 57 59 60 61 64 66 69 71 73 76 78 83 84]
破产银行数 37
净资产 1411886967.0023198
正常的银行集合 [ 0  1  2  3  4  5  6  7  8  9 10 11 12 13 14 16 18 20 24 26 27 29 31 33
 39 42 43 44 45 48 52 55 56 58 62 63 65 67 68 70 72 74 75 77 79 80 81 82
 85]
总流动性 1516610430.4838686
*************************************
epoch: 218
破产银行集合 [15 17 19 21 22 23 25 28 30 32 34 35 36 37 38 40 41 46 47 49 50 51 53 54
 57 59 60 61 64 66 69 71 73 76 78 83 84]
破产银行数 37
净资产 1411886966.4838686
正常的银行集合 [ 0  1  2  3  4  5  6  7  8  9 10 11 12 13 14 16 18 20 24 26 27 29 31 33
 39 42 43 44 45 48 52 55 56 58 62 63 65 67 68 70 72 74 75 77 79 80 81 82
 85]
总流动性 1516610430.0767405
*************************************
epoch: 219
破产银行集合 [15 17 19 21 22 23 25 28 30 32 34 35 36 37 38 40 41 46 47 49 50 51 53 54
 57 59 60 61 64 66 69 71 73 76 78 83 84]
破产银行数 37
净资产 1411886966.0767407
正常的银行集合 [ 0  1  2  3  4  5  6  7  8  9 10 11 12 13 14 16 18 20 24 26 27 29 31 33
 39 42 43 44 45 48 52 55 56 58 62 63 65 67 68 70 72 74 75 77 79 80 81 82
 85]
总流动性 1516610429.8236265
*************************************
epoch: 220
破产银行集合 [15 17 19 21 22 23 25 28 30 32 34 35 36 37 38 40 41 46 47 49 50 51 53 54
 57 59 60 61 64 66 69 71 73 76 78 83 84]
破产银行数 37
净资产 1411886965.8236268
正常的银行集合 [ 0  1  2  3  4  5  6  7  8  9 10 11 12 13 14 16 18 20 24 26 27 29 31 33
 39 42 43 44 45 48 52 55 56 58 62 63 65 67 68 70 72 74 75 77 79 80 81 82
 85]
总流动性 1516610429.1619728
*************************************
epoch: 221
破产银行集合 [15 17 19 21 22 23 25 28 30 32 34 35 36 37 38 40 41 46 47 49 50 51 53 54
 57 59 60 61 64 66 69 71 73 76 78 83 84]
破产银行数 37
净资产 1411886965.161973
正常的银行集合 [ 0  1  2  3  4  5  6  7  8  9 10 11 12 13 14 16 18 20 24 26 27 29 31 33
 39 42 43 44 45 48 52 55 56 58 62 63 65 67 68 70 72 74 75 77 79 80 81 82
 85]
总流动性 1516610428.886396
*************************************
epoch: 222
破产银行集合 [15 17 19 21 22 23 25 28 30 32 34 35 36 37 38 40 41 46 47 49 50 51 53 54
 57 59 60 61 64 66 69 71 73 76 78 83 84]
破产银行数 37
净资产 1411886964.886396
正常的银行集合 [ 0  1  2  3  4  5  6  7  8  9 10 11 12 13 14 16 18 20 24 26 27 29 31 33
 39 42 43 44 45 48 52 55 56 58 62 63 65 67 68 70 72 74 75 77 79 80 81 82
 85]
总流动性 1516610428.6000881
*************************************
epoch: 223
破产银行集合 [15 17 19 21 22 23 25 28 30 32 34 35 36 37 38 40 41 46 47 49 50 51 53 54
 57 59 60 61 64 66 69 71 73 76 78 83 84]
破产银行数 37
净资产 1411886964.600088
正常的银行集合 [ 0  1  2  3  4  5  6  7  8  9 10 11 12 13 14 16 18 20 24 26 27 29 31 33
 39 42 43 44 45 48 52 55 56 58 62 63 65 67 68 70 72 74 75 77 79 80 81 82
 85]
总流动性 1516610428.1353722
*************************************
epoch: 224
破产银行集合 [15 17 19 21 22 23 25 28 30 32 34 35 36 37 38 40 41 46 47 49 50 51 53 54
 57 59 60 61 64 66 69 71 73 76 78 83 84]
破产银行数 37
净资产 1411886964.135372
正常的银行集合 [ 0  1  2  3  4  5  6  7  8  9 10 11 12 13 14 16 18 20 24 26 27 29 31 33
 39 42 43 44 45 48 52 55 56 58 62 63 65 67 68 70 72 74 75 77 79 80 81 82
 85]
总流动性 1516610427.931703
*************************************
epoch: 225
破产银行集合 [15 17 19 21 22 23 25 28 30 32 34 35 36 37 38 40 41 46 47 49 50 51 53 54
 57 59 60 61 64 66 69 71 73 76 78 83 84]
破产银行数 37
净资产 1411886963.931703
正常的银行集合 [ 0  1  2  3  4  5  6  7  8  9 10 11 12 13 14 16 18 20 24 26 27 29 31 33
 39 42 43 44 45 48 52 55 56 58 62 63 65 67 68 70 72 74 75 77 79 80 81 82
 85]
总流动性 1516610427.6129463
*************************************
epoch: 226
破产银行集合 [15 17 19 21 22 23 25 28 30 32 34 35 36 37 38 40 41 46 47 49 50 51 53 54
 57 59 60 61 64 66 69 71 73 76 78 83 84]
破产银行数 37
净资产 1411886963.6129463
正常的银行集合 [ 0  1  2  3  4  5  6  7  8  9 10 11 12 13 14 16 18 20 24 26 27 29 31 33
 39 42 43 44 45 48 52 55 56 58 62 63 65 67 68 70 72 74 75 77 79 80 81 82
 85]
总流动性 1516610427.5192852
*************************************
epoch: 227
破产银行集合 [15 17 19 21 22 23 25 28 30 32 34 35 36 37 38 40 41 46 47 49 50 51 53 54
 57 59 60 61 64 66 69 71 73 76 78 83 84]
破产银行数 37
净资产 1411886963.5192847
正常的银行集合 [ 0  1  2  3  4  5  6  7  8  9 10 11 12 13 14 16 18 20 24 26 27 29 31 33
 39 42 43 44 45 48 52 55 56 58 62 63 65 67 68 70 72 74 75 77 79 80 81 82
 85]
总流动性 1516610427.327991
*************************************
epoch: 228
破产银行集合 [15 17 19 21 22 23 25 28 30 32 34 35 36 37 38 40 41 46 47 49 50 51 53 54
 57 59 60 61 64 66 69 71 73 76 78 83 84]
破产银行数 37
净资产 1411886963.3279912
正常的银行集合 [ 0  1  2  3  4  5  6  7  8  9 10 11 12 13 14 16 18 20 24 26 27 29 31 33
 39 42 43 44 45 48 52 55 56 58 62 63 65 67 68 70 72 74 75 77 79 80 81 82
 85]
总流动性 1516610427.0716686
*************************************
epoch: 229
破产银行集合 [15 17 19 21 22 23 25 28 30 32 34 35 36 37 38 40 41 46 47 49 50 51 53 54
 57 59 60 61 64 66 69 71 73 76 78 83 84]
破产银行数 37
净资产 1411886963.0716689
正常的银行集合 [ 0  1  2  3  4  5  6  7  8  9 10 11 12 13 14 16 18 20 24 26 27 29 31 33
 39 42 43 44 45 48 52 55 56 58 62 63 65 67 68 70 72 74 75 77 79 80 81 82
 85]
总流动性 1516610426.8728344
*************************************
epoch: 230
破产银行集合 [15 17 19 21 22 23 25 28 30 32 34 35 36 37 38 40 41 46 47 49 50 51 53 54
 57 59 60 61 64 66 69 71 73 76 78 83 84]
破产银行数 37
净资产 1411886962.8728344
正常的银行集合 [ 0  1  2  3  4  5  6  7  8  9 10 11 12 13 14 16 18 20 24 26 27 29 31 33
 39 42 43 44 45 48 52 55 56 58 62 63 65 67 68 70 72 74 75 77 79 80 81 82
 85]
总流动性 1516610426.6745322
*************************************
epoch: 231
破产银行集合 [15 17 19 21 22 23 25 28 30 32 34 35 36 37 38 40 41 46 47 49 50 51 53 54
 57 59 60 61 64 66 69 71 73 76 78 83 84]
破产银行数 37
净资产 1411886962.6745322
正常的银行集合 [ 0  1  2  3  4  5  6  7  8  9 10 11 12 13 14 16 18 20 24 26 27 29 31 33
 39 42 43 44 45 48 52 55 56 58 62 63 65 67 68 70 72 74 75 77 79 80 81 82
 85]
总流动性 1516610426.5022242
*************************************
epoch: 232
破产银行集合 [15 17 19 21 22 23 25 28 30 32 34 35 36 37 38 40 41 46 47 49 50 51 53 54
 57 59 60 61 64 66 69 71 73 76 78 83 84]
破产银行数 37
净资产 1411886962.5022244
正常的银行集合 [ 0  1  2  3  4  5  6  7  8  9 10 11 12 13 14 16 18 20 24 26 27 29 31 33
 39 42 43 44 45 48 52 55 56 58 62 63 65 67 68 70 72 74 75 77 79 80 81 82
 85]
总流动性 1516610426.3221624
*************************************
epoch: 233
破产银行集合 [15 17 19 21 22 23 25 28 30 32 34 35 36 37 38 40 41 46 47 49 50 51 53 54
 57 59 60 61 64 66 69 71 73 76 78 83 84]
破产银行数 37
净资产 1411886962.3221624
正常的银行集合 [ 0  1  2  3  4  5  6  7  8  9 10 11 12 13 14 16 18 20 24 26 27 29 31 33
 39 42 43 44 45 48 52 55 56 58 62 63 65 67 68 70 72 74 75 77 79 80 81 82
 85]
总流动性 1516610426.2505379
*************************************
epoch: 234
破产银行集合 [15 17 19 21 22 23 25 28 30 32 34 35 36 37 38 40 41 46 47 49 50 51 53 54
 57 59 60 61 64 66 69 71 73 76 78 83 84]
破产银行数 37
净资产 1411886962.2505379
正常的银行集合 [ 0  1  2  3  4  5  6  7  8  9 10 11 12 13 14 16 18 20 24 26 27 29 31 33
 39 42 43 44 45 48 52 55 56 58 62 63 65 67 68 70 72 74 75 77 79 80 81 82
 85]
总流动性 1516610426.1318216
*************************************
epoch: 235
破产银行集合 [15 17 19 21 22 23 25 28 30 32 34 35 36 37 38 40 41 46 47 49 50 51 53 54
 57 59 60 61 64 66 69 71 73 76 78 83 84]
破产银行数 37
净资产 1411886962.1318214
正常的银行集合 [ 0  1  2  3  4  5  6  7  8  9 10 11 12 13 14 16 18 20 24 26 27 29 31 33
 39 42 43 44 45 48 52 55 56 58 62 63 65 67 68 70 72 74 75 77 79 80 81 82
 85]
总流动性 1516610426.0283525
*************************************
epoch: 236
P.sum() - prev_P.sum() 0.040245771408081055
破产银行集合 [15 17 19 21 22 23 25 28 30 32 34 35 36 37 38 40 41 46 47 49 50 51 53 54
 57 59 60 61 64 66 69 71 73 76 78 83 84]
破产银行数 37
净资产 1411886962.0283527
正常的银行集合 [ 0  1  2  3  4  5  6  7  8  9 10 11 12 13 14 16 18 20 24 26 27 29 31 33
 39 42 43 44 45 48 52 55 56 58 62 63 65 67 68 70 72 74 75 77 79 80 81 82
 85]
总流动性 1516610425.9881067
保存违约标签成功
违约标签路径 data/France_2020/删除孤立节点/阈值\违约标签_20240321_203834.csv
[[0. 1. 1. ... 0. 0. 0.]
 [1. 0. 1. ... 1. 0. 0.]
 [1. 1. 0. ... 1. 1. 0.]
 ...
 [0. 0. 1. ... 0. 0. 0.]
 [0. 0. 1. ... 0. 0. 0.]
 [0. 0. 1. ... 0. 0. 0.]]
********** [54. 65. 75. 65. 59. 67. 59. 59. 66. 59. 56. 57. 43. 53. 54. 52. 46. 50.
 55. 43. 46. 29. 24. 41. 44. 17. 30. 50. 32. 57. 21.  6. 20. 39. 18. 28.
 23. 23. 30. 28. 23. 12. 32. 28. 11. 54. 12. 12. 30. 12. 13. 20.  3. 17.
 11. 47. 41.  9.  7. 23. 22. 11. 13. 28. 12. 12. 12. 23. 12.  2.  8.  3.
  6.  0.  6.  6.  6.  7.  0.  6.  6.  8.  3.  1.  0.]
原始特征结果已保存为CSV文件，路径是: data_feature\2020/原始特征.csv
原始特征结果已保存为CSV文件，路径是: data_feature\2020/max_min.csv
Yeo特征结果已保存为CSV文件，路径是: data_feature\2020/yeojohnson_features.csv
Yeo特征结果已保存为CSV文件，路径是: data_feature\2020/cdf_scaled_features.csv
cdf结果已保存为CSV文件路径是: data_feature\2020/kde_differences.csv
Processing...
    External_Assets   Lent_Funds  ...  Average_Indegree_of_In_Neighbors  y
0       308703000.0   18889683.0  ...                         35.851852  0
1       197792000.0   89872914.0  ...                         31.215385  0
2       194269000.0  463110049.0  ...                         28.226667  0
3       153403000.0   89962760.0  ...                         31.215385  0
4       168179000.0   53265315.0  ...                         33.762712  0
..              ...          ...  ...                               ... ..
80             34.0     232078.0  ...                         64.166667  0
81              0.0     386760.0  ...                         62.250000  0
82          16759.0      61695.0  ...                         69.000000  0
83          50740.0      15094.0  ...                         75.000000  1
84           7100.0          0.0  ...                          0.000000  1

[85 rows x 14 columns]
    External_Assets   Lent_Funds  ...  PageRank  Average_Indegree_of_In_Neighbors
0       308703000.0   18889683.0  ...  0.019391                         35.851852
1       197792000.0   89872914.0  ...  0.027029                         31.215385
2       194269000.0  463110049.0  ...  0.069129                         28.226667
3       153403000.0   89962760.0  ...  0.027018                         31.215385
4       168179000.0   53265315.0  ...  0.022015                         33.762712
..              ...          ...  ...       ...                               ...
80             34.0     232078.0  ...  0.004675                         64.166667
81              0.0     386760.0  ...  0.005183                         62.250000
82          16759.0      61695.0  ...  0.003910                         69.000000
83          50740.0      15094.0  ...  0.003285                         75.000000
84           7100.0          0.0  ...  0.002559                          0.000000

[85 rows x 13 columns]
x shape torch.Size([85, 13])
y shape torch.Size([85, 1])
***y torch.Size([85])
(85,)
[0 0 0 0 0 0 0 0 0 0 0 0 0 0 0 1 0 1 0 1 0 1 1 1 0 1 0 0 1 0 1 0 1 0 1 1 1
 1 1 0 1 1 0 0 0 0 1 1 0 1 1 1 0 1 1 0 0 1 0 1 1 1 0 0 1 0 1 0 0 1 0 1 0 1
 0 0 1 0 1 0 0 0 0 1 1]
Edge index shape: torch.Size([2, 2373])
Edge weight shape: torch.Size([2373, 1])
Edge index: tensor([[ 0,  0,  0,  ..., 82, 83, 84],
        [ 1,  2,  3,  ...,  2,  2,  2]])
Edge weight: tensor([[0.0610],
        [0.3536],
        [0.0589],
        ...,
        [1.0000],
        [1.0214],
        [9.2129]])
*******edgeweitg torch.Size([2373])
data[0]保存
    External_Assets  Lent_Funds  ...  Average_Indegree_of_In_Neighbors  y
0      1.000000e+00    0.040789  ...                          0.478025  0
1      6.407194e-01    0.194064  ...                          0.416205  0
2      6.293071e-01    1.000000  ...                          0.376356  0
3      4.969275e-01    0.194258  ...                          0.416205  0
4      5.447922e-01    0.115017  ...                          0.450169  0
..              ...         ...  ...                               ... ..
80     1.101382e-07    0.000501  ...                          0.855556  0
81     0.000000e+00    0.000835  ...                          0.830000  0
82     5.428843e-05    0.000133  ...                          0.920000  0
83     1.643651e-04    0.000033  ...                          1.000000  1
84     2.299945e-05    0.000000  ...                          0.000000  1

[85 rows x 14 columns]
    External_Assets  Lent_Funds  ...  PageRank  Average_Indegree_of_In_Neighbors
0      1.000000e+00    0.040789  ...  0.019391                          0.478025
1      6.407194e-01    0.194064  ...  0.027029                          0.416205
2      6.293071e-01    1.000000  ...  0.069129                          0.376356
3      4.969275e-01    0.194258  ...  0.027018                          0.416205
4      5.447922e-01    0.115017  ...  0.022015                          0.450169
..              ...         ...  ...       ...                               ...
80     1.101382e-07    0.000501  ...  0.004675                          0.855556
81     0.000000e+00    0.000835  ...  0.005183                          0.830000
82     5.428843e-05    0.000133  ...  0.003910                          0.920000
83     1.643651e-04    0.000033  ...  0.003285                          1.000000
84     2.299945e-05    0.000000  ...  0.002559                          0.000000

[85 rows x 13 columns]
x shape torch.Size([85, 13])
y shape torch.Size([85, 1])
***y torch.Size([85])
(85,)
[0 0 0 0 0 0 0 0 0 0 0 0 0 0 0 1 0 1 0 1 0 1 1 1 0 1 0 0 1 0 1 0 1 0 1 1 1
 1 1 0 1 1 0 0 0 0 1 1 0 1 1 1 0 1 1 0 0 1 0 1 1 1 0 0 1 0 1 0 0 1 0 1 0 1
 0 0 1 0 1 0 0 0 0 1 1]
Edge index shape: torch.Size([2, 2373])
Edge weight shape: torch.Size([2373, 1])
Edge index: tensor([[ 0,  0,  0,  ..., 82, 83, 84],
        [ 1,  2,  3,  ...,  2,  2,  2]])
Edge weight: tensor([[0.0610],
        [0.3536],
        [0.0589],
        ...,
        [1.0000],
        [1.0214],
        [9.2129]])
*******edgeweitg torch.Size([2373])
data[1]保存
    External_Assets  Lent_Funds  ...  Basic_Default  y
0          1.000000    0.835294  ...              0  0
1          0.988235    0.952941  ...              0  0
2          0.976471    1.000000  ...              0  0
3          0.952941    0.964706  ...              0  0
4          0.964706    0.905882  ...              0  0
..              ...         ...  ...            ... ..
80         0.058824    0.141176  ...              0  0
81         0.047059    0.211765  ...              0  0
82         0.164706    0.082353  ...              0  0
83         0.305882    0.047059  ...              1  1
84         0.117647    0.035294  ...              1  1

[85 rows x 14 columns]
    External_Assets  Lent_Funds  ...  PageRank  Average_Indegree_of_In_Neighbors
0          1.000000    0.835294  ...  0.858824                          0.211765
1          0.988235    0.952941  ...  0.964706                          0.094118
2          0.976471    1.000000  ...  1.000000                          0.047059
3          0.952941    0.964706  ...  0.952941                          0.094118
4          0.964706    0.905882  ...  0.941176                          0.141176
..              ...         ...  ...       ...                               ...
80         0.058824    0.141176  ...  0.176471                          0.941176
81         0.047059    0.211765  ...  0.223529                          0.835294
82         0.164706    0.082353  ...  0.094118                          0.976471
83         0.305882    0.047059  ...  0.047059                          1.000000
84         0.117647    0.035294  ...  0.035294                          0.035294

[85 rows x 13 columns]
x shape torch.Size([85, 13])
y shape torch.Size([85, 1])
***y torch.Size([85])
(85,)
[0 0 0 0 0 0 0 0 0 0 0 0 0 0 0 1 0 1 0 1 0 1 1 1 0 1 0 0 1 0 1 0 1 0 1 1 1
 1 1 0 1 1 0 0 0 0 1 1 0 1 1 1 0 1 1 0 0 1 0 1 1 1 0 0 1 0 1 0 0 1 0 1 0 1
 0 0 1 0 1 0 0 0 0 1 1]
Edge index shape: torch.Size([2, 2373])
Edge weight shape: torch.Size([2373, 1])
Edge index: tensor([[ 0,  0,  0,  ..., 82, 83, 84],
        [ 1,  2,  3,  ...,  2,  2,  2]])
Edge weight: tensor([[0.0610],
        [0.3536],
        [0.0589],
        ...,
        [1.0000],
        [1.0214],
        [9.2129]])
*******edgeweitg torch.Size([2373])
data[2]保存
*****
x.shape torch.Size([85, 13])
数据集将被保存在 ../GCN/foreign_dataset/France/2020\train0.32_val0.08_test0.6 路径下。
数据集已成功保存。
Done!

Process finished with exit code 0
