0 7769841 45046156 7496721 4431701 13175099 4429853 4429853 8982081 4323805 2128255 2550725 546442 1146606 1664323 1058948 777992 899608 1833767 523836 688075 289867 233931 455704 626665 154565 303237 862405 335182 2025166 178981 30439 158538 423932 151023 258248 198938 204945 290837 277841 212965 85574 340234 270111 57600 1267270 71969 85481 308119 73942 94844 164531 0 137493 60755 686091 437435 50837 34814 191381 179120 58037 98217 272914 79342 69228 86654 197895 77883 0 46502 0 28377 0 32678 25323 17629 33706 0 18566 27117 41003 0 0 0
2228568 0 63380524 10547984 6235461 18537535 6232860 6232860 12637905 6083649 2994483 3588904 768851 1613290 2341724 1489954 1094644 1265760 2580134 737044 968130 407846 329145 641182 881727 217475 426658 1213415 471606 2849434 251829 42829 223065 596479 212491 363358 279909 288361 409212 390926 299644 120404 478714 380050 81044 1783066 101262 120273 433527 104038 133447 231497 15133 193455 85483 965339 615476 71528 48983 269275 252024 81659 138193 383994 111636 97405 121923 278441 109583 0 65429 17984 39928 0 45979 35630 24804 47425 0 26123 38154 57692 15376 0 0
4280082 20995994 0 20257958 11975532 35602311 11970535 11970535 24271761 11683968 5751062 6892679 1476620 3098409 4497404 2861536 2102323 2430959 4955284 1415532 1859346 783290 632140 1231424 1693403 417672 819420 2330428 905744 5472489 483651 82255 428409 1145569 408100 697849 537581 553812 785913 750794 575483 231243 919395 729907 155650 3424472 194479 230990 832612 199810 256293 444602 29064 371541 164175 1853985 1182055 137374 94076 517157 484025 156830 265408 737481 214402 187071 234161 534762 210460 27413 125660 34540 76683 0 88305 68430 47638 91083 0 50172 73277 110800 29531 15094 0
1542122 7564902 43858009 0 4314810 12827590 4313010 4313010 8745168 4209759 2072120 2483447 532029 1116363 1620424 1031017 757471 875879 1785399 510019 669926 282221 227761 443685 610136 150488 295238 839658 326341 1971749 174260 29636 154357 412751 147039 251436 193691 199539 283166 270512 207347 83317 331260 262987 56081 1233844 70071 83226 299992 71992 92343 160191 0 133867 59152 667995 425897 49496 33895 186333 174395 56506 95627 265716 77249 67402 84368 192675 75829 0 45275 0 27629 0 31816 24655 17164 32817 0 18077 26401 39921 0 0 0
1487767 7298260 42312135 7041717 0 12375453 4160988 4160988 8436925 4061376 1999083 2395912 513277 1077014 1563309 994677 730772 845007 1722469 492042 646313 272273 219733 428046 588631 145183 284832 810062 314839 1902251 168118 28592 148916 398202 141856 242574 186864 192506 273185 260977 200039 80380 319584 253717 54104 1190355 67601 80292 289418 69454 89088 154545 0 129148 57067 644450 410885 47751 32701 179765 168248 54514 92256 256350 74527 65026 81395 185884 73156 0 43679 0 26655 0 30695 23786 16559 31660 0 17440 25471 38514 0 0 0
2433234 11936260 69201239 11516685 6808111 0 6805271 6805271 13798540 6642357 3269489 3918500 839461 1761451 2556782 1626788 1195174 1382004 2817088 804732 1057041 445302 359372 700067 962702 237447 465841 1324852 514917 3111120 274956 46762 243551 651258 232006 396728 305615 314843 446793 426827 327163 131462 522678 414953 88487 1946818 110561 131318 473341 113592 145703 252757 16523 211222 93334 1053994 672000 78097 53482 294005 275169 89158 150885 419259 121888 106350 133121 304013 119647 15584 71438 19636 43594 0 50202 38902 27082 51781 0 28523 41658 62990 16788 0 0
443620 2176186 12616583 2099691 1241236 3690098 0 1240718 2515712 1211016 596084 714410 153048 321143 466145 296591 217901 251963 513603 146716 192716 81186 65519 127634 175517 43290 84931 241543 93878 567211 50129 0 44403 118735 42298 72330 55719 57401 81458 77818 59647 23967 95293 75653 16132 354938 20157 23941 86298 20709 26564 46082 0 38509 17016 192161 122517 0 0 53602 50168 16255 27509 76438 22222 19389 24270 55426 21813 0 0 0 0 0 0 0 0 0 0 0 0 0 0 0 0
443620 2176186 12616583 2099691 1241236 3690098 1240718 0 2515712 1211016 596084 714410 153048 321143 466145 296591 217901 251963 513603 146716 192716 81186 65519 127634 175517 43290 84931 241543 93878 567211 50129 0 44403 118735 42298 72330 55719 57401 81458 77818 59647 23967 95293 75653 16132 354938 20157 23941 86298 20709 26564 46082 0 38509 17016 192161 122517 0 0 53602 50168 16255 27509 76438 22222 19389 24270 55426 21813 0 0 0 0 0 0 0 0 0 0 0 0 0 0 0 0
377792 1853264 10744417 1788119 1057050 3142527 1056609 1056609 0 1031314 507631 608399 130337 273488 396974 252580 185566 214574 437390 124945 164119 69139 55797 108694 149472 36866 72328 205701 79947 483043 42690 0 37814 101116 36022 61597 47450 48883 69370 66270 50796 20411 81152 64427 0 302269 17166 20388 73492 17636 22622 39243 0 32795 0 163646 104337 0 0 45648 42723 0 23426 65095 18924 16512 20668 47202 18576 0 0 0 0 0 0 0 0 0 0 0 0 0 0 0 0
492612 2416514 14009899 2331571 1378312 4097615 1377737 1377737 2793536 0 661913 793306 169950 356608 517624 329345 241964 279789 570323 162919 213999 90152 72755 141729 194900 48071 94310 268218 104245 629851 55665 0 49307 131848 46969 80318 61872 63740 90453 86411 66234 26614 105816 84008 17914 394136 22383 26585 95828 22997 29497 51171 0 42762 18895 213382 136047 15811 0 59521 55708 18050 30546 84879 24676 21530 26950 61547 24222 0 0 0 0 0 0 0 0 0 0 0 0 0 0 0 0
663845 3256500 18879771 3142030 1857417 5521955 1856642 1856642 3764575 1812195 0 1069061 229025 480566 697552 443827 326072 377044 768569 219550 288386 121489 98045 190995 262648 64781 127092 361451 140481 848788 75014 0 66446 177678 63296 108237 83379 85896 121896 116448 89258 35866 142599 113209 24141 531139 30163 35826 129139 30990 39751 68958 0 57626 25463 287555 183338 21306 0 80211 75072 24324 41165 114384 33254 29015 36318 82942 32642 0 19490 0 0 0 0 0 0 0 0 0 0 17185 0 0 0
720620 3535011 20494458 3410751 2016272 5994219 2015431 2015431 4086539 1967183 968283 0 248612 521666 757210 481785 353959 409290 834301 238327 313050 131879 106430 207330 285111 70321 137962 392364 152496 921381 81430 0 72129 192874 68710 117494 90510 93243 132321 126408 96891 38933 154794 122891 26206 576564 32743 38890 140183 33641 43151 74855 0 62555 27641 312148 199017 23129 15839 87071 81493 26404 44685 124166 36098 31496 39424 90035 35434 0 21156 0 0 0 0 0 0 15335 0 0 0 18655 0 0 0
183184 898614 5209774 867026 512544 1523754 512330 512330 1038814 500065 246141 295001 0 132609 192485 122471 89978 104043 212082 60583 79578 33524 27055 52704 72476 17876 35070 99740 38765 234218 20699 0 18335 49029 17466 29867 23008 23702 33636 32133 24630 0 39349 31239 0 146565 0 0 35635 0 0 19028 0 15901 0 79349 50591 0 0 22134 20715 0 0 31563 0 0 0 22887 0 0 0 0 0 0 0 0 0 0 0 0 0 0 0 0 0
133047 652666 3783874 629724 372262 1106707 372107 372107 754494 363199 178773 214260 45901 0 139803 88951 65351 75567 154036 44002 57798 24348 19650 38279 52639 0 25471 72442 28155 170113 15034 0 0 35610 0 21692 16710 17215 24430 23338 17889 0 28579 22689 0 106450 0 0 25882 0 0 0 0 0 0 57631 36744 0 0 16075 15046 0 0 22924 0 0 0 16623 0 0 0 0 0 0 0 0 0 0 0 0 0 0 0 0 0
106721 523522 3035153 505119 298602 887721 298477 298477 605201 291332 143399 171864 36818 77256 0 71350 52420 60614 123556 35295 46361 19530 15762 30704 42223 0 20431 58107 22584 136453 0 0 0 28564 0 17400 0 0 19596 18720 0 0 22924 18199 0 85387 0 0 20760 0 0 0 0 0 0 46227 29473 0 0 0 0 0 0 18388 0 0 0 0 0 0 0 0 0 0 0 0 0 0 0 0 0 0 0 0 0
250913 1230860 7135993 1187594 702048 2087135 701755 701755 1422897 684956 337147 404073 86564 181639 263654 0 123245 142511 290496 82983 109001 45919 37058 72190 99273 24485 48037 136618 53098 320816 28353 0 25114 67157 23924 40910 31514 32466 46073 44014 33736 0 53898 42789 0 200754 0 0 48810 0 15024 26064 0 21781 0 108687 69296 0 0 30317 28375 0 15559 43233 0 0 0 31349 0 0 0 0 0 0 0 0 0 0 0 0 0 0 0 0 0
235784 1156645 6705724 1115987 659718 1961290 659443 659443 1337103 643656 316819 379709 81345 170687 247756 157638 0 133918 272980 77980 102429 43150 34823 67837 93287 23009 45140 128380 49896 301473 26643 0 23600 63108 22481 38443 29614 30508 43295 41360 31702 0 50648 40209 0 188650 0 0 45867 0 0 24492 0 20467 0 102133 65118 0 0 28489 26664 0 0 40626 0 0 0 29459 0 0 0 0 0 0 0 0 0 0 0 0 0 0 0 0 0
151050 740979 4295874 714932 422633 1256457 422457 422457 856585 412344 202963 243252 52112 109347 158719 100987 74194 0 174879 49956 65619 27643 22309 43458 59762 0 28918 82244 31965 193132 17068 0 15119 40428 0 24628 18972 19544 27736 26496 20309 0 32446 25759 0 120854 0 0 29384 0 0 15690 0 0 0 65429 41716 0 0 18251 17081 0 0 26026 0 0 0 18872 0 0 0 0 0 0 0 0 0 0 0 0 0 0 0 0 0
66650 326955 1895543 315462 186486 554408 186408 186408 377966 181945 89557 107334 22994 48249 70034 44560 32737 37855 0 22043 28954 0 0 19176 26370 0 0 36290 0 85219 0 0 0 17839 0 0 0 0 0 0 0 0 0 0 0 53326 0 0 0 0 0 0 0 0 0 28870 18407 0 0 0 0 0 0 0 0 0 0 0 0 0 0 0 0 0 0 0 0 0 0 0 0 0 0 0 0
85090 417410 2419964 402738 238079 707791 237980 237980 482534 232283 114333 137029 29355 61597 89410 56888 41795 48328 98513 0 36964 15572 0 24481 33665 0 16290 46330 18006 108795 0 0 0 22774 0 0 0 0 15624 0 0 0 18278 0 0 68080 0 0 16552 0 0 0 0 0 0 36858 23499 0 0 0 0 0 0 0 0 0 0 0 0 0 0 0 0 0 0 0 0 0 0 0 0 0 0 0 0
64201 314939 1825882 303869 179632 534034 179557 179557 364076 175259 86265 103390 22149 46476 67461 42923 31534 36464 74329 21232 0 0 0 18471 25401 0 0 34956 0 82087 0 0 0 17183 0 0 0 0 0 0 0 0 0 0 0 51367 0 0 0 0 0 0 0 0 0 27809 17730 0 0 0 0 0 0 0 0 0 0 0 0 0 0 0 0 0 0 0 0 0 0 0 0 0 0 0 0
204419 1002780 5813684 967531 571958 1700386 571719 571719 1159233 558032 274673 329198 70524 147981 214798 136668 100408 116103 236667 67606 88803 0 30191 58813 80877 19948 39135 111302 43258 261369 23099 0 20461 54713 19491 33329 25675 26450 37535 35858 27485 0 43910 34860 0 163554 0 0 39766 0 0 21234 0 17745 0 88547 56455 0 0 24699 23117 0 0 35222 0 0 0 25540 0 0 0 0 0 0 0 0 0 0 0 0 0 0 0 0 0
198414 973325 5642917 939111 555157 1650440 554926 554926 1125182 541641 266605 319528 68452 143635 208489 132654 97458 112693 229715 65620 86194 36311 0 57085 78502 19362 37986 108033 41988 253691 22420 0 19860 53105 18918 32350 24921 25673 36433 34805 26678 0 42621 33836 0 158750 0 0 38598 0 0 20610 0 17223 0 85946 54797 0 0 23974 22438 0 0 34187 0 0 0 24790 0 0 0 0 0 0 0 0 0 0 0 0 0 0 0 0 0
72936 357791 2074318 345214 204074 606696 203989 203989 413613 199105 98003 117457 25163 52799 76639 48763 35825 41425 84442 24122 31685 0 0 0 28857 0 0 39712 15434 93256 0 0 0 19521 0 0 0 0 0 0 0 0 15667 0 0 58356 0 0 0 0 0 0 0 0 0 31593 20143 0 0 0 0 0 0 0 0 0 0 0 0 0 0 0 0 0 0 0 0 0 0 0 0 0 0 0 0
63031 309203 1792624 298334 176360 524306 176287 176287 357444 172067 84694 101506 21745 45629 66232 42141 30960 35800 72975 20846 27382 0 0 18134 0 0 0 34319 0 80592 0 0 0 16870 0 0 0 0 0 0 0 0 0 0 0 50431 0 0 0 0 0 0 0 0 0 27303 17407 0 0 0 0 0 0 0 0 0 0 0 0 0 0 0 0 0 0 0 0 0 0 0 0 0 0 0 0
165209 810435 4698551 781947 462249 1374232 462057 462057 936878 450995 221988 266054 56996 119597 173597 110453 81148 93833 191271 54638 71769 30234 24400 47532 65364 0 31629 89953 34961 211235 18668 0 16536 44218 15752 26936 20750 21376 30335 28980 22213 0 35488 28174 0 132183 0 0 32138 0 0 17161 0 0 0 71562 45626 0 0 19962 18683 0 0 28466 0 0 0 20641 0 0 0 0 0 0 0 0 0 0 0 0 0 0 0 0 0
0 44499 257985 42934 25381 75455 25370 25370 51441 24763 0 0 0 0 0 0 0 0 0 0 0 0 0 0 0 0 0 0 0 0 0 0 0 0 0 0 0 0 0 0 0 0 0 0 0 0 0 0 0 0 0 0 0 0 0 0 0 0 0 0 0 0 0 0 0 0 0 0 0 0 0 0 0 0 0 0 0 0 0 0 0 0 0 0 0
92026 451435 2617225 435566 257486 765486 257378 257378 521867 251217 123653 148199 31748 66618 96698 61525 45202 52268 106543 30435 39977 16841 0 26476 36409 0 17618 0 19474 117664 0 0 0 24630 0 15004 0 0 16897 16142 0 0 19767 15693 0 73629 0 0 17902 0 0 0 0 0 0 39862 25415 0 0 0 0 0 0 15856 0 0 0 0 0 0 0 0 0 0 0 0 0 0 0 0 0 0 0 0 0
58025 284647 1650259 274641 162354 482667 162287 162287 329057 158401 77968 93445 20018 42005 60972 38794 28501 32957 67179 19190 25207 0 0 16694 22957 0 0 31594 0 74191 0 0 0 15530 0 0 0 0 0 0 0 0 0 0 0 46426 0 0 0 0 0 0 0 0 0 25134 16025 0 0 0 0 0 0 0 0 0 0 0 0 0 0 0 0 0 0 0 0 0 0 0 0 0 0 0 0
0 0 0 0 0 0 0 0 0 0 0 0 0 0 0 0 0 0 0 0 0 0 0 0 0 0 0 0 0 0 0 0 0 0 0 0 0 0 0 0 0 0 0 0 0 0 0 0 0 0 0 0 0 0 0 0 0 0 0 0 0 0 0 0 0 0 0 0 0 0 0 0 0 0 0 0 0 0 0 0 0 0 0 0 0
150421 737894 4277990 711956 420874 1251226 420698 420698 853019 410627 202118 242240 51895 108892 158059 100567 73885 85434 174151 49748 65345 27528 22216 43277 59513 0 28798 81901 31831 192328 0 0 15056 40260 0 24525 18893 19463 27620 26386 20225 0 32311 25652 0 120351 0 0 29261 0 0 15625 0 0 0 65157 41542 0 0 18175 17010 0 0 25918 0 0 0 18793 0 0 0 0 0 0 0 0 0 0 0 0 0 0 0 0 0
0 0 0 0 0 0 0 0 0 0 0 0 0 0 0 0 0 0 0 0 0 0 0 0 0 0 0 0 0 0 0 0 0 0 0 0 0 0 0 0 0 0 0 0 0 0 0 0 0 0 0 0 0 0 0 0 0 0 0 0 0 0 0 0 0 0 0 0 0 0 0 0 0 0 0 0 0 0 0 0 0 0 0 0 0
139890 686232 3978476 662110 391407 1163624 391244 391244 793297 381878 187967 225280 48261 101268 146993 93526 68712 79453 161958 46265 60770 25601 20660 40247 55347 0 26781 76167 29603 178862 15807 0 0 37441 0 22808 17570 18100 25686 24538 18809 0 30049 23856 0 111925 0 0 27213 0 0 0 0 0 0 60595 38634 0 0 16902 15819 0 0 24103 0 0 0 17478 0 0 0 0 0 0 0 0 0 0 0 0 0 0 0 0 0
57110 280154 1624212 270306 159792 475049 159725 159725 323863 155901 76737 91970 19702 41342 60009 38182 28051 32436 66119 18887 24809 0 0 16431 22595 0 0 31095 0 73020 0 0 0 0 0 0 0 0 0 0 0 0 0 0 0 45693 0 0 0 0 0 0 0 0 0 24738 15772 0 0 0 0 0 0 0 0 0 0 0 0 0 0 0 0 0 0 0 0 0 0 0 0 0 0 0 0
129825 636859 3692234 614473 363247 1079904 363095 363095 736221 354403 174443 209071 44789 93982 136417 86797 63768 73736 150305 42936 56398 23759 19174 37352 51365 0 24855 70687 27473 165993 0 0 0 34747 0 21167 16306 16798 23838 22773 17455 0 27887 22139 0 103872 0 0 25255 0 0 0 0 0 0 56235 35854 0 0 15686 0 0 0 22369 0 0 0 16220 0 0 0 0 0 0 0 0 0 0 0 0 0 0 0 0 0
54634 268011 1553812 258590 152866 454459 152802 152802 309826 149144 73411 87984 18848 39550 57408 36527 26835 31030 63253 18069 23734 0 0 15718 21616 0 0 29747 0 69855 0 0 0 0 0 0 0 0 0 0 0 0 0 0 0 43712 0 0 0 0 0 0 0 0 0 23665 15088 0 0 0 0 0 0 0 0 0 0 0 0 0 0 0 0 0 0 0 0 0 0 0 0 0 0 0 0
62440 306302 1775806 295535 174706 519387 174633 174633 354091 170452 83899 100554 21541 45201 65610 41745 30669 35464 72290 20650 27125 0 0 17964 24704 0 0 33997 0 79835 0 0 0 16712 0 0 0 0 0 0 0 0 0 0 0 49958 0 0 0 0 0 0 0 0 0 27047 17244 0 0 0 0 0 0 0 0 0 0 0 0 0 0 0 0 0 0 0 0 0 0 0 0 0 0 0 0
110489 542005 3142313 522953 309145 919063 309016 309016 626568 301618 148462 177932 38118 79984 116099 73869 54270 62754 127919 36541 47998 20220 16318 31788 43714 0 21153 60159 23381 141270 0 0 0 29572 0 18014 0 0 20288 19381 0 0 23733 18842 0 88401 0 0 21493 0 0 0 0 0 0 47860 30514 0 0 0 0 0 0 19037 0 0 0 0 0 0 0 0 0 0 0 0 0 0 0 0 0 0 0 0 0
47160 231345 1341241 223213 131953 392286 131898 131898 267439 128740 63368 75947 16270 34140 49554 31530 23164 26785 54600 15597 20487 0 0 0 18658 0 0 25677 0 60298 0 0 0 0 0 0 0 0 0 0 0 0 0 0 0 37732 0 0 0 0 0 0 0 0 0 20428 0 0 0 0 0 0 0 0 0 0 0 0 0 0 0 0 0 0 0 0 0 0 0 0 0 0 0 0 0
23782 116665 676376 112564 66542 197826 66515 66515 134867 64922 31956 38299 0 17216 24990 15900 0 0 27534 0 0 0 0 0 0 0 0 0 0 30408 0 0 0 0 0 0 0 0 0 0 0 0 0 0 0 19028 0 0 0 0 0 0 0 0 0 0 0 0 0 0 0 0 0 0 0 0 0 0 0 0 0 0 0 0 0 0 0 0 0 0 0 0 0 0 0
47247 231770 1343706 223623 132195 393007 132140 132140 267931 128977 63484 76086 16300 34202 49645 31587 23207 26834 54700 15625 20524 0 0 0 18693 0 0 25725 0 60409 0 0 0 0 0 0 0 0 0 0 0 0 0 0 0 37802 0 0 0 0 0 0 0 0 0 20465 0 0 0 0 0 0 0 0 0 0 0 0 0 0 0 0 0 0 0 0 0 0 0 0 0 0 0 0 0
92244 452504 2623422 436598 258095 767298 257988 257988 523103 251812 123946 148550 31824 66776 96927 61671 45309 52391 106795 30507 40072 16881 0 26539 36496 0 17660 50225 19520 117942 0 0 0 24689 0 15039 0 0 16937 16181 0 0 19814 15730 0 73804 0 0 17944 0 0 0 0 0 0 39956 25475 0 0 0 0 0 0 15894 0 0 0 0 0 0 0 0 0 0 0 0 0 0 0 0 0 0 0 0 0
28402 139330 807776 134432 79470 236258 79437 79437 161068 77535 38164 45740 0 20561 29844 18989 0 16131 32883 0 0 0 0 0 0 0 0 15464 0 36315 0 0 0 0 0 0 0 0 0 0 0 0 0 0 0 22724 0 0 0 0 0 0 0 0 0 0 0 0 0 0 0 0 0 0 0 0 0 0 0 0 0 0 0 0 0 0 0 0 0 0 0 0 0 0 0
30044 147384 854473 142204 84064 249916 84029 84029 170379 82017 40370 48384 0 21749 31570 20087 0 17064 34784 0 0 0 0 0 0 0 0 16358 0 38415 0 0 0 0 0 0 0 0 0 0 0 0 0 0 0 24038 0 0 0 0 0 0 0 0 0 0 0 0 0 0 0 0 0 0 0 0 0 0 0 0 0 0 0 0 0 0 0 0 0 0 0 0 0 0 0
20882 102439 593901 98838 58428 173704 58404 58404 118422 57006 28059 33629 0 15117 21942 0 0 0 24176 0 0 0 0 0 0 0 0 0 0 26700 0 0 0 0 0 0 0 0 0 0 0 0 0 0 0 16708 0 0 0 0 0 0 0 0 0 0 0 0 0 0 0 0 0 0 0 0 0 0 0 0 0 0 0 0 0 0 0 0 0 0 0 0 0 0 0
0 0 0 0 0 0 0 0 0 0 0 0 0 0 0 0 0 0 0 0 0 0 0 0 0 0 0 0 0 0 0 0 0 0 0 0 0 0 0 0 0 0 0 0 0 0 0 0 0 0 0 0 0 0 0 0 0 0 0 0 0 0 0 0 0 0 0 0 0 0 0 0 0 0 0 0 0 0 0 0 0 0 0 0 0
101103 495965 2875391 478531 282884 840994 282766 282766 573345 275997 135851 162818 34880 73190 106237 67594 49660 57423 117053 33437 43921 18502 0 29088 40001 0 19356 55049 21395 129270 0 0 0 27060 0 16484 0 0 18564 17735 0 0 21717 17241 0 80892 0 0 19667 0 0 0 0 0 0 43794 27922 0 0 0 0 0 0 17420 0 0 0 0 0 0 0 0 0 0 0 0 0 0 0 0 0 0 0 0 0
83196 408120 2366106 393774 232780 692038 232683 232683 471795 227113 111789 133980 28702 60226 87420 55622 40865 47253 96320 27515 36142 15225 0 23936 32916 0 15927 45298 17605 106374 0 0 0 22267 0 0 0 0 15276 0 0 0 17871 0 0 66564 0 0 16184 0 0 0 0 0 0 36037 22976 0 0 0 0 0 0 0 0 0 0 0 0 0 0 0 0 0 0 0 0 0 0 0 0 0 0 0 0
28713 140855 816616 135903 80339 238844 80306 80306 162831 78383 38581 46240 0 20786 30171 19197 0 16308 33243 0 0 0 0 0 0 0 0 15634 0 36713 0 0 0 0 0 0 0 0 0 0 0 0 0 0 0 22973 0 0 0 0 0 0 0 0 0 0 0 0 0 0 0 0 0 0 0 0 0 0 0 0 0 0 0 0 0 0 0 0 0 0 0 0 0 0 0
74029 363153 2105404 350387 207132 615788 207046 207046 419811 202089 99472 119217 25540 53591 77788 49494 36362 42046 85708 24483 32159 0 0 21299 29289 0 0 40307 15666 94653 0 0 0 19814 0 0 0 0 0 0 0 0 15902 0 0 59230 0 0 0 0 0 0 0 0 0 32067 20445 0 0 0 0 0 0 0 0 0 0 0 0 0 0 0 0 0 0 0 0 0 0 0 0 0 0 0 0
65467 321153 1861909 309864 183177 544571 183100 183100 371259 178717 87968 105430 22586 47393 68792 43769 32157 37183 75795 21651 28440 0 0 18835 25902 0 0 35646 0 83706 0 0 0 17522 0 0 0 0 0 0 0 0 0 0 0 52380 0 0 0 0 0 0 0 0 0 28358 18080 0 0 0 0 0 0 0 0 0 0 0 0 0 0 0 0 0 0 0 0 0 0 0 0 0 0 0 0
35471 174004 1008802 167888 99247 295054 99205 99205 201152 96831 47661 57123 0 25678 37272 23715 17423 20146 41066 0 15409 0 0 0 0 0 0 19313 0 45353 0 0 0 0 0 0 0 0 0 0 0 0 0 0 0 28380 0 0 0 0 0 0 0 0 0 15364 0 0 0 0 0 0 0 0 0 0 0 0 0 0 0 0 0 0 0 0 0 0 0 0 0 0 0 0 0
0 0 0 0 0 0 0 0 0 0 0 0 0 0 0 0 0 0 0 0 0 0 0 0 0 0 0 0 0 0 0 0 0 0 0 0 0 0 0 0 0 0 0 0 0 0 0 0 0 0 0 0 0 0 0 0 0 0 0 0 0 0 0 0 0 0 0 0 0 0 0 0 0 0 0 0 0 0 0 0 0 0 0 0 0
52431 257202 1491147 248161 146701 436130 146639 146639 297330 143129 70450 84435 18088 37955 55093 35054 25753 29779 60702 17340 22777 0 0 15085 20744 0 0 28547 0 67038 0 0 0 0 0 0 0 0 0 0 0 0 0 0 0 41950 0 0 0 0 0 0 0 0 0 22711 0 0 0 0 0 0 0 0 0 0 0 0 0 0 0 0 0 0 0 0 0 0 0 0 0 0 0 0 0
63901 313467 1817349 302448 178793 531538 178718 178718 362374 174440 85862 102906 22045 46258 67145 42722 31387 36293 73981 21133 27759 0 0 18385 25282 0 0 34793 0 81703 0 0 0 17103 0 0 0 0 0 0 0 0 0 0 0 51126 0 0 0 0 0 0 0 0 0 27679 17647 0 0 0 0 0 0 0 0 0 0 0 0 0 0 0 0 0 0 0 0 0 0 0 0 0 0 0 0
0 0 27467 0 0 0 0 0 0 0 0 0 0 0 0 0 0 0 0 0 0 0 0 0 0 0 0 0 0 0 0 0 0 0 0 0 0 0 0 0 0 0 0 0 0 0 0 0 0 0 0 0 0 0 0 0 0 0 0 0 0 0 0 0 0 0 0 0 0 0 0 0 0 0 0 0 0 0 0 0 0 0 0 0 0
37938 186108 1078978 179566 106151 315579 106107 106107 215145 103566 50977 61096 0 27464 39865 25364 18635 21548 43923 0 16481 0 0 0 15010 0 0 20656 0 48508 0 0 0 0 0 0 0 0 0 0 0 0 0 0 0 30354 0 0 0 0 0 0 0 0 0 16433 0 0 0 0 0 0 0 0 0 0 0 0 0 0 0 0 0 0 0 0 0 0 0 0 0 0 0 0 0
36037 176782 1024906 170568 100831 299764 100789 100789 204363 98376 48422 58035 0 26088 37867 24093 17701 20468 41722 0 15655 0 0 0 0 0 0 19621 0 46077 0 0 0 0 0 0 0 0 0 0 0 0 0 0 0 28833 0 0 0 0 0 0 0 0 0 15610 0 0 0 0 0 0 0 0 0 0 0 0 0 0 0 0 0 0 0 0 0 0 0 0 0 0 0 0 0
0 16736 97031 16148 0 28379 0 0 19347 0 0 0 0 0 0 0 0 0 0 0 0 0 0 0 0 0 0 0 0 0 0 0 0 0 0 0 0 0 0 0 0 0 0 0 0 0 0 0 0 0 0 0 0 0 0 0 0 0 0 0 0 0 0 0 0 0 0 0 0 0 0 0 0 0 0 0 0 0 0 0 0 0 0 0 0
29709 145741 844946 140618 83126 247129 83092 83092 168480 81103 39920 47844 0 21507 31218 19863 0 16874 34396 0 0 0 0 0 0 0 0 16176 0 37986 0 0 0 0 0 0 0 0 0 0 0 0 0 0 0 23770 0 0 0 0 0 0 0 0 0 0 0 0 0 0 0 0 0 0 0 0 0 0 0 0 0 0 0 0 0 0 0 0 0 0 0 0 0 0 0
25515 125168 725673 120768 71392 212244 71362 71362 144697 69654 34285 41091 0 18471 26811 17059 0 0 29541 0 0 0 0 0 0 0 0 0 0 32624 0 0 0 0 0 0 0 0 0 0 0 0 0 0 0 20415 0 0 0 0 0 0 0 0 0 0 0 0 0 0 0 0 0 0 0 0 0 0 0 0 0 0 0 0 0 0 0 0 0 0 0 0 0 0 0
0 50492 292732 48717 28799 85618 28787 28787 58369 28098 0 16575 0 0 0 0 0 0 0 0 0 0 0 0 0 0 0 0 0 0 0 0 0 0 0 0 0 0 0 0 0 0 0 0 0 0 0 0 0 0 0 0 0 0 0 0 0 0 0 0 0 0 0 0 0 0 0 0 0 0 0 0 0 0 0 0 0 0 0 0 0 0 0 0 0
0 19729 114382 19035 0 33454 0 0 22807 0 0 0 0 0 0 0 0 0 0 0 0 0 0 0 0 0 0 0 0 0 0 0 0 0 0 0 0 0 0 0 0 0 0 0 0 0 0 0 0 0 0 0 0 0 0 0 0 0 0 0 0 0 0 0 0 0 0 0 0 0 0 0 0 0 0 0 0 0 0 0 0 0 0 0 0
0 0 0 0 0 0 0 0 0 0 0 0 0 0 0 0 0 0 0 0 0 0 0 0 0 0 0 0 0 0 0 0 0 0 0 0 0 0 0 0 0 0 0 0 0 0 0 0 0 0 0 0 0 0 0 0 0 0 0 0 0 0 0 0 0 0 0 0 0 0 0 0 0 0 0 0 0 0 0 0 0 0 0 0 0
17021 83499 484091 80563 47625 141587 47605 47605 96526 46466 22871 27411 0 0 17885 0 0 0 19706 0 0 0 0 0 0 0 0 0 0 21763 0 0 0 0 0 0 0 0 0 0 0 0 0 0 0 0 0 0 0 0 0 0 0 0 0 0 0 0 0 0 0 0 0 0 0 0 0 0 0 0 0 0 0 0 0 0 0 0 0 0 0 0 0 0 0
0 0 0 0 0 0 0 0 0 0 0 0 0 0 0 0 0 0 0 0 0 0 0 0 0 0 0 0 0 0 0 0 0 0 0 0 0 0 0 0 0 0 0 0 0 0 0 0 0 0 0 0 0 0 0 0 0 0 0 0 0 0 0 0 0 0 0 0 0 0 0 0 0 0 0 0 0 0 0 0 0 0 0 0 0
0 61509 356606 59347 35083 104300 35068 35068 71106 34229 16848 20192 0 0 0 0 0 0 0 0 0 0 0 0 0 0 0 0 0 16032 0 0 0 0 0 0 0 0 0 0 0 0 0 0 0 0 0 0 0 0 0 0 0 0 0 0 0 0 0 0 0 0 0 0 0 0 0 0 0 0 0 0 0 0 0 0 0 0 0 0 0 0 0 0 0
0 0 74554 0 0 21805 0 0 0 0 0 0 0 0 0 0 0 0 0 0 0 0 0 0 0 0 0 0 0 0 0 0 0 0 0 0 0 0 0 0 0 0 0 0 0 0 0 0 0 0 0 0 0 0 0 0 0 0 0 0 0 0 0 0 0 0 0 0 0 0 0 0 0 0 0 0 0 0 0 0 0 0 0 0 0
0 19064 110529 18394 0 32327 0 0 22039 0 0 0 0 0 0 0 0 0 0 0 0 0 0 0 0 0 0 0 0 0 0 0 0 0 0 0 0 0 0 0 0 0 0 0 0 0 0 0 0 0 0 0 0 0 0 0 0 0 0 0 0 0 0 0 0 0 0 0 0 0 0 0 0 0 0 0 0 0 0 0 0 0 0 0 0
0 64899 376257 62617 37016 110047 37001 37001 75024 36115 17776 21305 0 0 0 0 0 0 15316 0 0 0 0 0 0 0 0 0 0 16915 0 0 0 0 0 0 0 0 0 0 0 0 0 0 0 0 0 0 0 0 0 0 0 0 0 0 0 0 0 0 0 0 0 0 0 0 0 0 0 0 0 0 0 0 0 0 0 0 0 0 0 0 0 0 0
0 0 0 0 0 0 0 0 0 0 0 0 0 0 0 0 0 0 0 0 0 0 0 0 0 0 0 0 0 0 0 0 0 0 0 0 0 0 0 0 0 0 0 0 0 0 0 0 0 0 0 0 0 0 0 0 0 0 0 0 0 0 0 0 0 0 0 0 0 0 0 0 0 0 0 0 0 0 0 0 0 0 0 0 0
0 23578 136700 22750 0 39982 0 0 27257 0 0 0 0 0 0 0 0 0 0 0 0 0 0 0 0 0 0 0 0 0 0 0 0 0 0 0 0 0 0 0 0 0 0 0 0 0 0 0 0 0 0 0 0 0 0 0 0 0 0 0 0 0 0 0 0 0 0 0 0 0 0 0 0 0 0 0 0 0 0 0 0 0 0 0 0
0 0 18729 0 0 0 0 0 0 0 0 0 0 0 0 0 0 0 0 0 0 0 0 0 0 0 0 0 0 0 0 0 0 0 0 0 0 0 0 0 0 0 0 0 0 0 0 0 0 0 0 0 0 0 0 0 0 0 0 0 0 0 0 0 0 0 0 0 0 0 0 0 0 0 0 0 0 0 0 0 0 0 0 0 0
0 18267 105906 17625 0 30975 0 0 21117 0 0 0 0 0 0 0 0 0 0 0 0 0 0 0 0 0 0 0 0 0 0 0 0 0 0 0 0 0 0 0 0 0 0 0 0 0 0 0 0 0 0 0 0 0 0 0 0 0 0 0 0 0 0 0 0 0 0 0 0 0 0 0 0 0 0 0 0 0 0 0 0 0 0 0 0
0 0 15469 0 0 0 0 0 0 0 0 0 0 0 0 0 0 0 0 0 0 0 0 0 0 0 0 0 0 0 0 0 0 0 0 0 0 0 0 0 0 0 0 0 0 0 0 0 0 0 0 0 0 0 0 0 0 0 0 0 0 0 0 0 0 0 0 0 0 0 0 0 0 0 0 0 0 0 0 0 0 0 0 0 0
0 0 36776 0 0 0 0 0 0 0 0 0 0 0 0 0 0 0 0 0 0 0 0 0 0 0 0 0 0 0 0 0 0 0 0 0 0 0 0 0 0 0 0 0 0 0 0 0 0 0 0 0 0 0 0 0 0 0 0 0 0 0 0 0 0 0 0 0 0 0 0 0 0 0 0 0 0 0 0 0 0 0 0 0 0
0 30321 175788 29255 17294 51414 17287 17287 35051 16873 0 0 0 0 0 0 0 0 0 0 0 0 0 0 0 0 0 0 0 0 0 0 0 0 0 0 0 0 0 0 0 0 0 0 0 0 0 0 0 0 0 0 0 0 0 0 0 0 0 0 0 0 0 0 0 0 0 0 0 0 0 0 0 0 0 0 0 0 0 0 0 0 0 0 0
0 0 0 0 0 0 0 0 0 0 0 0 0 0 0 0 0 0 0 0 0 0 0 0 0 0 0 0 0 0 0 0 0 0 0 0 0 0 0 0 0 0 0 0 0 0 0 0 0 0 0 0 0 0 0 0 0 0 0 0 0 0 0 0 0 0 0 0 0 0 0 0 0 0 0 0 0 0 0 0 0 0 0 0 0
0 0 86412 0 0 25273 0 0 17230 0 0 0 0 0 0 0 0 0 0 0 0 0 0 0 0 0 0 0 0 0 0 0 0 0 0 0 0 0 0 0 0 0 0 0 0 0 0 0 0 0 0 0 0 0 0 0 0 0 0 0 0 0 0 0 0 0 0 0 0 0 0 0 0 0 0 0 0 0 0 0 0 0 0 0 0
0 0 39240 0 0 0 0 0 0 0 0 0 0 0 0 0 0 0 0 0 0 0 0 0 0 0 0 0 0 0 0 0 0 0 0 0 0 0 0 0 0 0 0 0 0 0 0 0 0 0 0 0 0 0 0 0 0 0 0 0 0 0 0 0 0 0 0 0 0 0 0 0 0 0 0 0 0 0 0 0 0 0 0 0 0
0 0 0 0 0 0 0 0 0 0 0 0 0 0 0 0 0 0 0 0 0 0 0 0 0 0 0 0 0 0 0 0 0 0 0 0 0 0 0 0 0 0 0 0 0 0 0 0 0 0 0 0 0 0 0 0 0 0 0 0 0 0 0 0 0 0 0 0 0 0 0 0 0 0 0 0 0 0 0 0 0 0 0 0 0
0 22585 130938 21791 0 38296 0 0 26108 0 0 0 0 0 0 0 0 0 0 0 0 0 0 0 0 0 0 0 0 0 0 0 0 0 0 0 0 0 0 0 0 0 0 0 0 0 0 0 0 0 0 0 0 0 0 0 0 0 0 0 0 0 0 0 0 0 0 0 0 0 0 0 0 0 0 0 0 0 0 0 0 0 0 0 0
0 0 23914 0 0 0 0 0 0 0 0 0 0 0 0 0 0 0 0 0 0 0 0 0 0 0 0 0 0 0 0 0 0 0 0 0 0 0 0 0 0 0 0 0 0 0 0 0 0 0 0 0 0 0 0 0 0 0 0 0 0 0 0 0 0 0 0 0 0 0 0 0 0 0 0 0 0 0 0 0 0 0 0 0 0
0 0 44831 0 0 0 0 0 0 0 0 0 0 0 0 0 0 0 0 0 0 0 0 0 0 0 0 0 0 0 0 0 0 0 0 0 0 0 0 0 0 0 0 0 0 0 0 0 0 0 0 0 0 0 0 0 0 0 0 0 0 0 0 0 0 0 0 0 0 0 0 0 0 0 0 0 0 0 0 0 0 0 0 0 0
0 0 43614 0 0 0 0 0 0 0 0 0 0 0 0 0 0 0 0 0 0 0 0 0 0 0 0 0 0 0 0 0 0 0 0 0 0 0 0 0 0 0 0 0 0 0 0 0 0 0 0 0 0 0 0 0 0 0 0 0 0 0 0 0 0 0 0 0 0 0 0 0 0 0 0 0 0 0 0 0 0 0 0 0 0
