0 7769842 45046157 7496722 4431702 13175100 4429853 4429853 8982082 4323805 2128256 2550726 546443 1146607 1664323 1058949 777992 899608 1833768 523836 688075 289867 233932 455705 626666 154565 303237 862406 335183 2025166 178982 30440 158539 423933 151023 258248 198939 204946 290838 277841 212965 85575 340234 270112 57600 1267271 71970 85481 308119 73943 94845 164531 0 137494 60755 686092 437435 50837 34814 191381 179120 58037 98218 272915 79343 69228 86654 197896 77884 0 46502 0 28378 0 32679 25324 17629 33707 0 18567 27117 41003 0 0 0 21865194
2228568 0 63380524 10547984 6235462 18537535 6232860 6232860 12637905 6083650 2994483 3588904 768852 1613290 2341724 1489955 1094645 1265760 2580135 737044 968131 407847 329145 641183 881727 217475 426659 1213416 471606 2849435 251830 42829 223066 596479 212491 363358 279910 288361 409212 390926 299645 120405 478714 380051 81045 1783066 101262 120273 433528 104038 133448 231497 15133 193456 85483 965340 615477 71529 48984 269276 252024 81659 138194 383994 111636 97405 121924 278442 109584 0 65429 17985 39928 0 45979 35631 24804 47426 0 26124 38154 57692 15377 0 0 29227731
4280082 20995994 0 20257958 11975532 35602311 11970536 11970536 24271761 11683969 5751062 6892679 1476621 3098409 4497405 2861537 2102323 2430959 4955284 1415533 1859346 783291 632140 1231425 1693403 417672 819420 2330429 905745 5472490 483652 82255 428410 1145569 408101 697849 537581 553812 785913 750794 575484 231244 919396 729908 155650 3424472 194479 230991 832613 199811 256293 444603 29064 371542 164175 1853986 1182056 137375 94076 517158 484026 156831 265409 737481 214403 187072 234161 534762 210461 27414 125661 34540 76684 0 88306 68431 47638 91084 0 50172 73277 110801 29532 15095 0 38865594
1542123 7564903 43858009 0 4314810 12827590 4313010 4313010 8745168 4209759 2072120 2483447 532030 1116364 1620425 1031018 757472 875880 1785400 510019 669926 282221 227762 443685 610137 150488 295239 839659 326342 1971750 174261 29637 154357 412751 147040 251437 193692 199540 283166 270513 207348 83318 331260 262987 56081 1233845 70071 83226 299992 71992 92343 160191 0 133867 59153 667995 425897 49496 33896 186333 174396 56507 95627 265716 77250 67402 84369 192676 75830 0 45276 0 27629 0 31817 24656 17164 32818 0 18077 26402 39922 0 0 0 20304015
1487767 7298261 42312135 7041717 0 12375453 4160988 4160988 8436925 4061377 1999084 2395913 513277 1077015 1563309 994677 730773 845008 1722469 492043 646313 272274 219734 428046 588631 145184 284833 810063 314839 1902251 168119 28592 148916 398203 141857 242574 186865 192507 273186 260978 200040 80381 319584 253718 54105 1190355 67602 80293 289418 69455 89088 154545 0 129149 57068 644450 410885 47752 32701 179765 168249 54515 92257 256350 74527 65027 81395 185885 73157 0 43680 0 26656 0 30695 23787 16559 31661 0 17440 25471 38515 0 0 0 20080679
2433235 11936261 69201240 11516686 6808112 0 6805271 6805271 13798540 6642357 3269489 3918501 839462 1761451 2556783 1626789 1195175 1382005 2817088 804733 1057042 445302 359373 700067 962703 237447 465842 1324853 514918 3111120 274957 46762 243552 651258 232006 396728 305616 314843 446793 426828 327163 131462 522678 414954 88488 1946819 110562 131319 473342 113593 145703 252757 16523 211222 93334 1053994 672001 78098 53482 294005 275170 89159 150885 419259 121888 106351 133121 304013 119647 15585 71438 19636 43595 0 50202 38903 27082 51781 0 28523 41658 62990 16789 0 0 30476364
443621 2176187 12616584 2099691 1241237 3690098 0 1240719 2515713 1211017 596085 714410 153048 321143 466146 296592 217901 251963 513604 146717 192717 81186 65520 127634 175517 43291 84931 241544 93878 567211 50129 0 44404 118736 42299 72330 55719 57401 81458 77818 59648 23968 95293 75653 16133 354939 20157 23942 86298 20710 26564 46082 0 38509 17016 192161 122517 0 0 53602 50168 16255 27509 76438 22222 19390 24270 55427 21814 0 0 0 0 0 0 0 0 0 0 0 0 0 0 0 0 6096113
443621 2176187 12616584 2099691 1241237 3690098 1240719 0 2515713 1211017 596085 714410 153048 321143 466146 296592 217901 251963 513604 146717 192717 81186 65520 127634 175517 43291 84931 241544 93878 567211 50129 0 44404 118736 42299 72330 55719 57401 81458 77818 59648 23968 95293 75653 16133 354939 20157 23942 86298 20710 26564 46082 0 38509 17016 192161 122517 0 0 53602 50168 16255 27509 76438 22222 19390 24270 55427 21814 0 0 0 0 0 0 0 0 0 0 0 0 0 0 0 0 6096113
377792 1853264 10744417 1788119 1057050 3142527 1056609 1056609 0 1031315 507632 608400 130338 273489 396975 252581 185567 214575 437391 124946 164120 69139 55797 108695 149472 36867 72328 205701 79948 483043 42691 0 37815 101117 36022 61597 47451 48884 69371 66271 50796 20411 81153 64427 0 302270 17166 20389 73493 17637 22622 39244 0 32795 0 163647 104337 0 0 45648 42724 0 23427 65096 18925 16512 20669 47202 18577 0 0 0 0 0 0 0 0 0 0 0 0 0 0 0 0 5047910
492612 2416515 14009899 2331571 1378313 4097615 1377738 1377738 2793536 0 661913 793307 169950 356609 517625 329346 241965 279789 570324 162919 214000 90152 72756 141730 194901 48072 94310 268219 104246 629851 55665 0 49307 131848 46970 80318 61872 63741 90454 86412 66235 26615 105817 84008 17914 394136 22383 26586 95829 22997 29498 51171 0 42762 18896 213383 136048 15811 0 59522 55708 18050 30547 84880 24677 21531 26951 61548 24223 0 0 0 0 0 0 0 0 0 0 0 0 0 0 0 0 6759168
663845 3256501 18879771 3142030 1857417 5521955 1856643 1856643 3764575 1812196 0 1069062 229025 480566 697552 443827 326073 377044 768570 219551 288386 121489 98046 190995 262649 64781 127093 361452 140482 848789 75015 0 66447 177679 63297 108237 83379 85897 121896 116449 89258 35866 142599 113209 24142 531139 30164 35827 129139 30991 39751 68958 0 57627 25464 287555 183338 21307 0 80212 75073 24325 41165 114384 33254 29015 36319 82942 32643 0 19490 0 0 0 0 0 0 0 0 0 0 17185 0 0 0 9229354
720620 3535012 20494459 3410752 2016273 5994219 2015431 2015431 4086540 1967183 968283 0 248613 521667 757210 481786 353960 409291 834301 238328 313051 131880 106431 207330 285112 70322 137963 392365 152497 921381 81431 0 72130 192875 68710 117494 90510 93243 132321 126408 96892 38934 154795 122892 26206 576565 32744 38891 140184 33641 43151 74856 0 62555 27642 312148 199018 23129 15839 87072 81493 26405 44686 124167 36098 31497 39425 90036 35434 0 21157 0 0 0 0 0 0 15335 0 0 0 18655 0 0 0 9954648
183185 898614 5209774 867027 512545 1523755 512331 512331 1038815 500066 246142 295002 0 132610 192486 122472 89978 104043 212083 60584 79579 33524 27055 52704 72477 17876 35071 99741 38765 234219 20700 0 18336 49030 17466 29867 23008 23703 33637 32133 24630 0 39350 31240 0 146565 0 0 35635 0 0 19029 0 15902 0 79349 50591 0 0 22134 20716 0 0 31564 0 0 0 22887 0 0 0 0 0 0 0 0 0 0 0 0 0 0 0 0 0 2709676
133048 652666 3783875 629724 372263 1106708 372107 372107 754494 363199 178773 214261 45901 0 139803 88952 65351 75567 154036 44002 57798 24349 19650 38279 52640 0 25472 72442 28155 170114 15034 0 0 35610 0 21693 16711 17215 24430 23339 17889 0 28580 22689 0 106451 0 0 25882 0 0 0 0 0 0 57632 36745 0 0 16076 15046 0 0 22925 0 0 0 16623 0 0 0 0 0 0 0 0 0 0 0 0 0 0 0 0 0 2023782
106721 523522 3035154 505120 298603 887722 298478 298478 605201 291333 143399 171865 36819 77257 0 71351 52420 60614 123557 35295 46362 19531 15762 30705 42224 0 20432 58108 22584 136453 0 0 0 28564 0 17400 0 0 19596 18721 0 0 22925 18200 0 85387 0 0 20761 0 0 0 0 0 0 46228 29474 0 0 0 0 0 0 18389 0 0 0 0 0 0 0 0 0 0 0 0 0 0 0 0 0 0 0 0 0 1709288
250914 1230861 7135993 1187594 702049 2087135 701756 701756 1422898 684956 337148 404074 86565 181640 263654 0 123246 142512 290497 82984 109002 45919 37058 72191 99273 24485 48037 136618 53098 320817 28353 0 25115 67157 23924 40910 31515 32466 46073 44014 33737 0 53898 42790 0 200755 0 0 48811 0 15025 26064 0 21781 0 108687 69296 0 0 30318 28375 0 15559 43234 0 0 0 31350 0 0 0 0 0 0 0 0 0 0 0 0 0 0 0 0 0 3667062
235785 1156645 6705725 1115988 659718 1961290 659443 659443 1337103 643656 316819 379710 81345 170688 247757 157639 0 133919 272981 77980 102429 43151 34824 67838 93288 23009 45141 128381 49896 301473 26644 0 23601 63108 22482 38444 29615 30509 43295 41360 31703 0 50648 40210 0 188650 0 0 45868 0 0 24493 0 20468 0 102134 65118 0 0 28490 26664 0 0 40627 0 0 0 29459 0 0 0 0 0 0 0 0 0 0 0 0 0 0 0 0 0 3481847
151050 740979 4295875 714933 422634 1256457 422458 422458 856586 412344 202963 243253 52112 109347 158720 100988 74194 0 174879 49956 65619 27643 22309 43459 59763 0 28919 82244 31965 193132 17069 0 15119 40429 0 24628 18972 19545 27736 26497 20310 0 32447 25760 0 120855 0 0 29384 0 0 15691 0 0 0 65430 41716 0 0 18251 17082 0 0 26027 0 0 0 18873 0 0 0 0 0 0 0 0 0 0 0 0 0 0 0 0 0 2270840
66651 326955 1895544 315462 186486 554409 186408 186408 377966 181946 89557 107335 22994 48249 70035 44561 32738 37856 0 22043 28954 0 0 19176 26370 0 0 36290 0 85219 0 0 0 17839 0 0 0 0 0 0 0 0 0 0 0 53327 0 0 0 0 0 0 0 0 0 28871 18407 0 0 0 0 0 0 0 0 0 0 0 0 0 0 0 0 0 0 0 0 0 0 0 0 0 0 0 0 1200118
85090 417411 2419965 402738 238079 707791 237980 237980 482534 232283 114334 137030 29356 61598 89411 56889 41795 48329 98513 0 36965 15572 0 24481 33666 0 16290 46330 18007 108796 0 0 0 22774 0 0 0 0 15624 0 0 0 18278 0 0 68080 0 0 16553 0 0 0 0 0 0 36858 23500 0 0 0 0 0 0 0 0 0 0 0 0 0 0 0 0 0 0 0 0 0 0 0 0 0 0 0 0 1443853
64201 314940 1825883 303869 179633 534034 179558 179558 364076 175259 86266 103390 22149 46476 67461 42923 31535 36464 74329 21233 0 0 0 18471 25401 0 0 34956 0 82087 0 0 0 17184 0 0 0 0 0 0 0 0 0 0 0 51367 0 0 0 0 0 0 0 0 0 27810 17731 0 0 0 0 0 0 0 0 0 0 0 0 0 0 0 0 0 0 0 0 0 0 0 0 0 0 0 0 1163956
204419 1002781 5813685 967532 571958 1700387 571720 571720 1159233 558033 274674 329198 70524 147982 214799 136669 100408 116104 236667 67607 88803 0 30191 58814 80878 19948 39136 111303 43259 261369 23099 0 20461 54713 19491 33330 25675 26450 37536 35858 27485 0 43911 34861 0 163555 0 0 39766 0 0 21234 0 17745 0 88547 56456 0 0 24700 23117 0 0 35223 0 0 0 25541 0 0 0 0 0 0 0 0 0 0 0 0 0 0 0 0 0 3029441
198415 973326 5642918 939112 555158 1650441 554926 554926 1125183 541642 266606 319529 68453 143635 208489 132654 97459 112694 229715 65621 86195 36312 0 57086 78502 19362 37986 108033 41988 253692 22421 0 19860 53106 18919 32351 24921 25673 36433 34805 26678 0 42621 33837 0 158751 0 0 38598 0 0 20611 0 17224 0 85946 54797 0 0 23974 22438 0 0 34188 0 0 0 24790 0 0 0 0 0 0 0 0 0 0 0 0 0 0 0 0 0 2941655
72937 357791 2074319 345215 204074 606697 203989 203989 413614 199106 98003 117458 25163 52800 76640 48763 35826 41426 84443 24122 31685 0 0 0 28857 0 0 39713 15435 93256 0 0 0 19522 0 0 0 0 0 0 0 0 15667 0 0 58356 0 0 0 0 0 0 0 0 0 31594 20143 0 0 0 0 0 0 0 0 0 0 0 0 0 0 0 0 0 0 0 0 0 0 0 0 0 0 0 0 1293055
63032 309203 1792624 298334 176361 524307 176287 176287 357444 172067 84695 101507 21746 45630 66232 42141 30960 35800 72975 20846 27382 0 0 18135 0 0 0 34320 0 80592 0 0 0 16871 0 0 0 0 0 0 0 0 0 0 0 50431 0 0 0 0 0 0 0 0 0 27303 17408 0 0 0 0 0 0 0 0 0 0 0 0 0 0 0 0 0 0 0 0 0 0 0 0 0 0 0 0 1143172
165209 810435 4698552 781948 462250 1374232 462057 462057 936878 450996 221988 266054 56997 119597 173598 110454 81149 93834 191272 54639 71770 30235 24400 47532 65365 0 31629 89953 34961 211236 18669 0 16536 44218 15753 26937 20750 21377 30336 28980 22213 0 35488 28174 0 132183 0 0 32138 0 0 17161 0 0 0 71563 45627 0 0 19962 18683 0 0 28466 0 0 0 20642 0 0 0 0 0 0 0 0 0 0 0 0 0 0 0 0 0 2465113
0 44499 257986 42935 25381 75456 25370 25370 51442 24763 0 0 0 0 0 0 0 0 0 0 0 0 0 0 0 0 0 0 0 0 0 0 0 0 0 0 0 0 0 0 0 0 0 0 0 0 0 0 0 0 0 0 0 0 0 0 0 0 0 0 0 0 0 0 0 0 0 0 0 0 0 0 0 0 0 0 0 0 0 0 0 0 0 0 0 290169
92026 451435 2617226 435567 257486 765486 257379 257379 521868 251217 123654 148200 31749 66619 96699 61526 45202 52268 106544 30435 39978 16842 0 26477 36410 0 17618 0 19474 117664 0 0 0 24631 0 15004 0 0 16898 16143 0 0 19768 15694 0 73630 0 0 17902 0 0 0 0 0 0 39863 25415 0 0 0 0 0 0 15857 0 0 0 0 0 0 0 0 0 0 0 0 0 0 0 0 0 0 0 0 0 1495485
58026 284647 1650259 274641 162355 482668 162287 162287 329057 158402 77968 93445 20019 42006 60972 38794 28502 32957 67180 19191 25208 0 0 16695 22958 0 0 31594 0 74192 0 0 0 15531 0 0 0 0 0 0 0 0 0 0 0 46426 0 0 0 0 0 0 0 0 0 25135 16025 0 0 0 0 0 0 0 0 0 0 0 0 0 0 0 0 0 0 0 0 0 0 0 0 0 0 0 0 1041931
0 0 0 0 0 0 0 0 0 0 0 0 0 0 0 0 0 0 0 0 0 0 0 0 0 0 0 0 0 0 0 0 0 0 0 0 0 0 0 0 0 0 0 0 0 0 0 0 0 0 0 0 0 0 0 0 0 0 0 0 0 0 0 0 0 0 0 0 0 0 0 0 0 0 0 0 0 0 0 0 0 0 0 0 0 0
150421 737894 4277991 711957 420874 1251227 420699 420699 853020 410628 202118 242240 51895 108892 158059 100567 73885 85435 174151 49748 65346 27528 22216 43278 59514 0 28798 81902 31832 192328 0 0 15056 40260 0 24526 18893 19463 27621 26386 20225 0 32312 25652 0 120351 0 0 29262 0 0 15625 0 0 0 65157 41543 0 0 18175 17011 0 0 25918 0 0 0 18794 0 0 0 0 0 0 0 0 0 0 0 0 0 0 0 0 0 2273089
0 0 0 0 0 0 0 0 0 0 0 0 0 0 0 0 0 0 0 0 0 0 0 0 0 0 0 0 0 0 0 0 0 0 0 0 0 0 0 0 0 0 0 0 0 0 0 0 0 0 0 0 0 0 0 0 0 0 0 0 0 0 0 0 0 0 0 0 0 0 0 0 0 0 0 0 0 0 0 0 0 0 0 0 0 1
139890 686232 3978476 662110 391408 1163625 391245 391245 793297 381878 187968 225280 48262 101268 146993 93526 68712 79453 161958 46265 60771 25601 20661 40248 55347 0 26782 76168 29603 178863 15808 0 0 37442 0 22808 17570 18101 25687 24539 18809 0 30049 23856 0 111925 0 0 27213 0 0 0 0 0 0 60596 38634 0 0 16903 15820 0 0 24104 0 0 0 17478 0 0 0 0 0 0 0 0 0 0 0 0 0 0 0 0 0 2128784
57110 280154 1624213 270307 159792 475050 159726 159726 323864 155902 76738 91971 19703 41343 60010 38182 28052 32437 66119 18888 24810 0 0 16431 22595 0 0 31095 0 73021 0 0 0 0 0 0 0 0 0 0 0 0 0 0 0 45694 0 0 0 0 0 0 0 0 0 24738 15772 0 0 0 0 0 0 0 0 0 0 0 0 0 0 0 0 0 0 0 0 0 0 0 0 0 0 0 0 1037024
129825 636860 3692235 614473 363247 1079905 363096 363096 736222 354403 174444 209072 44790 93982 136417 86797 63769 73737 150306 42937 56398 23759 19174 37352 51365 0 24855 70688 27473 165994 0 0 0 34748 0 21167 16306 16798 23839 22773 17456 0 27888 22140 0 103873 0 0 25255 0 0 0 0 0 0 56236 35855 0 0 15687 0 0 0 22370 0 0 0 16221 0 0 0 0 0 0 0 0 0 0 0 0 0 0 0 0 0 2005697
54635 268011 1553813 258590 152866 454459 152802 152802 309826 149144 73412 87984 18849 39551 57409 36527 26836 31031 63254 18069 23734 0 0 15719 21616 0 0 29748 0 69856 0 0 0 0 0 0 0 0 0 0 0 0 0 0 0 43713 0 0 0 0 0 0 0 0 0 23666 15089 0 0 0 0 0 0 0 0 0 0 0 0 0 0 0 0 0 0 0 0 0 0 0 0 0 0 0 0 998768
62440 306302 1775807 295535 174706 519388 174633 174633 354091 170453 83900 100555 21542 45201 65611 41746 30670 35464 72291 20651 27125 0 0 17965 24704 0 0 33998 0 79836 0 0 0 16712 0 0 0 0 0 0 0 0 0 0 0 49958 0 0 0 0 0 0 0 0 0 27047 17245 0 0 0 0 0 0 0 0 0 0 0 0 0 0 0 0 0 0 0 0 0 0 0 0 0 0 0 0 1127488
110489 542006 3142314 522954 309145 919064 309016 309016 626569 301618 148462 177933 38119 79985 116099 73870 54271 62755 127919 36542 47999 20220 16319 31789 43715 0 21153 60159 23382 141271 0 0 0 29573 0 18015 0 0 20288 19382 0 0 23734 18842 0 88402 0 0 21494 0 0 0 0 0 0 47860 30514 0 0 0 0 0 0 19038 0 0 0 0 0 0 0 0 0 0 0 0 0 0 0 0 0 0 0 0 0 1772749
47160 231346 1341241 223214 131953 392286 131898 131898 267440 128741 63368 75947 16270 34140 49555 31530 23165 26786 54600 15597 20487 0 0 0 18659 0 0 25678 0 60299 0 0 0 0 0 0 0 0 0 0 0 0 0 0 0 37733 0 0 0 0 0 0 0 0 0 20428 0 0 0 0 0 0 0 0 0 0 0 0 0 0 0 0 0 0 0 0 0 0 0 0 0 0 0 0 0 887587
23783 116666 676376 112565 66543 197827 66515 66515 134868 64923 31956 38300 0 17217 24990 15900 0 0 27534 0 0 0 0 0 0 0 0 0 0 30408 0 0 0 0 0 0 0 0 0 0 0 0 0 0 0 19028 0 0 0 0 0 0 0 0 0 0 0 0 0 0 0 0 0 0 0 0 0 0 0 0 0 0 0 0 0 0 0 0 0 0 0 0 0 0 0 532083
47247 231771 1343706 223624 132196 393007 132140 132140 267931 128977 63485 76087 16300 34203 49646 31588 23207 26835 54700 15626 20525 0 0 0 18693 0 0 25725 0 60410 0 0 0 0 0 0 0 0 0 0 0 0 0 0 0 37802 0 0 0 0 0 0 0 0 0 20466 0 0 0 0 0 0 0 0 0 0 0 0 0 0 0 0 0 0 0 0 0 0 0 0 0 0 0 0 0 891938
92244 452504 2623423 436598 258096 767299 257988 257988 523103 251812 123947 148551 31824 66777 96928 61672 45309 52392 106796 30507 40073 16881 0 26540 36496 0 17660 50225 19521 117943 0 0 0 24689 0 15040 0 0 16938 16181 0 0 19815 15731 0 73804 0 0 17944 0 0 0 0 0 0 39957 25476 0 0 0 0 0 0 15894 0 0 0 0 0 0 0 0 0 0 0 0 0 0 0 0 0 0 0 0 0 1501779
28403 139330 807777 134433 79470 236259 79437 79437 161069 77535 38164 45740 0 20561 29845 18989 0 16132 32883 0 0 0 0 0 0 0 0 15465 0 36316 0 0 0 0 0 0 0 0 0 0 0 0 0 0 0 22725 0 0 0 0 0 0 0 0 0 0 0 0 0 0 0 0 0 0 0 0 0 0 0 0 0 0 0 0 0 0 0 0 0 0 0 0 0 0 0 602544
30045 147385 854473 142204 84064 249916 84029 84029 170380 82018 40371 48384 0 21750 31570 20087 0 17065 34784 0 0 0 0 0 0 0 0 16359 0 38415 0 0 0 0 0 0 0 0 0 0 0 0 0 0 0 24039 0 0 0 0 0 0 0 0 0 0 0 0 0 0 0 0 0 0 0 0 0 0 0 0 0 0 0 0 0 0 0 0 0 0 0 0 0 0 0 638934
20883 102440 593901 98839 58429 173704 58404 58404 118422 57006 28060 33629 0 15117 21943 0 0 0 24177 0 0 0 0 0 0 0 0 0 0 26700 0 0 0 0 0 0 0 0 0 0 0 0 0 0 0 16708 0 0 0 0 0 0 0 0 0 0 0 0 0 0 0 0 0 0 0 0 0 0 0 0 0 0 0 0 0 0 0 0 0 0 0 0 0 0 0 484564
0 0 0 0 0 0 0 0 0 0 0 0 0 0 0 0 0 0 0 0 0 0 0 0 0 0 0 0 0 0 0 0 0 0 0 0 0 0 0 0 0 0 0 0 0 0 0 0 0 0 0 0 0 0 0 0 0 0 0 0 0 0 0 0 0 0 0 0 0 0 0 0 0 0 0 0 0 0 0 0 0 0 0 0 0 0
101104 495965 2875391 478532 282885 840994 282767 282767 573345 275998 135851 162818 34881 73190 106237 67595 49661 57424 117053 33438 43921 18503 0 29089 40001 0 19356 55049 21395 129271 0 0 0 27061 0 16485 0 0 18565 17735 0 0 21718 17242 0 80893 0 0 19668 0 0 0 0 0 0 43795 27922 0 0 0 0 0 0 17421 0 0 0 0 0 0 0 0 0 0 0 0 0 0 0 0 0 0 0 0 0 1647035
83196 408121 2366106 393775 232781 692039 232684 232684 471795 227113 111789 133980 28703 60227 87421 55623 40865 47253 96321 27515 36142 15226 0 23936 32916 0 15928 45299 17606 106374 0 0 0 22268 0 0 0 0 15277 0 0 0 17871 0 0 66565 0 0 16184 0 0 0 0 0 0 36038 22977 0 0 0 0 0 0 0 0 0 0 0 0 0 0 0 0 0 0 0 0 0 0 0 0 0 0 0 0 1411166
28714 140855 816617 135904 80340 238844 80306 80306 162831 78384 38582 46241 0 20786 30172 19197 0 16308 33243 0 0 0 0 0 0 0 0 15634 0 36713 0 0 0 0 0 0 0 0 0 0 0 0 0 0 0 22974 0 0 0 0 0 0 0 0 0 0 0 0 0 0 0 0 0 0 0 0 0 0 0 0 0 0 0 0 0 0 0 0 0 0 0 0 0 0 0 609820
74030 363153 2105405 350388 207133 615789 207046 207046 419812 202090 99472 119218 25540 53591 77789 49494 36362 42047 85708 24483 32160 0 0 21299 29290 0 0 40308 15666 94654 0 0 0 19814 0 0 0 0 0 0 0 0 15902 0 0 59231 0 0 0 0 0 0 0 0 0 32067 20445 0 0 0 0 0 0 0 0 0 0 0 0 0 0 0 0 0 0 0 0 0 0 0 0 0 0 0 0 1312028
65468 321154 1861910 309865 183177 544571 183101 183101 371260 178717 87968 105430 22586 47393 68792 43770 32157 37184 75796 21652 28440 0 0 18836 25902 0 0 35646 0 83707 0 0 0 17523 0 0 0 0 0 0 0 0 0 0 0 52381 0 0 0 0 0 0 0 0 0 28358 18081 0 0 0 0 0 0 0 0 0 0 0 0 0 0 0 0 0 0 0 0 0 0 0 0 0 0 0 0 1187195
35471 174005 1008803 167888 99247 295055 99206 99206 201152 96831 47662 57123 0 25678 37272 23715 17423 20147 41067 0 15409 0 0 0 0 0 0 19313 0 45353 0 0 0 0 0 0 0 0 0 0 0 0 0 0 0 28380 0 0 0 0 0 0 0 0 0 15365 0 0 0 0 0 0 0 0 0 0 0 0 0 0 0 0 0 0 0 0 0 0 0 0 0 0 0 0 0 708906
0 0 0 0 0 0 0 0 0 0 0 0 0 0 0 0 0 0 0 0 0 0 0 0 0 0 0 0 0 0 0 0 0 0 0 0 0 0 0 0 0 0 0 0 0 0 0 0 0 0 0 0 0 0 0 0 0 0 0 0 0 0 0 0 0 0 0 0 0 0 0 0 0 0 0 0 0 0 0 0 0 0 0 0 0 47895
52431 257202 1491148 248161 146701 436131 146640 146640 297331 143129 70451 84436 18089 37956 55094 35054 25754 29779 60703 17340 22777 0 0 15085 20744 0 0 28548 0 67038 0 0 0 0 0 0 0 0 0 0 0 0 0 0 0 41950 0 0 0 0 0 0 0 0 0 22711 0 0 0 0 0 0 0 0 0 0 0 0 0 0 0 0 0 0 0 0 0 0 0 0 0 0 0 0 0 977649
63901 313468 1817349 302449 178793 531538 178719 178719 362375 174440 85863 102907 22046 46259 67146 42722 31387 36294 73982 21134 27760 0 0 18385 25282 0 0 34793 0 81704 0 0 0 17103 0 0 0 0 0 0 0 0 0 0 0 51127 0 0 0 0 0 0 0 0 0 27680 17648 0 0 0 0 0 0 0 0 0 0 0 0 0 0 0 0 0 0 0 0 0 0 0 0 0 0 0 0 1160393
0 0 27468 0 0 0 0 0 0 0 0 0 0 0 0 0 0 0 0 0 0 0 0 0 0 0 0 0 0 0 0 0 0 0 0 0 0 0 0 0 0 0 0 0 0 0 0 0 0 0 0 0 0 0 0 0 0 0 0 0 0 0 0 0 0 0 0 0 0 0 0 0 0 0 0 0 0 0 0 0 0 0 0 0 0 64181
37939 186109 1078978 179567 106151 315580 106107 106107 215145 103567 50978 61097 0 27464 39865 25365 18635 21548 43924 0 16481 0 0 0 15010 0 0 20657 0 48508 0 0 0 0 0 0 0 0 0 0 0 0 0 0 0 30355 0 0 0 0 0 0 0 0 0 16434 0 0 0 0 0 0 0 0 0 0 0 0 0 0 0 0 0 0 0 0 0 0 0 0 0 0 0 0 0 735555
36037 176782 1024907 170568 100832 299765 100790 100790 204364 98377 48423 58035 0 26088 37867 24094 17701 20468 41723 0 15655 0 0 0 0 0 0 19622 0 46077 0 0 0 0 0 0 0 0 0 0 0 0 0 0 0 28833 0 0 0 0 0 0 0 0 0 15610 0 0 0 0 0 0 0 0 0 0 0 0 0 0 0 0 0 0 0 0 0 0 0 0 0 0 0 0 0 723252
0 16737 97032 16148 0 28380 0 0 19348 0 0 0 0 0 0 0 0 0 0 0 0 0 0 0 0 0 0 0 0 0 0 0 0 0 0 0 0 0 0 0 0 0 0 0 0 0 0 0 0 0 0 0 0 0 0 0 0 0 0 0 0 0 0 0 0 0 0 0 0 0 0 0 0 0 0 0 0 0 0 0 0 0 0 0 0 147757
29710 145742 844947 140619 83127 247130 83092 83092 168480 81103 39920 47845 0 21507 31218 19863 0 16874 34397 0 0 0 0 0 0 0 0 16176 0 37987 0 0 0 0 0 0 0 0 0 0 0 0 0 0 0 23771 0 0 0 0 0 0 0 0 0 0 0 0 0 0 0 0 0 0 0 0 0 0 0 0 0 0 0 0 0 0 0 0 0 0 0 0 0 0 0 633540
25516 125169 725673 120769 71393 212245 71363 71363 144697 69655 34285 41091 0 18471 26811 17059 0 0 29541 0 0 0 0 0 0 0 0 0 0 32625 0 0 0 0 0 0 0 0 0 0 0 0 0 0 0 20415 0 0 0 0 0 0 0 0 0 0 0 0 0 0 0 0 0 0 0 0 0 0 0 0 0 0 0 0 0 0 0 0 0 0 0 0 0 0 0 572725
0 50492 292732 48717 28799 85618 28787 28787 58370 28098 0 16576 0 0 0 0 0 0 0 0 0 0 0 0 0 0 0 0 0 0 0 0 0 0 0 0 0 0 0 0 0 0 0 0 0 0 0 0 0 0 0 0 0 0 0 0 0 0 0 0 0 0 0 0 0 0 0 0 0 0 0 0 0 0 0 0 0 0 0 0 0 0 0 0 0 314540
0 19729 114383 19036 0 33455 0 0 22808 0 0 0 0 0 0 0 0 0 0 0 0 0 0 0 0 0 0 0 0 0 0 0 0 0 0 0 0 0 0 0 0 0 0 0 0 0 0 0 0 0 0 0 0 0 0 0 0 0 0 0 0 0 0 0 0 0 0 0 0 0 0 0 0 0 0 0 0 0 0 0 0 0 0 0 0 173991
0 0 0 0 0 0 0 0 0 0 0 0 0 0 0 0 0 0 0 0 0 0 0 0 0 0 0 0 0 0 0 0 0 0 0 0 0 0 0 0 0 0 0 0 0 0 0 0 0 0 0 0 0 0 0 0 0 0 0 0 0 0 0 0 0 0 0 0 0 0 0 0 0 0 0 0 0 0 0 0 0 0 0 0 0 0
17021 83499 484091 80564 47626 141587 47606 47606 96527 46466 22871 27412 0 0 17886 0 0 0 19707 0 0 0 0 0 0 0 0 0 0 21764 0 0 0 0 0 0 0 0 0 0 0 0 0 0 0 0 0 0 0 0 0 0 0 0 0 0 0 0 0 0 0 0 0 0 0 0 0 0 0 0 0 0 0 0 0 0 0 0 0 0 0 0 0 0 0 420638
0 0 0 0 0 0 0 0 0 0 0 0 0 0 0 0 0 0 0 0 0 0 0 0 0 0 0 0 0 0 0 0 0 0 0 0 0 0 0 0 0 0 0 0 0 0 0 0 0 0 0 0 0 0 0 0 0 0 0 0 0 0 0 0 0 0 0 0 0 0 0 0 0 0 0 0 0 0 0 0 0 0 0 0 0 113
0 61510 356606 59348 35083 104300 35069 35069 71106 34229 16848 20193 0 0 0 0 0 0 0 0 0 0 0 0 0 0 0 0 0 16032 0 0 0 0 0 0 0 0 0 0 0 0 0 0 0 0 0 0 0 0 0 0 0 0 0 0 0 0 0 0 0 0 0 0 0 0 0 0 0 0 0 0 0 0 0 0 0 0 0 0 0 0 0 0 0 350027
0 0 74555 0 0 21806 0 0 0 0 0 0 0 0 0 0 0 0 0 0 0 0 0 0 0 0 0 0 0 0 0 0 0 0 0 0 0 0 0 0 0 0 0 0 0 0 0 0 0 0 0 0 0 0 0 0 0 0 0 0 0 0 0 0 0 0 0 0 0 0 0 0 0 0 0 0 0 0 0 0 0 0 0 0 0 153347
0 19065 110529 18395 0 32328 0 0 22039 0 0 0 0 0 0 0 0 0 0 0 0 0 0 0 0 0 0 0 0 0 0 0 0 0 0 0 0 0 0 0 0 0 0 0 0 0 0 0 0 0 0 0 0 0 0 0 0 0 0 0 0 0 0 0 0 0 0 0 0 0 0 0 0 0 0 0 0 0 0 0 0 0 0 0 0 168187
0 64899 376257 62618 37017 110048 37001 37001 75025 36115 17777 21305 0 0 0 0 0 0 15317 0 0 0 0 0 0 0 0 0 0 16916 0 0 0 0 0 0 0 0 0 0 0 0 0 0 0 0 0 0 0 0 0 0 0 0 0 0 0 0 0 0 0 0 0 0 0 0 0 0 0 0 0 0 0 0 0 0 0 0 0 0 0 0 0 0 0 354746
0 0 0 0 0 0 0 0 0 0 0 0 0 0 0 0 0 0 0 0 0 0 0 0 0 0 0 0 0 0 0 0 0 0 0 0 0 0 0 0 0 0 0 0 0 0 0 0 0 0 0 0 0 0 0 0 0 0 0 0 0 0 0 0 0 0 0 0 0 0 0 0 0 0 0 0 0 0 0 0 0 0 0 0 0 28624
0 23579 136701 22750 0 39982 0 0 27258 0 0 0 0 0 0 0 0 0 0 0 0 0 0 0 0 0 0 0 0 0 0 0 0 0 0 0 0 0 0 0 0 0 0 0 0 0 0 0 0 0 0 0 0 0 0 0 0 0 0 0 0 0 0 0 0 0 0 0 0 0 0 0 0 0 0 0 0 0 0 0 0 0 0 0 0 208242
0 0 18730 0 0 0 0 0 0 0 0 0 0 0 0 0 0 0 0 0 0 0 0 0 0 0 0 0 0 0 0 0 0 0 0 0 0 0 0 0 0 0 0 0 0 0 0 0 0 0 0 0 0 0 0 0 0 0 0 0 0 0 0 0 0 0 0 0 0 0 0 0 0 0 0 0 0 0 0 0 0 0 0 0 0 44085
0 18267 105907 17625 0 30976 0 0 21118 0 0 0 0 0 0 0 0 0 0 0 0 0 0 0 0 0 0 0 0 0 0 0 0 0 0 0 0 0 0 0 0 0 0 0 0 0 0 0 0 0 0 0 0 0 0 0 0 0 0 0 0 0 0 0 0 0 0 0 0 0 0 0 0 0 0 0 0 0 0 0 0 0 0 0 0 161354
0 0 15470 0 0 0 0 0 0 0 0 0 0 0 0 0 0 0 0 0 0 0 0 0 0 0 0 0 0 0 0 0 0 0 0 0 0 0 0 0 0 0 0 0 0 0 0 0 0 0 0 0 0 0 0 0 0 0 0 0 0 0 0 0 0 0 0 0 0 0 0 0 0 0 0 0 0 0 0 0 0 0 0 0 0 36409
0 0 36776 0 0 0 0 0 0 0 0 0 0 0 0 0 0 0 0 0 0 0 0 0 0 0 0 0 0 0 0 0 0 0 0 0 0 0 0 0 0 0 0 0 0 0 0 0 0 0 0 0 0 0 0 0 0 0 0 0 0 0 0 0 0 0 0 0 0 0 0 0 0 0 0 0 0 0 0 0 0 0 0 0 0 86564
0 30321 175789 29255 17294 51415 17287 17287 35052 16873 0 0 0 0 0 0 0 0 0 0 0 0 0 0 0 0 0 0 0 0 0 0 0 0 0 0 0 0 0 0 0 0 0 0 0 0 0 0 0 0 0 0 0 0 0 0 0 0 0 0 0 0 0 0 0 0 0 0 0 0 0 0 0 0 0 0 0 0 0 0 0 0 0 0 0 199023
0 0 0 0 0 0 0 0 0 0 0 0 0 0 0 0 0 0 0 0 0 0 0 0 0 0 0 0 0 0 0 0 0 0 0 0 0 0 0 0 0 0 0 0 0 0 0 0 0 0 0 0 0 0 0 0 0 0 0 0 0 0 0 0 0 0 0 0 0 0 0 0 0 0 0 0 0 0 0 0 0 0 0 0 0 12522
0 0 86412 0 0 25274 0 0 17230 0 0 0 0 0 0 0 0 0 0 0 0 0 0 0 0 0 0 0 0 0 0 0 0 0 0 0 0 0 0 0 0 0 0 0 0 0 0 0 0 0 0 0 0 0 0 0 0 0 0 0 0 0 0 0 0 0 0 0 0 0 0 0 0 0 0 0 0 0 0 0 0 0 0 0 0 160943
0 0 39241 0 0 0 0 0 0 0 0 0 0 0 0 0 0 0 0 0 0 0 0 0 0 0 0 0 0 0 0 0 0 0 0 0 0 0 0 0 0 0 0 0 0 0 0 0 0 0 0 0 0 0 0 0 0 0 0 0 0 0 0 0 0 0 0 0 0 0 0 0 0 0 0 0 0 0 0 0 0 0 0 0 0 92371
0 0 0 0 0 0 0 0 0 0 0 0 0 0 0 0 0 0 0 0 0 0 0 0 0 0 0 0 0 0 0 0 0 0 0 0 0 0 0 0 0 0 0 0 0 0 0 0 0 0 0 0 0 0 0 0 0 0 0 0 0 0 0 0 0 0 0 0 0 0 0 0 0 0 0 0 0 0 0 0 0 0 0 0 0 5808
0 22585 130938 21791 0 38297 0 0 26109 0 0 0 0 0 0 0 0 0 0 0 0 0 0 0 0 0 0 0 0 0 0 0 0 0 0 0 0 0 0 0 0 0 0 0 0 0 0 0 0 0 0 0 0 0 0 0 0 0 0 0 0 0 0 0 0 0 0 0 0 0 0 0 0 0 0 0 0 0 0 0 0 0 0 0 0 199369
0 0 23914 0 0 0 0 0 0 0 0 0 0 0 0 0 0 0 0 0 0 0 0 0 0 0 0 0 0 0 0 0 0 0 0 0 0 0 0 0 0 0 0 0 0 0 0 0 0 0 0 0 0 0 0 0 0 0 0 0 0 0 0 0 0 0 0 0 0 0 0 0 0 0 0 0 0 0 0 0 0 0 0 0 0 56298
0 0 44831 0 0 0 0 0 0 0 0 0 0 0 0 0 0 0 0 0 0 0 0 0 0 0 0 0 0 0 0 0 0 0 0 0 0 0 0 0 0 0 0 0 0 0 0 0 0 0 0 0 0 0 0 0 0 0 0 0 0 0 0 0 0 0 0 0 0 0 0 0 0 0 0 0 0 0 0 0 0 0 0 0 0 105548
0 0 43614 0 0 0 0 0 0 0 0 0 0 0 0 0 0 0 0 0 0 0 0 0 0 0 0 0 0 0 0 0 0 0 0 0 0 0 0 0 0 0 0 0 0 0 0 0 0 0 0 0 0 0 0 0 0 0 0 0 0 0 0 0 0 0 0 0 0 0 0 0 0 0 0 0 0 0 0 0 0 0 0 0 0 102688
92292 81055 58910 78206 114655 90363 114607 114607 76470 111863 89386 90553 140005 79133 96978 87045 145571 101947 91534 134213 128747 229690 252370 143919 145548 256667 238548 97731 222218 85056 232304 134724 219088 162541 238407 223166 234058 234908 221800 245509 252604 204002 231931 237612 153648 87461 171166 204267 238568 177123 212679 238216 78930 238109 160413 127957 142151 163598 138170 229121 229598 155201 224054 245254 192913 169066 210937 240305 190012 88641 165160 93768 125586 65710 144623 112060 77956 133845 43835 82160 120018 145518 80198 57431 7188 0
