82C:\Users\DELL-USER02\.conda\envs\torch2.0\python.exe C:\Users\DELL-USER02\PycharmProjects\pythonProject1\Foreigh\main.py
alpha ={},beta={} 0.5 0.8
*************************************
epoch: 1
破产银行集合 [40 61 80]
破产银行数 3
净资产 398628596.0
正常的银行集合 [ 0  1  2  3  4  5  6  7  8  9 10 11 12 13 14 15 16 17 18 19 20 21 22 23
 24 25 26 27 28 29 30 31 32 33 34 35 36 37 38 39 41 42 43 44 45 46 47 48
 49 50 51 52 53 54 55 56 57 58 59 60 62 63 64 65 66 67 68 69 70 71 72 73
 74 75 76 77 78 79 81 82]
总流动性 122720100.77213535
*************************************
epoch: 2
破产银行集合 [40 61 80]
破产银行数 3
净资产 397923441.2721354
正常的银行集合 [ 0  1  2  3  4  5  6  7  8  9 10 11 12 13 14 15 16 17 18 19 20 21 22 23
 24 25 26 27 28 29 30 31 32 33 34 35 36 37 38 39 41 42 43 44 45 46 47 48
 49 50 51 52 53 54 55 56 57 58 59 60 62 63 64 65 66 67 68 69 70 71 72 73
 74 75 76 77 78 79 81 82]
总流动性 122592538.2386132
*************************************
epoch: 3
破产银行集合 [40 61 80]
破产银行数 3
净资产 397699227.89252734
正常的银行集合 [ 0  1  2  3  4  5  6  7  8  9 10 11 12 13 14 15 16 17 18 19 20 21 22 23
 24 25 26 27 28 29 30 31 32 33 34 35 36 37 38 39 41 42 43 44 45 46 47 48
 49 50 51 52 53 54 55 56 57 58 59 60 62 63 64 65 66 67 68 69 70 71 72 73
 74 75 76 77 78 79 81 82]
总流动性 122490396.72432348
*************************************
epoch: 4
破产银行集合 [40 61 80]
破产银行数 3
净资产 397550864.32957816
正常的银行集合 [ 0  1  2  3  4  5  6  7  8  9 10 11 12 13 14 15 16 17 18 19 20 21 22 23
 24 25 26 27 28 29 30 31 32 33 34 35 36 37 38 39 41 42 43 44 45 46 47 48
 49 50 51 52 53 54 55 56 57 58 59 60 62 63 64 65 66 67 68 69 70 71 72 73
 74 75 76 77 78 79 81 82]
总流动性 122408628.13694476
*************************************
epoch: 5
破产银行集合 [40 61 80]
破产银行数 3
净资产 397449609.68269545
正常的银行集合 [ 0  1  2  3  4  5  6  7  8  9 10 11 12 13 14 15 16 17 18 19 20 21 22 23
 24 25 26 27 28 29 30 31 32 33 34 35 36 37 38 39 41 42 43 44 45 46 47 48
 49 50 51 52 53 54 55 56 57 58 59 60 62 63 64 65 66 67 68 69 70 71 72 73
 74 75 76 77 78 79 81 82]
总流动性 122380950.6950844
*************************************
epoch: 6
破产银行集合 [40 61 80]
破产银行数 3
净资产 397414047.3225738
正常的银行集合 [ 0  1  2  3  4  5  6  7  8  9 10 11 12 13 14 15 16 17 18 19 20 21 22 23
 24 25 26 27 28 29 30 31 32 33 34 35 36 37 38 39 41 42 43 44 45 46 47 48
 49 50 51 52 53 54 55 56 57 58 59 60 62 63 64 65 66 67 68 69 70 71 72 73
 74 75 76 77 78 79 81 82]
总流动性 122304487.24668315
*************************************
epoch: 7
破产银行集合 [40 61 80]
破产银行数 3
净资产 397334563.5250085
正常的银行集合 [ 0  1  2  3  4  5  6  7  8  9 10 11 12 13 14 15 16 17 18 19 20 21 22 23
 24 25 26 27 28 29 30 31 32 33 34 35 36 37 38 39 41 42 43 44 45 46 47 48
 49 50 51 52 53 54 55 56 57 58 59 60 62 63 64 65 66 67 68 69 70 71 72 73
 74 75 76 77 78 79 81 82]
总流动性 122273755.54325587
*************************************
epoch: 8
破产银行集合 [40 61 80]
破产银行数 3
净资产 397302864.7740081
正常的银行集合 [ 0  1  2  3  4  5  6  7  8  9 10 11 12 13 14 15 16 17 18 19 20 21 22 23
 24 25 26 27 28 29 30 31 32 33 34 35 36 37 38 39 41 42 43 44 45 46 47 48
 49 50 51 52 53 54 55 56 57 58 59 60 62 63 64 65 66 67 68 69 70 71 72 73
 74 75 76 77 78 79 81 82]
总流动性 122210327.29430889
*************************************
epoch: 9
破产银行集合 [40 61 80]
破产银行数 3
净资产 397239125.33326834
正常的银行集合 [ 0  1  2  3  4  5  6  7  8  9 10 11 12 13 14 15 16 17 18 19 20 21 22 23
 24 25 26 27 28 29 30 31 32 33 34 35 36 37 38 39 41 42 43 44 45 46 47 48
 49 50 51 52 53 54 55 56 57 58 59 60 62 63 64 65 66 67 68 69 70 71 72 73
 74 75 76 77 78 79 81 82]
总流动性 122170489.3580751
*************************************
epoch: 10
破产银行集合 [40 61 80]
破产银行数 3
净资产 397199197.0529743
正常的银行集合 [ 0  1  2  3  4  5  6  7  8  9 10 11 12 13 14 15 16 17 18 19 20 21 22 23
 24 25 26 27 28 29 30 31 32 33 34 35 36 37 38 39 41 42 43 44 45 46 47 48
 49 50 51 52 53 54 55 56 57 58 59 60 62 63 64 65 66 67 68 69 70 71 72 73
 74 75 76 77 78 79 81 82]
总流动性 122129829.08898592
*************************************
epoch: 11
破产银行集合 [40 61 80]
破产银行数 3
净资产 397158509.2837235
正常的银行集合 [ 0  1  2  3  4  5  6  7  8  9 10 11 12 13 14 15 16 17 18 19 20 21 22 23
 24 25 26 27 28 29 30 31 32 33 34 35 36 37 38 39 41 42 43 44 45 46 47 48
 49 50 51 52 53 54 55 56 57 58 59 60 62 63 64 65 66 67 68 69 70 71 72 73
 74 75 76 77 78 79 81 82]
总流动性 122114084.632129
*************************************
epoch: 12
破产银行集合 [40 61 80]
破产银行数 3
净资产 397142757.7855617
正常的银行集合 [ 0  1  2  3  4  5  6  7  8  9 10 11 12 13 14 15 16 17 18 19 20 21 22 23
 24 25 26 27 28 29 30 31 32 33 34 35 36 37 38 39 41 42 43 44 45 46 47 48
 49 50 51 52 53 54 55 56 57 58 59 60 62 63 64 65 66 67 68 69 70 71 72 73
 74 75 76 77 78 79 81 82]
总流动性 122096956.34471531
*************************************
epoch: 13
破产银行集合 [40 61 80]
破产银行数 3
净资产 397125627.77656674
正常的银行集合 [ 0  1  2  3  4  5  6  7  8  9 10 11 12 13 14 15 16 17 18 19 20 21 22 23
 24 25 26 27 28 29 30 31 32 33 34 35 36 37 38 39 41 42 43 44 45 46 47 48
 49 50 51 52 53 54 55 56 57 58 59 60 62 63 64 65 66 67 68 69 70 71 72 73
 74 75 76 77 78 79 81 82]
总流动性 122080471.39450724
*************************************
epoch: 14
破产银行集合 [40 61 80]
破产银行数 3
净资产 397109142.475621
正常的银行集合 [ 0  1  2  3  4  5  6  7  8  9 10 11 12 13 14 15 16 17 18 19 20 21 22 23
 24 25 26 27 28 29 30 31 32 33 34 35 36 37 38 39 41 42 43 44 45 46 47 48
 49 50 51 52 53 54 55 56 57 58 59 60 62 63 64 65 66 67 68 69 70 71 72 73
 74 75 76 77 78 79 81 82]
总流动性 122067542.74452075
*************************************
epoch: 15
破产银行集合 [40 61 80]
破产银行数 3
净资产 397096213.7589848
正常的银行集合 [ 0  1  2  3  4  5  6  7  8  9 10 11 12 13 14 15 16 17 18 19 20 21 22 23
 24 25 26 27 28 29 30 31 32 33 34 35 36 37 38 39 41 42 43 44 45 46 47 48
 49 50 51 52 53 54 55 56 57 58 59 60 62 63 64 65 66 67 68 69 70 71 72 73
 74 75 76 77 78 79 81 82]
总流动性 122045627.71063481
*************************************
epoch: 16
破产银行集合 [40 61 80]
破产银行数 3
净资产 397074298.71302897
正常的银行集合 [ 0  1  2  3  4  5  6  7  8  9 10 11 12 13 14 15 16 17 18 19 20 21 22 23
 24 25 26 27 28 29 30 31 32 33 34 35 36 37 38 39 41 42 43 44 45 46 47 48
 49 50 51 52 53 54 55 56 57 58 59 60 62 63 64 65 66 67 68 69 70 71 72 73
 74 75 76 77 78 79 81 82]
总流动性 122021042.38561653
*************************************
epoch: 17
破产银行集合 [40 61 80]
破产银行数 3
净资产 397049713.385992
正常的银行集合 [ 0  1  2  3  4  5  6  7  8  9 10 11 12 13 14 15 16 17 18 19 20 21 22 23
 24 25 26 27 28 29 30 31 32 33 34 35 36 37 38 39 41 42 43 44 45 46 47 48
 49 50 51 52 53 54 55 56 57 58 59 60 62 63 64 65 66 67 68 69 70 71 72 73
 74 75 76 77 78 79 81 82]
总流动性 122014010.48192458
*************************************
epoch: 18
破产银行集合 [40 61 80]
破产银行数 3
净资产 397042681.48197806
正常的银行集合 [ 0  1  2  3  4  5  6  7  8  9 10 11 12 13 14 15 16 17 18 19 20 21 22 23
 24 25 26 27 28 29 30 31 32 33 34 35 36 37 38 39 41 42 43 44 45 46 47 48
 49 50 51 52 53 54 55 56 57 58 59 60 62 63 64 65 66 67 68 69 70 71 72 73
 74 75 76 77 78 79 81 82]
总流动性 122001716.23837967
*************************************
epoch: 19
破产银行集合 [40 61 80]
破产银行数 3
净资产 397030387.23838675
正常的银行集合 [ 0  1  2  3  4  5  6  7  8  9 10 11 12 13 14 15 16 17 18 19 20 21 22 23
 24 25 26 27 28 29 30 31 32 33 34 35 36 37 38 39 41 42 43 44 45 46 47 48
 49 50 51 52 53 54 55 56 57 58 59 60 62 63 64 65 66 67 68 69 70 71 72 73
 74 75 76 77 78 79 81 82]
总流动性 121983125.59262018
*************************************
epoch: 20
破产银行集合 [40 61 80]
破产银行数 3
净资产 397011796.592621
正常的银行集合 [ 0  1  2  3  4  5  6  7  8  9 10 11 12 13 14 15 16 17 18 19 20 21 22 23
 24 25 26 27 28 29 30 31 32 33 34 35 36 37 38 39 41 42 43 44 45 46 47 48
 49 50 51 52 53 54 55 56 57 58 59 60 62 63 64 65 66 67 68 69 70 71 72 73
 74 75 76 77 78 79 81 82]
总流动性 121977846.90500857
*************************************
epoch: 21
破产银行集合 [40 61 80]
破产银行数 3
净资产 397006517.9050087
正常的银行集合 [ 0  1  2  3  4  5  6  7  8  9 10 11 12 13 14 15 16 17 18 19 20 21 22 23
 24 25 26 27 28 29 30 31 32 33 34 35 36 37 38 39 41 42 43 44 45 46 47 48
 49 50 51 52 53 54 55 56 57 58 59 60 62 63 64 65 66 67 68 69 70 71 72 73
 74 75 76 77 78 79 81 82]
总流动性 121967630.2414495
*************************************
epoch: 22
破产银行集合 [40 61 80]
破产银行数 3
净资产 396996301.2414496
正常的银行集合 [ 0  1  2  3  4  5  6  7  8  9 10 11 12 13 14 15 16 17 18 19 20 21 22 23
 24 25 26 27 28 29 30 31 32 33 34 35 36 37 38 39 41 42 43 44 45 46 47 48
 49 50 51 52 53 54 55 56 57 58 59 60 62 63 64 65 66 67 68 69 70 71 72 73
 74 75 76 77 78 79 81 82]
总流动性 121955767.4282336
*************************************
epoch: 23
破产银行集合 [40 61 80]
破产银行数 3
净资产 396984438.42823356
正常的银行集合 [ 0  1  2  3  4  5  6  7  8  9 10 11 12 13 14 15 16 17 18 19 20 21 22 23
 24 25 26 27 28 29 30 31 32 33 34 35 36 37 38 39 41 42 43 44 45 46 47 48
 49 50 51 52 53 54 55 56 57 58 59 60 62 63 64 65 66 67 68 69 70 71 72 73
 74 75 76 77 78 79 81 82]
总流动性 121948369.8202188
*************************************
epoch: 24
破产银行集合 [40 61 80]
破产银行数 3
净资产 396977040.8202188
正常的银行集合 [ 0  1  2  3  4  5  6  7  8  9 10 11 12 13 14 15 16 17 18 19 20 21 22 23
 24 25 26 27 28 29 30 31 32 33 34 35 36 37 38 39 41 42 43 44 45 46 47 48
 49 50 51 52 53 54 55 56 57 58 59 60 62 63 64 65 66 67 68 69 70 71 72 73
 74 75 76 77 78 79 81 82]
总流动性 121938836.91728656
*************************************
epoch: 25
破产银行集合 [40 61 80]
破产银行数 3
净资产 396967507.9172866
正常的银行集合 [ 0  1  2  3  4  5  6  7  8  9 10 11 12 13 14 15 16 17 18 19 20 21 22 23
 24 25 26 27 28 29 30 31 32 33 34 35 36 37 38 39 41 42 43 44 45 46 47 48
 49 50 51 52 53 54 55 56 57 58 59 60 62 63 64 65 66 67 68 69 70 71 72 73
 74 75 76 77 78 79 81 82]
总流动性 121935516.03662413
*************************************
epoch: 26
破产银行集合 [40 61 80]
破产银行数 3
净资产 396964187.03662413
正常的银行集合 [ 0  1  2  3  4  5  6  7  8  9 10 11 12 13 14 15 16 17 18 19 20 21 22 23
 24 25 26 27 28 29 30 31 32 33 34 35 36 37 38 39 41 42 43 44 45 46 47 48
 49 50 51 52 53 54 55 56 57 58 59 60 62 63 64 65 66 67 68 69 70 71 72 73
 74 75 76 77 78 79 81 82]
总流动性 121931359.60927224
*************************************
epoch: 27
破产银行集合 [40 61 80]
破产银行数 3
净资产 396960030.6092723
正常的银行集合 [ 0  1  2  3  4  5  6  7  8  9 10 11 12 13 14 15 16 17 18 19 20 21 22 23
 24 25 26 27 28 29 30 31 32 33 34 35 36 37 38 39 41 42 43 44 45 46 47 48
 49 50 51 52 53 54 55 56 57 58 59 60 62 63 64 65 66 67 68 69 70 71 72 73
 74 75 76 77 78 79 81 82]
总流动性 121925433.0821381
*************************************
epoch: 28
破产银行集合 [40 61 80]
破产银行数 3
净资产 396954104.0821382
正常的银行集合 [ 0  1  2  3  4  5  6  7  8  9 10 11 12 13 14 15 16 17 18 19 20 21 22 23
 24 25 26 27 28 29 30 31 32 33 34 35 36 37 38 39 41 42 43 44 45 46 47 48
 49 50 51 52 53 54 55 56 57 58 59 60 62 63 64 65 66 67 68 69 70 71 72 73
 74 75 76 77 78 79 81 82]
总流动性 121918388.01075748
*************************************
epoch: 29
破产银行集合 [40 61 80]
破产银行数 3
净资产 396947059.0107575
正常的银行集合 [ 0  1  2  3  4  5  6  7  8  9 10 11 12 13 14 15 16 17 18 19 20 21 22 23
 24 25 26 27 28 29 30 31 32 33 34 35 36 37 38 39 41 42 43 44 45 46 47 48
 49 50 51 52 53 54 55 56 57 58 59 60 62 63 64 65 66 67 68 69 70 71 72 73
 74 75 76 77 78 79 81 82]
总流动性 121919074.68847077
*************************************
epoch: 30
破产银行集合 [40 61 80]
破产银行数 3
净资产 396947745.6884708
正常的银行集合 [ 0  1  2  3  4  5  6  7  8  9 10 11 12 13 14 15 16 17 18 19 20 21 22 23
 24 25 26 27 28 29 30 31 32 33 34 35 36 37 38 39 41 42 43 44 45 46 47 48
 49 50 51 52 53 54 55 56 57 58 59 60 62 63 64 65 66 67 68 69 70 71 72 73
 74 75 76 77 78 79 81 82]
总流动性 121914697.7625209
*************************************
epoch: 31
破产银行集合 [40 61 80]
破产银行数 3
净资产 396943368.76252085
正常的银行集合 [ 0  1  2  3  4  5  6  7  8  9 10 11 12 13 14 15 16 17 18 19 20 21 22 23
 24 25 26 27 28 29 30 31 32 33 34 35 36 37 38 39 41 42 43 44 45 46 47 48
 49 50 51 52 53 54 55 56 57 58 59 60 62 63 64 65 66 67 68 69 70 71 72 73
 74 75 76 77 78 79 81 82]
总流动性 121910034.847517
*************************************
epoch: 32
破产银行集合 [40 61 80]
破产银行数 3
净资产 396938705.847517
正常的银行集合 [ 0  1  2  3  4  5  6  7  8  9 10 11 12 13 14 15 16 17 18 19 20 21 22 23
 24 25 26 27 28 29 30 31 32 33 34 35 36 37 38 39 41 42 43 44 45 46 47 48
 49 50 51 52 53 54 55 56 57 58 59 60 62 63 64 65 66 67 68 69 70 71 72 73
 74 75 76 77 78 79 81 82]
总流动性 121905980.73578916
*************************************
epoch: 33
破产银行集合 [40 61 80]
破产银行数 3
净资产 396934651.7357892
正常的银行集合 [ 0  1  2  3  4  5  6  7  8  9 10 11 12 13 14 15 16 17 18 19 20 21 22 23
 24 25 26 27 28 29 30 31 32 33 34 35 36 37 38 39 41 42 43 44 45 46 47 48
 49 50 51 52 53 54 55 56 57 58 59 60 62 63 64 65 66 67 68 69 70 71 72 73
 74 75 76 77 78 79 81 82]
总流动性 121903390.39442334
*************************************
epoch: 34
破产银行集合 [40 61 80]
破产银行数 3
净资产 396932061.3944233
正常的银行集合 [ 0  1  2  3  4  5  6  7  8  9 10 11 12 13 14 15 16 17 18 19 20 21 22 23
 24 25 26 27 28 29 30 31 32 33 34 35 36 37 38 39 41 42 43 44 45 46 47 48
 49 50 51 52 53 54 55 56 57 58 59 60 62 63 64 65 66 67 68 69 70 71 72 73
 74 75 76 77 78 79 81 82]
总流动性 121898311.1679175
*************************************
epoch: 35
破产银行集合 [40 61 80]
破产银行数 3
净资产 396926982.1679175
正常的银行集合 [ 0  1  2  3  4  5  6  7  8  9 10 11 12 13 14 15 16 17 18 19 20 21 22 23
 24 25 26 27 28 29 30 31 32 33 34 35 36 37 38 39 41 42 43 44 45 46 47 48
 49 50 51 52 53 54 55 56 57 58 59 60 62 63 64 65 66 67 68 69 70 71 72 73
 74 75 76 77 78 79 81 82]
总流动性 121894184.34300013
*************************************
epoch: 36
破产银行集合 [40 61 80]
破产银行数 3
净资产 396922855.3430002
正常的银行集合 [ 0  1  2  3  4  5  6  7  8  9 10 11 12 13 14 15 16 17 18 19 20 21 22 23
 24 25 26 27 28 29 30 31 32 33 34 35 36 37 38 39 41 42 43 44 45 46 47 48
 49 50 51 52 53 54 55 56 57 58 59 60 62 63 64 65 66 67 68 69 70 71 72 73
 74 75 76 77 78 79 81 82]
总流动性 121893274.9949723
*************************************
epoch: 37
破产银行集合 [40 61 80]
破产银行数 3
净资产 396921945.9949723
正常的银行集合 [ 0  1  2  3  4  5  6  7  8  9 10 11 12 13 14 15 16 17 18 19 20 21 22 23
 24 25 26 27 28 29 30 31 32 33 34 35 36 37 38 39 41 42 43 44 45 46 47 48
 49 50 51 52 53 54 55 56 57 58 59 60 62 63 64 65 66 67 68 69 70 71 72 73
 74 75 76 77 78 79 81 82]
总流动性 121893431.97656453
*************************************
epoch: 38
破产银行集合 [40 61 80]
破产银行数 3
净资产 396922102.9765646
正常的银行集合 [ 0  1  2  3  4  5  6  7  8  9 10 11 12 13 14 15 16 17 18 19 20 21 22 23
 24 25 26 27 28 29 30 31 32 33 34 35 36 37 38 39 41 42 43 44 45 46 47 48
 49 50 51 52 53 54 55 56 57 58 59 60 62 63 64 65 66 67 68 69 70 71 72 73
 74 75 76 77 78 79 81 82]
总流动性 121890843.80527477
*************************************
epoch: 39
破产银行集合 [40 61 80]
破产银行数 3
净资产 396919514.8052748
正常的银行集合 [ 0  1  2  3  4  5  6  7  8  9 10 11 12 13 14 15 16 17 18 19 20 21 22 23
 24 25 26 27 28 29 30 31 32 33 34 35 36 37 38 39 41 42 43 44 45 46 47 48
 49 50 51 52 53 54 55 56 57 58 59 60 62 63 64 65 66 67 68 69 70 71 72 73
 74 75 76 77 78 79 81 82]
总流动性 121890192.23460406
*************************************
epoch: 40
破产银行集合 [40 61 80]
破产银行数 3
净资产 396918863.23460406
正常的银行集合 [ 0  1  2  3  4  5  6  7  8  9 10 11 12 13 14 15 16 17 18 19 20 21 22 23
 24 25 26 27 28 29 30 31 32 33 34 35 36 37 38 39 41 42 43 44 45 46 47 48
 49 50 51 52 53 54 55 56 57 58 59 60 62 63 64 65 66 67 68 69 70 71 72 73
 74 75 76 77 78 79 81 82]
总流动性 121885647.17740121
*************************************
epoch: 41
破产银行集合 [40 61 80]
破产银行数 3
净资产 396914318.1774012
正常的银行集合 [ 0  1  2  3  4  5  6  7  8  9 10 11 12 13 14 15 16 17 18 19 20 21 22 23
 24 25 26 27 28 29 30 31 32 33 34 35 36 37 38 39 41 42 43 44 45 46 47 48
 49 50 51 52 53 54 55 56 57 58 59 60 62 63 64 65 66 67 68 69 70 71 72 73
 74 75 76 77 78 79 81 82]
总流动性 121883568.76808307
*************************************
epoch: 42
破产银行集合 [40 61 80]
破产银行数 3
净资产 396912239.7680831
正常的银行集合 [ 0  1  2  3  4  5  6  7  8  9 10 11 12 13 14 15 16 17 18 19 20 21 22 23
 24 25 26 27 28 29 30 31 32 33 34 35 36 37 38 39 41 42 43 44 45 46 47 48
 49 50 51 52 53 54 55 56 57 58 59 60 62 63 64 65 66 67 68 69 70 71 72 73
 74 75 76 77 78 79 81 82]
总流动性 121881780.69501756
*************************************
epoch: 43
破产银行集合 [40 61 80]
破产银行数 3
净资产 396910451.6950176
正常的银行集合 [ 0  1  2  3  4  5  6  7  8  9 10 11 12 13 14 15 16 17 18 19 20 21 22 23
 24 25 26 27 28 29 30 31 32 33 34 35 36 37 38 39 41 42 43 44 45 46 47 48
 49 50 51 52 53 54 55 56 57 58 59 60 62 63 64 65 66 67 68 69 70 71 72 73
 74 75 76 77 78 79 81 82]
总流动性 121880686.11376327
*************************************
epoch: 44
破产银行集合 [40 61 80]
破产银行数 3
净资产 396909357.1137633
正常的银行集合 [ 0  1  2  3  4  5  6  7  8  9 10 11 12 13 14 15 16 17 18 19 20 21 22 23
 24 25 26 27 28 29 30 31 32 33 34 35 36 37 38 39 41 42 43 44 45 46 47 48
 49 50 51 52 53 54 55 56 57 58 59 60 62 63 64 65 66 67 68 69 70 71 72 73
 74 75 76 77 78 79 81 82]
总流动性 121880106.39035611
*************************************
epoch: 45
破产银行集合 [40 61 80]
破产银行数 3
净资产 396908777.3903562
正常的银行集合 [ 0  1  2  3  4  5  6  7  8  9 10 11 12 13 14 15 16 17 18 19 20 21 22 23
 24 25 26 27 28 29 30 31 32 33 34 35 36 37 38 39 41 42 43 44 45 46 47 48
 49 50 51 52 53 54 55 56 57 58 59 60 62 63 64 65 66 67 68 69 70 71 72 73
 74 75 76 77 78 79 81 82]
总流动性 121877393.41912293
*************************************
epoch: 46
破产银行集合 [40 61 80]
破产银行数 3
净资产 396906064.419123
正常的银行集合 [ 0  1  2  3  4  5  6  7  8  9 10 11 12 13 14 15 16 17 18 19 20 21 22 23
 24 25 26 27 28 29 30 31 32 33 34 35 36 37 38 39 41 42 43 44 45 46 47 48
 49 50 51 52 53 54 55 56 57 58 59 60 62 63 64 65 66 67 68 69 70 71 72 73
 74 75 76 77 78 79 81 82]
总流动性 121876479.78490342
*************************************
epoch: 47
破产银行集合 [40 61 80]
破产银行数 3
净资产 396905150.78490335
正常的银行集合 [ 0  1  2  3  4  5  6  7  8  9 10 11 12 13 14 15 16 17 18 19 20 21 22 23
 24 25 26 27 28 29 30 31 32 33 34 35 36 37 38 39 41 42 43 44 45 46 47 48
 49 50 51 52 53 54 55 56 57 58 59 60 62 63 64 65 66 67 68 69 70 71 72 73
 74 75 76 77 78 79 81 82]
总流动性 121876107.19734912
*************************************
epoch: 48
破产银行集合 [40 61 80]
破产银行数 3
净资产 396904778.1973492
正常的银行集合 [ 0  1  2  3  4  5  6  7  8  9 10 11 12 13 14 15 16 17 18 19 20 21 22 23
 24 25 26 27 28 29 30 31 32 33 34 35 36 37 38 39 41 42 43 44 45 46 47 48
 49 50 51 52 53 54 55 56 57 58 59 60 62 63 64 65 66 67 68 69 70 71 72 73
 74 75 76 77 78 79 81 82]
总流动性 121874671.13434957
*************************************
epoch: 49
破产银行集合 [40 61 80]
破产银行数 3
净资产 396903342.1343496
正常的银行集合 [ 0  1  2  3  4  5  6  7  8  9 10 11 12 13 14 15 16 17 18 19 20 21 22 23
 24 25 26 27 28 29 30 31 32 33 34 35 36 37 38 39 41 42 43 44 45 46 47 48
 49 50 51 52 53 54 55 56 57 58 59 60 62 63 64 65 66 67 68 69 70 71 72 73
 74 75 76 77 78 79 81 82]
总流动性 121874173.77615021
*************************************
epoch: 50
破产银行集合 [40 61 80]
破产银行数 3
净资产 396902844.7761502
正常的银行集合 [ 0  1  2  3  4  5  6  7  8  9 10 11 12 13 14 15 16 17 18 19 20 21 22 23
 24 25 26 27 28 29 30 31 32 33 34 35 36 37 38 39 41 42 43 44 45 46 47 48
 49 50 51 52 53 54 55 56 57 58 59 60 62 63 64 65 66 67 68 69 70 71 72 73
 74 75 76 77 78 79 81 82]
总流动性 121873380.28207059
*************************************
epoch: 51
破产银行集合 [40 61 80]
破产银行数 3
净资产 396902051.2820706
正常的银行集合 [ 0  1  2  3  4  5  6  7  8  9 10 11 12 13 14 15 16 17 18 19 20 21 22 23
 24 25 26 27 28 29 30 31 32 33 34 35 36 37 38 39 41 42 43 44 45 46 47 48
 49 50 51 52 53 54 55 56 57 58 59 60 62 63 64 65 66 67 68 69 70 71 72 73
 74 75 76 77 78 79 81 82]
总流动性 121872197.4131455
*************************************
epoch: 52
破产银行集合 [40 61 80]
破产银行数 3
净资产 396900868.41314554
正常的银行集合 [ 0  1  2  3  4  5  6  7  8  9 10 11 12 13 14 15 16 17 18 19 20 21 22 23
 24 25 26 27 28 29 30 31 32 33 34 35 36 37 38 39 41 42 43 44 45 46 47 48
 49 50 51 52 53 54 55 56 57 58 59 60 62 63 64 65 66 67 68 69 70 71 72 73
 74 75 76 77 78 79 81 82]
总流动性 121871070.67100018
*************************************
epoch: 53
破产银行集合 [40 61 80]
破产银行数 3
净资产 396899741.6710001
正常的银行集合 [ 0  1  2  3  4  5  6  7  8  9 10 11 12 13 14 15 16 17 18 19 20 21 22 23
 24 25 26 27 28 29 30 31 32 33 34 35 36 37 38 39 41 42 43 44 45 46 47 48
 49 50 51 52 53 54 55 56 57 58 59 60 62 63 64 65 66 67 68 69 70 71 72 73
 74 75 76 77 78 79 81 82]
总流动性 121870062.30343895
*************************************
epoch: 54
破产银行集合 [40 61 80]
破产银行数 3
净资产 396898733.30343884
正常的银行集合 [ 0  1  2  3  4  5  6  7  8  9 10 11 12 13 14 15 16 17 18 19 20 21 22 23
 24 25 26 27 28 29 30 31 32 33 34 35 36 37 38 39 41 42 43 44 45 46 47 48
 49 50 51 52 53 54 55 56 57 58 59 60 62 63 64 65 66 67 68 69 70 71 72 73
 74 75 76 77 78 79 81 82]
总流动性 121869217.24359837
*************************************
epoch: 55
破产银行集合 [40 61 80]
破产银行数 3
净资产 396897888.24359834
正常的银行集合 [ 0  1  2  3  4  5  6  7  8  9 10 11 12 13 14 15 16 17 18 19 20 21 22 23
 24 25 26 27 28 29 30 31 32 33 34 35 36 37 38 39 41 42 43 44 45 46 47 48
 49 50 51 52 53 54 55 56 57 58 59 60 62 63 64 65 66 67 68 69 70 71 72 73
 74 75 76 77 78 79 81 82]
总流动性 121868619.26650847
*************************************
epoch: 56
破产银行集合 [40 61 80]
破产银行数 3
净资产 396897290.26650846
正常的银行集合 [ 0  1  2  3  4  5  6  7  8  9 10 11 12 13 14 15 16 17 18 19 20 21 22 23
 24 25 26 27 28 29 30 31 32 33 34 35 36 37 38 39 41 42 43 44 45 46 47 48
 49 50 51 52 53 54 55 56 57 58 59 60 62 63 64 65 66 67 68 69 70 71 72 73
 74 75 76 77 78 79 81 82]
总流动性 121868519.28538948
*************************************
epoch: 57
破产银行集合 [40 61 80]
破产银行数 3
净资产 396897190.2853895
正常的银行集合 [ 0  1  2  3  4  5  6  7  8  9 10 11 12 13 14 15 16 17 18 19 20 21 22 23
 24 25 26 27 28 29 30 31 32 33 34 35 36 37 38 39 41 42 43 44 45 46 47 48
 49 50 51 52 53 54 55 56 57 58 59 60 62 63 64 65 66 67 68 69 70 71 72 73
 74 75 76 77 78 79 81 82]
总流动性 121867983.38209164
*************************************
epoch: 58
破产银行集合 [40 61 80]
破产银行数 3
净资产 396896654.38209164
正常的银行集合 [ 0  1  2  3  4  5  6  7  8  9 10 11 12 13 14 15 16 17 18 19 20 21 22 23
 24 25 26 27 28 29 30 31 32 33 34 35 36 37 38 39 41 42 43 44 45 46 47 48
 49 50 51 52 53 54 55 56 57 58 59 60 62 63 64 65 66 67 68 69 70 71 72 73
 74 75 76 77 78 79 81 82]
总流动性 121867853.00667809
*************************************
epoch: 59
破产银行集合 [40 61 80]
破产银行数 3
净资产 396896524.00667804
正常的银行集合 [ 0  1  2  3  4  5  6  7  8  9 10 11 12 13 14 15 16 17 18 19 20 21 22 23
 24 25 26 27 28 29 30 31 32 33 34 35 36 37 38 39 41 42 43 44 45 46 47 48
 49 50 51 52 53 54 55 56 57 58 59 60 62 63 64 65 66 67 68 69 70 71 72 73
 74 75 76 77 78 79 81 82]
总流动性 121867537.41703153
*************************************
epoch: 60
破产银行集合 [40 61 80]
破产银行数 3
净资产 396896208.4170315
正常的银行集合 [ 0  1  2  3  4  5  6  7  8  9 10 11 12 13 14 15 16 17 18 19 20 21 22 23
 24 25 26 27 28 29 30 31 32 33 34 35 36 37 38 39 41 42 43 44 45 46 47 48
 49 50 51 52 53 54 55 56 57 58 59 60 62 63 64 65 66 67 68 69 70 71 72 73
 74 75 76 77 78 79 81 82]
总流动性 121867161.49510407
*************************************
epoch: 61
破产银行集合 [40 61 80]
破产银行数 3
净资产 396895832.4951041
正常的银行集合 [ 0  1  2  3  4  5  6  7  8  9 10 11 12 13 14 15 16 17 18 19 20 21 22 23
 24 25 26 27 28 29 30 31 32 33 34 35 36 37 38 39 41 42 43 44 45 46 47 48
 49 50 51 52 53 54 55 56 57 58 59 60 62 63 64 65 66 67 68 69 70 71 72 73
 74 75 76 77 78 79 81 82]
总流动性 121867109.60503027
*************************************
epoch: 62
破产银行集合 [40 61 80]
破产银行数 3
净资产 396895780.6050302
正常的银行集合 [ 0  1  2  3  4  5  6  7  8  9 10 11 12 13 14 15 16 17 18 19 20 21 22 23
 24 25 26 27 28 29 30 31 32 33 34 35 36 37 38 39 41 42 43 44 45 46 47 48
 49 50 51 52 53 54 55 56 57 58 59 60 62 63 64 65 66 67 68 69 70 71 72 73
 74 75 76 77 78 79 81 82]
总流动性 121866550.76288831
*************************************
epoch: 63
破产银行集合 [40 61 80]
破产银行数 3
净资产 396895221.7628884
正常的银行集合 [ 0  1  2  3  4  5  6  7  8  9 10 11 12 13 14 15 16 17 18 19 20 21 22 23
 24 25 26 27 28 29 30 31 32 33 34 35 36 37 38 39 41 42 43 44 45 46 47 48
 49 50 51 52 53 54 55 56 57 58 59 60 62 63 64 65 66 67 68 69 70 71 72 73
 74 75 76 77 78 79 81 82]
总流动性 121866183.15465333
*************************************
epoch: 64
破产银行集合 [40 61 80]
破产银行数 3
净资产 396894854.1546533
正常的银行集合 [ 0  1  2  3  4  5  6  7  8  9 10 11 12 13 14 15 16 17 18 19 20 21 22 23
 24 25 26 27 28 29 30 31 32 33 34 35 36 37 38 39 41 42 43 44 45 46 47 48
 49 50 51 52 53 54 55 56 57 58 59 60 62 63 64 65 66 67 68 69 70 71 72 73
 74 75 76 77 78 79 81 82]
总流动性 121865866.20188192
*************************************
epoch: 65
破产银行集合 [40 61 80]
破产银行数 3
净资产 396894537.2018819
正常的银行集合 [ 0  1  2  3  4  5  6  7  8  9 10 11 12 13 14 15 16 17 18 19 20 21 22 23
 24 25 26 27 28 29 30 31 32 33 34 35 36 37 38 39 41 42 43 44 45 46 47 48
 49 50 51 52 53 54 55 56 57 58 59 60 62 63 64 65 66 67 68 69 70 71 72 73
 74 75 76 77 78 79 81 82]
总流动性 121865202.02052301
*************************************
epoch: 66
破产银行集合 [40 61 80]
破产银行数 3
净资产 396893873.020523
正常的银行集合 [ 0  1  2  3  4  5  6  7  8  9 10 11 12 13 14 15 16 17 18 19 20 21 22 23
 24 25 26 27 28 29 30 31 32 33 34 35 36 37 38 39 41 42 43 44 45 46 47 48
 49 50 51 52 53 54 55 56 57 58 59 60 62 63 64 65 66 67 68 69 70 71 72 73
 74 75 76 77 78 79 81 82]
总流动性 121865031.6798703
*************************************
epoch: 67
破产银行集合 [40 61 80]
破产银行数 3
净资产 396893702.6798703
正常的银行集合 [ 0  1  2  3  4  5  6  7  8  9 10 11 12 13 14 15 16 17 18 19 20 21 22 23
 24 25 26 27 28 29 30 31 32 33 34 35 36 37 38 39 41 42 43 44 45 46 47 48
 49 50 51 52 53 54 55 56 57 58 59 60 62 63 64 65 66 67 68 69 70 71 72 73
 74 75 76 77 78 79 81 82]
总流动性 121864941.84702136
*************************************
epoch: 68
破产银行集合 [40 61 80]
破产银行数 3
净资产 396893612.8470213
正常的银行集合 [ 0  1  2  3  4  5  6  7  8  9 10 11 12 13 14 15 16 17 18 19 20 21 22 23
 24 25 26 27 28 29 30 31 32 33 34 35 36 37 38 39 41 42 43 44 45 46 47 48
 49 50 51 52 53 54 55 56 57 58 59 60 62 63 64 65 66 67 68 69 70 71 72 73
 74 75 76 77 78 79 81 82]
总流动性 121864603.33542167
*************************************
epoch: 69
破产银行集合 [40 61 80]
破产银行数 3
净资产 396893274.3354216
正常的银行集合 [ 0  1  2  3  4  5  6  7  8  9 10 11 12 13 14 15 16 17 18 19 20 21 22 23
 24 25 26 27 28 29 30 31 32 33 34 35 36 37 38 39 41 42 43 44 45 46 47 48
 49 50 51 52 53 54 55 56 57 58 59 60 62 63 64 65 66 67 68 69 70 71 72 73
 74 75 76 77 78 79 81 82]
总流动性 121864346.24545957
*************************************
epoch: 70
破产银行集合 [40 61 80]
破产银行数 3
净资产 396893017.24545956
正常的银行集合 [ 0  1  2  3  4  5  6  7  8  9 10 11 12 13 14 15 16 17 18 19 20 21 22 23
 24 25 26 27 28 29 30 31 32 33 34 35 36 37 38 39 41 42 43 44 45 46 47 48
 49 50 51 52 53 54 55 56 57 58 59 60 62 63 64 65 66 67 68 69 70 71 72 73
 74 75 76 77 78 79 81 82]
总流动性 121863906.99254899
*************************************
epoch: 71
破产银行集合 [40 61 80]
破产银行数 3
净资产 396892577.99254894
正常的银行集合 [ 0  1  2  3  4  5  6  7  8  9 10 11 12 13 14 15 16 17 18 19 20 21 22 23
 24 25 26 27 28 29 30 31 32 33 34 35 36 37 38 39 41 42 43 44 45 46 47 48
 49 50 51 52 53 54 55 56 57 58 59 60 62 63 64 65 66 67 68 69 70 71 72 73
 74 75 76 77 78 79 81 82]
总流动性 121863875.54643767
*************************************
epoch: 72
破产银行集合 [40 61 80]
破产银行数 3
净资产 396892546.5464377
正常的银行集合 [ 0  1  2  3  4  5  6  7  8  9 10 11 12 13 14 15 16 17 18 19 20 21 22 23
 24 25 26 27 28 29 30 31 32 33 34 35 36 37 38 39 41 42 43 44 45 46 47 48
 49 50 51 52 53 54 55 56 57 58 59 60 62 63 64 65 66 67 68 69 70 71 72 73
 74 75 76 77 78 79 81 82]
总流动性 121863820.60268019
*************************************
epoch: 73
破产银行集合 [40 61 80]
破产银行数 3
净资产 396892491.60268015
正常的银行集合 [ 0  1  2  3  4  5  6  7  8  9 10 11 12 13 14 15 16 17 18 19 20 21 22 23
 24 25 26 27 28 29 30 31 32 33 34 35 36 37 38 39 41 42 43 44 45 46 47 48
 49 50 51 52 53 54 55 56 57 58 59 60 62 63 64 65 66 67 68 69 70 71 72 73
 74 75 76 77 78 79 81 82]
总流动性 121863509.95105536
*************************************
epoch: 74
破产银行集合 [40 61 80]
破产银行数 3
净资产 396892180.95105535
正常的银行集合 [ 0  1  2  3  4  5  6  7  8  9 10 11 12 13 14 15 16 17 18 19 20 21 22 23
 24 25 26 27 28 29 30 31 32 33 34 35 36 37 38 39 41 42 43 44 45 46 47 48
 49 50 51 52 53 54 55 56 57 58 59 60 62 63 64 65 66 67 68 69 70 71 72 73
 74 75 76 77 78 79 81 82]
总流动性 121863518.23651445
*************************************
epoch: 75
破产银行集合 [40 61 80]
破产银行数 3
净资产 396892189.2365145
正常的银行集合 [ 0  1  2  3  4  5  6  7  8  9 10 11 12 13 14 15 16 17 18 19 20 21 22 23
 24 25 26 27 28 29 30 31 32 33 34 35 36 37 38 39 41 42 43 44 45 46 47 48
 49 50 51 52 53 54 55 56 57 58 59 60 62 63 64 65 66 67 68 69 70 71 72 73
 74 75 76 77 78 79 81 82]
总流动性 121863266.173621
*************************************
epoch: 76
破产银行集合 [40 61 80]
破产银行数 3
净资产 396891937.173621
正常的银行集合 [ 0  1  2  3  4  5  6  7  8  9 10 11 12 13 14 15 16 17 18 19 20 21 22 23
 24 25 26 27 28 29 30 31 32 33 34 35 36 37 38 39 41 42 43 44 45 46 47 48
 49 50 51 52 53 54 55 56 57 58 59 60 62 63 64 65 66 67 68 69 70 71 72 73
 74 75 76 77 78 79 81 82]
总流动性 121863000.34975094
*************************************
epoch: 77
破产银行集合 [40 61 80]
破产银行数 3
净资产 396891671.34975094
正常的银行集合 [ 0  1  2  3  4  5  6  7  8  9 10 11 12 13 14 15 16 17 18 19 20 21 22 23
 24 25 26 27 28 29 30 31 32 33 34 35 36 37 38 39 41 42 43 44 45 46 47 48
 49 50 51 52 53 54 55 56 57 58 59 60 62 63 64 65 66 67 68 69 70 71 72 73
 74 75 76 77 78 79 81 82]
总流动性 121862882.73563708
*************************************
epoch: 78
破产银行集合 [40 61 80]
破产银行数 3
净资产 396891553.7356372
正常的银行集合 [ 0  1  2  3  4  5  6  7  8  9 10 11 12 13 14 15 16 17 18 19 20 21 22 23
 24 25 26 27 28 29 30 31 32 33 34 35 36 37 38 39 41 42 43 44 45 46 47 48
 49 50 51 52 53 54 55 56 57 58 59 60 62 63 64 65 66 67 68 69 70 71 72 73
 74 75 76 77 78 79 81 82]
总流动性 121862802.93623267
*************************************
epoch: 79
破产银行集合 [40 61 80]
破产银行数 3
净资产 396891473.9362327
正常的银行集合 [ 0  1  2  3  4  5  6  7  8  9 10 11 12 13 14 15 16 17 18 19 20 21 22 23
 24 25 26 27 28 29 30 31 32 33 34 35 36 37 38 39 41 42 43 44 45 46 47 48
 49 50 51 52 53 54 55 56 57 58 59 60 62 63 64 65 66 67 68 69 70 71 72 73
 74 75 76 77 78 79 81 82]
总流动性 121862584.81765406
*************************************
epoch: 80
破产银行集合 [40 61 80]
破产银行数 3
净资产 396891255.817654
正常的银行集合 [ 0  1  2  3  4  5  6  7  8  9 10 11 12 13 14 15 16 17 18 19 20 21 22 23
 24 25 26 27 28 29 30 31 32 33 34 35 36 37 38 39 41 42 43 44 45 46 47 48
 49 50 51 52 53 54 55 56 57 58 59 60 62 63 64 65 66 67 68 69 70 71 72 73
 74 75 76 77 78 79 81 82]
总流动性 121862510.13062917
*************************************
epoch: 81
破产银行集合 [40 61 80]
破产银行数 3
净资产 396891181.1306292
正常的银行集合 [ 0  1  2  3  4  5  6  7  8  9 10 11 12 13 14 15 16 17 18 19 20 21 22 23
 24 25 26 27 28 29 30 31 32 33 34 35 36 37 38 39 41 42 43 44 45 46 47 48
 49 50 51 52 53 54 55 56 57 58 59 60 62 63 64 65 66 67 68 69 70 71 72 73
 74 75 76 77 78 79 81 82]
总流动性 121862551.89053668
*************************************
epoch: 82
破产银行集合 [40 61 80]
破产银行数 3
净资产 396891222.89053667
正常的银行集合 [ 0  1  2  3  4  5  6  7  8  9 10 11 12 13 14 15 16 17 18 19 20 21 22 23
 24 25 26 27 28 29 30 31 32 33 34 35 36 37 38 39 41 42 43 44 45 46 47 48
 49 50 51 52 53 54 55 56 57 58 59 60 62 63 64 65 66 67 68 69 70 71 72 73
 74 75 76 77 78 79 81 82]
总流动性 121862430.81441456
*************************************
epoch: 83
破产银行集合 [40 61 80]
破产银行数 3
净资产 396891101.8144146
正常的银行集合 [ 0  1  2  3  4  5  6  7  8  9 10 11 12 13 14 15 16 17 18 19 20 21 22 23
 24 25 26 27 28 29 30 31 32 33 34 35 36 37 38 39 41 42 43 44 45 46 47 48
 49 50 51 52 53 54 55 56 57 58 59 60 62 63 64 65 66 67 68 69 70 71 72 73
 74 75 76 77 78 79 81 82]
总流动性 121862255.47671431
*************************************
epoch: 84
破产银行集合 [40 61 80]
破产银行数 3
净资产 396890926.4767143
正常的银行集合 [ 0  1  2  3  4  5  6  7  8  9 10 11 12 13 14 15 16 17 18 19 20 21 22 23
 24 25 26 27 28 29 30 31 32 33 34 35 36 37 38 39 41 42 43 44 45 46 47 48
 49 50 51 52 53 54 55 56 57 58 59 60 62 63 64 65 66 67 68 69 70 71 72 73
 74 75 76 77 78 79 81 82]
总流动性 121862151.96797477
*************************************
epoch: 85
破产银行集合 [40 61 80]
破产银行数 3
净资产 396890822.9679748
正常的银行集合 [ 0  1  2  3  4  5  6  7  8  9 10 11 12 13 14 15 16 17 18 19 20 21 22 23
 24 25 26 27 28 29 30 31 32 33 34 35 36 37 38 39 41 42 43 44 45 46 47 48
 49 50 51 52 53 54 55 56 57 58 59 60 62 63 64 65 66 67 68 69 70 71 72 73
 74 75 76 77 78 79 81 82]
总流动性 121862018.17074491
*************************************
epoch: 86
破产银行集合 [40 61 80]
破产银行数 3
净资产 396890689.1707449
正常的银行集合 [ 0  1  2  3  4  5  6  7  8  9 10 11 12 13 14 15 16 17 18 19 20 21 22 23
 24 25 26 27 28 29 30 31 32 33 34 35 36 37 38 39 41 42 43 44 45 46 47 48
 49 50 51 52 53 54 55 56 57 58 59 60 62 63 64 65 66 67 68 69 70 71 72 73
 74 75 76 77 78 79 81 82]
总流动性 121861938.56285666
*************************************
epoch: 87
破产银行集合 [40 61 80]
破产银行数 3
净资产 396890609.5628567
正常的银行集合 [ 0  1  2  3  4  5  6  7  8  9 10 11 12 13 14 15 16 17 18 19 20 21 22 23
 24 25 26 27 28 29 30 31 32 33 34 35 36 37 38 39 41 42 43 44 45 46 47 48
 49 50 51 52 53 54 55 56 57 58 59 60 62 63 64 65 66 67 68 69 70 71 72 73
 74 75 76 77 78 79 81 82]
总流动性 121861866.18636104
*************************************
epoch: 88
破产银行集合 [40 61 80]
破产银行数 3
净资产 396890537.1863611
正常的银行集合 [ 0  1  2  3  4  5  6  7  8  9 10 11 12 13 14 15 16 17 18 19 20 21 22 23
 24 25 26 27 28 29 30 31 32 33 34 35 36 37 38 39 41 42 43 44 45 46 47 48
 49 50 51 52 53 54 55 56 57 58 59 60 62 63 64 65 66 67 68 69 70 71 72 73
 74 75 76 77 78 79 81 82]
总流动性 121861803.62051135
*************************************
epoch: 89
破产银行集合 [40 61 80]
破产银行数 3
净资产 396890474.62051135
正常的银行集合 [ 0  1  2  3  4  5  6  7  8  9 10 11 12 13 14 15 16 17 18 19 20 21 22 23
 24 25 26 27 28 29 30 31 32 33 34 35 36 37 38 39 41 42 43 44 45 46 47 48
 49 50 51 52 53 54 55 56 57 58 59 60 62 63 64 65 66 67 68 69 70 71 72 73
 74 75 76 77 78 79 81 82]
总流动性 121861712.50517672
*************************************
epoch: 90
破产银行集合 [40 61 80]
破产银行数 3
净资产 396890383.5051767
正常的银行集合 [ 0  1  2  3  4  5  6  7  8  9 10 11 12 13 14 15 16 17 18 19 20 21 22 23
 24 25 26 27 28 29 30 31 32 33 34 35 36 37 38 39 41 42 43 44 45 46 47 48
 49 50 51 52 53 54 55 56 57 58 59 60 62 63 64 65 66 67 68 69 70 71 72 73
 74 75 76 77 78 79 81 82]
总流动性 121861672.15717797
*************************************
epoch: 91
破产银行集合 [40 61 80]
破产银行数 3
净资产 396890343.1571779
正常的银行集合 [ 0  1  2  3  4  5  6  7  8  9 10 11 12 13 14 15 16 17 18 19 20 21 22 23
 24 25 26 27 28 29 30 31 32 33 34 35 36 37 38 39 41 42 43 44 45 46 47 48
 49 50 51 52 53 54 55 56 57 58 59 60 62 63 64 65 66 67 68 69 70 71 72 73
 74 75 76 77 78 79 81 82]
总流动性 121861624.7892373
*************************************
epoch: 92
破产银行集合 [40 61 80]
破产银行数 3
净资产 396890295.7892373
正常的银行集合 [ 0  1  2  3  4  5  6  7  8  9 10 11 12 13 14 15 16 17 18 19 20 21 22 23
 24 25 26 27 28 29 30 31 32 33 34 35 36 37 38 39 41 42 43 44 45 46 47 48
 49 50 51 52 53 54 55 56 57 58 59 60 62 63 64 65 66 67 68 69 70 71 72 73
 74 75 76 77 78 79 81 82]
总流动性 121861574.19339812
*************************************
epoch: 93
破产银行集合 [40 61 80]
破产银行数 3
净资产 396890245.1933982
正常的银行集合 [ 0  1  2  3  4  5  6  7  8  9 10 11 12 13 14 15 16 17 18 19 20 21 22 23
 24 25 26 27 28 29 30 31 32 33 34 35 36 37 38 39 41 42 43 44 45 46 47 48
 49 50 51 52 53 54 55 56 57 58 59 60 62 63 64 65 66 67 68 69 70 71 72 73
 74 75 76 77 78 79 81 82]
总流动性 121861550.30301493
*************************************
epoch: 94
破产银行集合 [40 61 80]
破产银行数 3
净资产 396890221.30301493
正常的银行集合 [ 0  1  2  3  4  5  6  7  8  9 10 11 12 13 14 15 16 17 18 19 20 21 22 23
 24 25 26 27 28 29 30 31 32 33 34 35 36 37 38 39 41 42 43 44 45 46 47 48
 49 50 51 52 53 54 55 56 57 58 59 60 62 63 64 65 66 67 68 69 70 71 72 73
 74 75 76 77 78 79 81 82]
总流动性 121861498.42918849
*************************************
epoch: 95
破产银行集合 [40 61 80]
破产银行数 3
净资产 396890169.4291885
正常的银行集合 [ 0  1  2  3  4  5  6  7  8  9 10 11 12 13 14 15 16 17 18 19 20 21 22 23
 24 25 26 27 28 29 30 31 32 33 34 35 36 37 38 39 41 42 43 44 45 46 47 48
 49 50 51 52 53 54 55 56 57 58 59 60 62 63 64 65 66 67 68 69 70 71 72 73
 74 75 76 77 78 79 81 82]
总流动性 121861470.87756439
*************************************
epoch: 96
破产银行集合 [40 61 80]
破产银行数 3
净资产 396890141.87756443
正常的银行集合 [ 0  1  2  3  4  5  6  7  8  9 10 11 12 13 14 15 16 17 18 19 20 21 22 23
 24 25 26 27 28 29 30 31 32 33 34 35 36 37 38 39 41 42 43 44 45 46 47 48
 49 50 51 52 53 54 55 56 57 58 59 60 62 63 64 65 66 67 68 69 70 71 72 73
 74 75 76 77 78 79 81 82]
总流动性 121861427.33334778
*************************************
epoch: 97
破产银行集合 [40 61 80]
破产银行数 3
净资产 396890098.3333478
正常的银行集合 [ 0  1  2  3  4  5  6  7  8  9 10 11 12 13 14 15 16 17 18 19 20 21 22 23
 24 25 26 27 28 29 30 31 32 33 34 35 36 37 38 39 41 42 43 44 45 46 47 48
 49 50 51 52 53 54 55 56 57 58 59 60 62 63 64 65 66 67 68 69 70 71 72 73
 74 75 76 77 78 79 81 82]
总流动性 121861401.64515167
*************************************
epoch: 98
破产银行集合 [40 61 80]
破产银行数 3
净资产 396890072.64515173
正常的银行集合 [ 0  1  2  3  4  5  6  7  8  9 10 11 12 13 14 15 16 17 18 19 20 21 22 23
 24 25 26 27 28 29 30 31 32 33 34 35 36 37 38 39 41 42 43 44 45 46 47 48
 49 50 51 52 53 54 55 56 57 58 59 60 62 63 64 65 66 67 68 69 70 71 72 73
 74 75 76 77 78 79 81 82]
总流动性 121861374.09753765
*************************************
epoch: 99
破产银行集合 [40 61 80]
破产银行数 3
净资产 396890045.09753764
正常的银行集合 [ 0  1  2  3  4  5  6  7  8  9 10 11 12 13 14 15 16 17 18 19 20 21 22 23
 24 25 26 27 28 29 30 31 32 33 34 35 36 37 38 39 41 42 43 44 45 46 47 48
 49 50 51 52 53 54 55 56 57 58 59 60 62 63 64 65 66 67 68 69 70 71 72 73
 74 75 76 77 78 79 81 82]
总流动性 121861356.65049103
*************************************
epoch: 100
破产银行集合 [40 61 80]
破产银行数 3
净资产 396890027.65049106
正常的银行集合 [ 0  1  2  3  4  5  6  7  8  9 10 11 12 13 14 15 16 17 18 19 20 21 22 23
 24 25 26 27 28 29 30 31 32 33 34 35 36 37 38 39 41 42 43 44 45 46 47 48
 49 50 51 52 53 54 55 56 57 58 59 60 62 63 64 65 66 67 68 69 70 71 72 73
 74 75 76 77 78 79 81 82]
总流动性 121861330.17328238
*************************************
epoch: 101
破产银行集合 [40 61 80]
破产银行数 3
净资产 396890001.1732824
正常的银行集合 [ 0  1  2  3  4  5  6  7  8  9 10 11 12 13 14 15 16 17 18 19 20 21 22 23
 24 25 26 27 28 29 30 31 32 33 34 35 36 37 38 39 41 42 43 44 45 46 47 48
 49 50 51 52 53 54 55 56 57 58 59 60 62 63 64 65 66 67 68 69 70 71 72 73
 74 75 76 77 78 79 81 82]
总流动性 121861283.52818081
*************************************
epoch: 102
破产银行集合 [40 61 80]
破产银行数 3
净资产 396889954.52818084
正常的银行集合 [ 0  1  2  3  4  5  6  7  8  9 10 11 12 13 14 15 16 17 18 19 20 21 22 23
 24 25 26 27 28 29 30 31 32 33 34 35 36 37 38 39 41 42 43 44 45 46 47 48
 49 50 51 52 53 54 55 56 57 58 59 60 62 63 64 65 66 67 68 69 70 71 72 73
 74 75 76 77 78 79 81 82]
总流动性 121861262.50617203
*************************************
epoch: 103
破产银行集合 [40 61 80]
破产银行数 3
净资产 396889933.506172
正常的银行集合 [ 0  1  2  3  4  5  6  7  8  9 10 11 12 13 14 15 16 17 18 19 20 21 22 23
 24 25 26 27 28 29 30 31 32 33 34 35 36 37 38 39 41 42 43 44 45 46 47 48
 49 50 51 52 53 54 55 56 57 58 59 60 62 63 64 65 66 67 68 69 70 71 72 73
 74 75 76 77 78 79 81 82]
总流动性 121861233.95512414
*************************************
epoch: 104
破产银行集合 [40 61 80]
破产银行数 3
净资产 396889904.9551242
正常的银行集合 [ 0  1  2  3  4  5  6  7  8  9 10 11 12 13 14 15 16 17 18 19 20 21 22 23
 24 25 26 27 28 29 30 31 32 33 34 35 36 37 38 39 41 42 43 44 45 46 47 48
 49 50 51 52 53 54 55 56 57 58 59 60 62 63 64 65 66 67 68 69 70 71 72 73
 74 75 76 77 78 79 81 82]
总流动性 121861200.38728617
*************************************
epoch: 105
破产银行集合 [40 61 80]
破产银行数 3
净资产 396889871.3872861
正常的银行集合 [ 0  1  2  3  4  5  6  7  8  9 10 11 12 13 14 15 16 17 18 19 20 21 22 23
 24 25 26 27 28 29 30 31 32 33 34 35 36 37 38 39 41 42 43 44 45 46 47 48
 49 50 51 52 53 54 55 56 57 58 59 60 62 63 64 65 66 67 68 69 70 71 72 73
 74 75 76 77 78 79 81 82]
总流动性 121861164.99746422
*************************************
epoch: 106
破产银行集合 [40 61 80]
破产银行数 3
净资产 396889835.99746424
正常的银行集合 [ 0  1  2  3  4  5  6  7  8  9 10 11 12 13 14 15 16 17 18 19 20 21 22 23
 24 25 26 27 28 29 30 31 32 33 34 35 36 37 38 39 41 42 43 44 45 46 47 48
 49 50 51 52 53 54 55 56 57 58 59 60 62 63 64 65 66 67 68 69 70 71 72 73
 74 75 76 77 78 79 81 82]
总流动性 121861147.95669651
*************************************
epoch: 107
破产银行集合 [40 61 80]
破产银行数 3
净资产 396889818.9566965
正常的银行集合 [ 0  1  2  3  4  5  6  7  8  9 10 11 12 13 14 15 16 17 18 19 20 21 22 23
 24 25 26 27 28 29 30 31 32 33 34 35 36 37 38 39 41 42 43 44 45 46 47 48
 49 50 51 52 53 54 55 56 57 58 59 60 62 63 64 65 66 67 68 69 70 71 72 73
 74 75 76 77 78 79 81 82]
总流动性 121861137.56801519
*************************************
epoch: 108
破产银行集合 [40 61 80]
破产银行数 3
净资产 396889808.5680152
正常的银行集合 [ 0  1  2  3  4  5  6  7  8  9 10 11 12 13 14 15 16 17 18 19 20 21 22 23
 24 25 26 27 28 29 30 31 32 33 34 35 36 37 38 39 41 42 43 44 45 46 47 48
 49 50 51 52 53 54 55 56 57 58 59 60 62 63 64 65 66 67 68 69 70 71 72 73
 74 75 76 77 78 79 81 82]
总流动性 121861117.97019903
*************************************
epoch: 109
破产银行集合 [40 61 80]
破产银行数 3
净资产 396889788.970199
正常的银行集合 [ 0  1  2  3  4  5  6  7  8  9 10 11 12 13 14 15 16 17 18 19 20 21 22 23
 24 25 26 27 28 29 30 31 32 33 34 35 36 37 38 39 41 42 43 44 45 46 47 48
 49 50 51 52 53 54 55 56 57 58 59 60 62 63 64 65 66 67 68 69 70 71 72 73
 74 75 76 77 78 79 81 82]
总流动性 121861117.05789256
*************************************
epoch: 110
破产银行集合 [40 61 80]
破产银行数 3
净资产 396889788.0578925
正常的银行集合 [ 0  1  2  3  4  5  6  7  8  9 10 11 12 13 14 15 16 17 18 19 20 21 22 23
 24 25 26 27 28 29 30 31 32 33 34 35 36 37 38 39 41 42 43 44 45 46 47 48
 49 50 51 52 53 54 55 56 57 58 59 60 62 63 64 65 66 67 68 69 70 71 72 73
 74 75 76 77 78 79 81 82]
总流动性 121861101.4029149
*************************************
epoch: 111
破产银行集合 [40 61 80]
破产银行数 3
净资产 396889772.4029148
正常的银行集合 [ 0  1  2  3  4  5  6  7  8  9 10 11 12 13 14 15 16 17 18 19 20 21 22 23
 24 25 26 27 28 29 30 31 32 33 34 35 36 37 38 39 41 42 43 44 45 46 47 48
 49 50 51 52 53 54 55 56 57 58 59 60 62 63 64 65 66 67 68 69 70 71 72 73
 74 75 76 77 78 79 81 82]
总流动性 121861083.92184725
*************************************
epoch: 112
破产银行集合 [40 61 80]
破产银行数 3
净资产 396889754.9218472
正常的银行集合 [ 0  1  2  3  4  5  6  7  8  9 10 11 12 13 14 15 16 17 18 19 20 21 22 23
 24 25 26 27 28 29 30 31 32 33 34 35 36 37 38 39 41 42 43 44 45 46 47 48
 49 50 51 52 53 54 55 56 57 58 59 60 62 63 64 65 66 67 68 69 70 71 72 73
 74 75 76 77 78 79 81 82]
总流动性 121861076.41433631
*************************************
epoch: 113
破产银行集合 [40 61 80]
破产银行数 3
净资产 396889747.4143363
正常的银行集合 [ 0  1  2  3  4  5  6  7  8  9 10 11 12 13 14 15 16 17 18 19 20 21 22 23
 24 25 26 27 28 29 30 31 32 33 34 35 36 37 38 39 41 42 43 44 45 46 47 48
 49 50 51 52 53 54 55 56 57 58 59 60 62 63 64 65 66 67 68 69 70 71 72 73
 74 75 76 77 78 79 81 82]
总流动性 121861072.99077693
*************************************
epoch: 114
破产银行集合 [40 61 80]
破产银行数 3
净资产 396889743.990777
正常的银行集合 [ 0  1  2  3  4  5  6  7  8  9 10 11 12 13 14 15 16 17 18 19 20 21 22 23
 24 25 26 27 28 29 30 31 32 33 34 35 36 37 38 39 41 42 43 44 45 46 47 48
 49 50 51 52 53 54 55 56 57 58 59 60 62 63 64 65 66 67 68 69 70 71 72 73
 74 75 76 77 78 79 81 82]
总流动性 121861069.18876205
*************************************
epoch: 115
破产银行集合 [40 61 80]
破产银行数 3
净资产 396889740.18876207
正常的银行集合 [ 0  1  2  3  4  5  6  7  8  9 10 11 12 13 14 15 16 17 18 19 20 21 22 23
 24 25 26 27 28 29 30 31 32 33 34 35 36 37 38 39 41 42 43 44 45 46 47 48
 49 50 51 52 53 54 55 56 57 58 59 60 62 63 64 65 66 67 68 69 70 71 72 73
 74 75 76 77 78 79 81 82]
总流动性 121861065.2589219
*************************************
epoch: 116
破产银行集合 [40 61 80]
破产银行数 3
净资产 396889736.25892186
正常的银行集合 [ 0  1  2  3  4  5  6  7  8  9 10 11 12 13 14 15 16 17 18 19 20 21 22 23
 24 25 26 27 28 29 30 31 32 33 34 35 36 37 38 39 41 42 43 44 45 46 47 48
 49 50 51 52 53 54 55 56 57 58 59 60 62 63 64 65 66 67 68 69 70 71 72 73
 74 75 76 77 78 79 81 82]
总流动性 121861057.83123578
*************************************
epoch: 117
破产银行集合 [40 61 80]
破产银行数 3
净资产 396889728.83123577
正常的银行集合 [ 0  1  2  3  4  5  6  7  8  9 10 11 12 13 14 15 16 17 18 19 20 21 22 23
 24 25 26 27 28 29 30 31 32 33 34 35 36 37 38 39 41 42 43 44 45 46 47 48
 49 50 51 52 53 54 55 56 57 58 59 60 62 63 64 65 66 67 68 69 70 71 72 73
 74 75 76 77 78 79 81 82]
总流动性 121861053.15014389
*************************************
epoch: 118
破产银行集合 [40 61 80]
破产银行数 3
净资产 396889724.1501439
正常的银行集合 [ 0  1  2  3  4  5  6  7  8  9 10 11 12 13 14 15 16 17 18 19 20 21 22 23
 24 25 26 27 28 29 30 31 32 33 34 35 36 37 38 39 41 42 43 44 45 46 47 48
 49 50 51 52 53 54 55 56 57 58 59 60 62 63 64 65 66 67 68 69 70 71 72 73
 74 75 76 77 78 79 81 82]
总流动性 121861046.29879732
*************************************
epoch: 119
破产银行集合 [40 61 80]
破产银行数 3
净资产 396889717.29879737
正常的银行集合 [ 0  1  2  3  4  5  6  7  8  9 10 11 12 13 14 15 16 17 18 19 20 21 22 23
 24 25 26 27 28 29 30 31 32 33 34 35 36 37 38 39 41 42 43 44 45 46 47 48
 49 50 51 52 53 54 55 56 57 58 59 60 62 63 64 65 66 67 68 69 70 71 72 73
 74 75 76 77 78 79 81 82]
总流动性 121861039.64823335
*************************************
epoch: 120
破产银行集合 [40 61 80]
破产银行数 3
净资产 396889710.64823335
正常的银行集合 [ 0  1  2  3  4  5  6  7  8  9 10 11 12 13 14 15 16 17 18 19 20 21 22 23
 24 25 26 27 28 29 30 31 32 33 34 35 36 37 38 39 41 42 43 44 45 46 47 48
 49 50 51 52 53 54 55 56 57 58 59 60 62 63 64 65 66 67 68 69 70 71 72 73
 74 75 76 77 78 79 81 82]
总流动性 121861031.89368355
*************************************
epoch: 121
破产银行集合 [40 61 80]
破产银行数 3
净资产 396889702.89368355
正常的银行集合 [ 0  1  2  3  4  5  6  7  8  9 10 11 12 13 14 15 16 17 18 19 20 21 22 23
 24 25 26 27 28 29 30 31 32 33 34 35 36 37 38 39 41 42 43 44 45 46 47 48
 49 50 51 52 53 54 55 56 57 58 59 60 62 63 64 65 66 67 68 69 70 71 72 73
 74 75 76 77 78 79 81 82]
总流动性 121861033.211191
*************************************
epoch: 122
破产银行集合 [40 61 80]
破产银行数 3
净资产 396889704.211191
正常的银行集合 [ 0  1  2  3  4  5  6  7  8  9 10 11 12 13 14 15 16 17 18 19 20 21 22 23
 24 25 26 27 28 29 30 31 32 33 34 35 36 37 38 39 41 42 43 44 45 46 47 48
 49 50 51 52 53 54 55 56 57 58 59 60 62 63 64 65 66 67 68 69 70 71 72 73
 74 75 76 77 78 79 81 82]
总流动性 121861027.03662415
*************************************
epoch: 123
破产银行集合 [40 61 80]
破产银行数 3
净资产 396889698.03662413
正常的银行集合 [ 0  1  2  3  4  5  6  7  8  9 10 11 12 13 14 15 16 17 18 19 20 21 22 23
 24 25 26 27 28 29 30 31 32 33 34 35 36 37 38 39 41 42 43 44 45 46 47 48
 49 50 51 52 53 54 55 56 57 58 59 60 62 63 64 65 66 67 68 69 70 71 72 73
 74 75 76 77 78 79 81 82]
总流动性 121861024.63175422
*************************************
epoch: 124
破产银行集合 [40 61 80]
破产银行数 3
净资产 396889695.63175416
正常的银行集合 [ 0  1  2  3  4  5  6  7  8  9 10 11 12 13 14 15 16 17 18 19 20 21 22 23
 24 25 26 27 28 29 30 31 32 33 34 35 36 37 38 39 41 42 43 44 45 46 47 48
 49 50 51 52 53 54 55 56 57 58 59 60 62 63 64 65 66 67 68 69 70 71 72 73
 74 75 76 77 78 79 81 82]
总流动性 121861022.80335
*************************************
epoch: 125
破产银行集合 [40 61 80]
破产银行数 3
净资产 396889693.80335003
正常的银行集合 [ 0  1  2  3  4  5  6  7  8  9 10 11 12 13 14 15 16 17 18 19 20 21 22 23
 24 25 26 27 28 29 30 31 32 33 34 35 36 37 38 39 41 42 43 44 45 46 47 48
 49 50 51 52 53 54 55 56 57 58 59 60 62 63 64 65 66 67 68 69 70 71 72 73
 74 75 76 77 78 79 81 82]
总流动性 121861014.79271674
*************************************
epoch: 126
破产银行集合 [40 61 80]
破产银行数 3
净资产 396889685.79271674
正常的银行集合 [ 0  1  2  3  4  5  6  7  8  9 10 11 12 13 14 15 16 17 18 19 20 21 22 23
 24 25 26 27 28 29 30 31 32 33 34 35 36 37 38 39 41 42 43 44 45 46 47 48
 49 50 51 52 53 54 55 56 57 58 59 60 62 63 64 65 66 67 68 69 70 71 72 73
 74 75 76 77 78 79 81 82]
总流动性 121861012.3378475
*************************************
epoch: 127
破产银行集合 [40 61 80]
破产银行数 3
净资产 396889683.3378475
正常的银行集合 [ 0  1  2  3  4  5  6  7  8  9 10 11 12 13 14 15 16 17 18 19 20 21 22 23
 24 25 26 27 28 29 30 31 32 33 34 35 36 37 38 39 41 42 43 44 45 46 47 48
 49 50 51 52 53 54 55 56 57 58 59 60 62 63 64 65 66 67 68 69 70 71 72 73
 74 75 76 77 78 79 81 82]
总流动性 121861007.68819605
*************************************
epoch: 128
破产银行集合 [40 61 80]
破产银行数 3
净资产 396889678.688196
正常的银行集合 [ 0  1  2  3  4  5  6  7  8  9 10 11 12 13 14 15 16 17 18 19 20 21 22 23
 24 25 26 27 28 29 30 31 32 33 34 35 36 37 38 39 41 42 43 44 45 46 47 48
 49 50 51 52 53 54 55 56 57 58 59 60 62 63 64 65 66 67 68 69 70 71 72 73
 74 75 76 77 78 79 81 82]
总流动性 121861004.24658021
*************************************
epoch: 129
破产银行集合 [40 61 80]
破产银行数 3
净资产 396889675.24658024
正常的银行集合 [ 0  1  2  3  4  5  6  7  8  9 10 11 12 13 14 15 16 17 18 19 20 21 22 23
 24 25 26 27 28 29 30 31 32 33 34 35 36 37 38 39 41 42 43 44 45 46 47 48
 49 50 51 52 53 54 55 56 57 58 59 60 62 63 64 65 66 67 68 69 70 71 72 73
 74 75 76 77 78 79 81 82]
总流动性 121861000.95926328
*************************************
epoch: 130
破产银行集合 [40 61 80]
破产银行数 3
净资产 396889671.9592633
正常的银行集合 [ 0  1  2  3  4  5  6  7  8  9 10 11 12 13 14 15 16 17 18 19 20 21 22 23
 24 25 26 27 28 29 30 31 32 33 34 35 36 37 38 39 41 42 43 44 45 46 47 48
 49 50 51 52 53 54 55 56 57 58 59 60 62 63 64 65 66 67 68 69 70 71 72 73
 74 75 76 77 78 79 81 82]
总流动性 121860999.81761976
*************************************
epoch: 131
破产银行集合 [40 61 80]
破产银行数 3
净资产 396889670.81761974
正常的银行集合 [ 0  1  2  3  4  5  6  7  8  9 10 11 12 13 14 15 16 17 18 19 20 21 22 23
 24 25 26 27 28 29 30 31 32 33 34 35 36 37 38 39 41 42 43 44 45 46 47 48
 49 50 51 52 53 54 55 56 57 58 59 60 62 63 64 65 66 67 68 69 70 71 72 73
 74 75 76 77 78 79 81 82]
总流动性 121860995.70738415
*************************************
epoch: 132
破产银行集合 [40 61 80]
破产银行数 3
净资产 396889666.7073841
正常的银行集合 [ 0  1  2  3  4  5  6  7  8  9 10 11 12 13 14 15 16 17 18 19 20 21 22 23
 24 25 26 27 28 29 30 31 32 33 34 35 36 37 38 39 41 42 43 44 45 46 47 48
 49 50 51 52 53 54 55 56 57 58 59 60 62 63 64 65 66 67 68 69 70 71 72 73
 74 75 76 77 78 79 81 82]
总流动性 121860993.12939255
*************************************
epoch: 133
破产银行集合 [40 61 80]
破产银行数 3
净资产 396889664.12939256
正常的银行集合 [ 0  1  2  3  4  5  6  7  8  9 10 11 12 13 14 15 16 17 18 19 20 21 22 23
 24 25 26 27 28 29 30 31 32 33 34 35 36 37 38 39 41 42 43 44 45 46 47 48
 49 50 51 52 53 54 55 56 57 58 59 60 62 63 64 65 66 67 68 69 70 71 72 73
 74 75 76 77 78 79 81 82]
总流动性 121860994.0256145
*************************************
epoch: 134
破产银行集合 [40 61 80]
破产银行数 3
净资产 396889665.0256145
正常的银行集合 [ 0  1  2  3  4  5  6  7  8  9 10 11 12 13 14 15 16 17 18 19 20 21 22 23
 24 25 26 27 28 29 30 31 32 33 34 35 36 37 38 39 41 42 43 44 45 46 47 48
 49 50 51 52 53 54 55 56 57 58 59 60 62 63 64 65 66 67 68 69 70 71 72 73
 74 75 76 77 78 79 81 82]
总流动性 121860993.03440225
*************************************
epoch: 135
破产银行集合 [40 61 80]
破产银行数 3
净资产 396889664.03440225
正常的银行集合 [ 0  1  2  3  4  5  6  7  8  9 10 11 12 13 14 15 16 17 18 19 20 21 22 23
 24 25 26 27 28 29 30 31 32 33 34 35 36 37 38 39 41 42 43 44 45 46 47 48
 49 50 51 52 53 54 55 56 57 58 59 60 62 63 64 65 66 67 68 69 70 71 72 73
 74 75 76 77 78 79 81 82]
总流动性 121860989.52058467
*************************************
epoch: 136
破产银行集合 [40 61 80]
破产银行数 3
净资产 396889660.5205847
正常的银行集合 [ 0  1  2  3  4  5  6  7  8  9 10 11 12 13 14 15 16 17 18 19 20 21 22 23
 24 25 26 27 28 29 30 31 32 33 34 35 36 37 38 39 41 42 43 44 45 46 47 48
 49 50 51 52 53 54 55 56 57 58 59 60 62 63 64 65 66 67 68 69 70 71 72 73
 74 75 76 77 78 79 81 82]
总流动性 121860988.88591221
*************************************
epoch: 137
破产银行集合 [40 61 80]
破产银行数 3
净资产 396889659.8859122
正常的银行集合 [ 0  1  2  3  4  5  6  7  8  9 10 11 12 13 14 15 16 17 18 19 20 21 22 23
 24 25 26 27 28 29 30 31 32 33 34 35 36 37 38 39 41 42 43 44 45 46 47 48
 49 50 51 52 53 54 55 56 57 58 59 60 62 63 64 65 66 67 68 69 70 71 72 73
 74 75 76 77 78 79 81 82]
总流动性 121860985.36963291
*************************************
epoch: 138
破产银行集合 [40 61 80]
破产银行数 3
净资产 396889656.3696329
正常的银行集合 [ 0  1  2  3  4  5  6  7  8  9 10 11 12 13 14 15 16 17 18 19 20 21 22 23
 24 25 26 27 28 29 30 31 32 33 34 35 36 37 38 39 41 42 43 44 45 46 47 48
 49 50 51 52 53 54 55 56 57 58 59 60 62 63 64 65 66 67 68 69 70 71 72 73
 74 75 76 77 78 79 81 82]
总流动性 121860982.09484623
*************************************
epoch: 139
破产银行集合 [40 61 80]
破产银行数 3
净资产 396889653.0948463
正常的银行集合 [ 0  1  2  3  4  5  6  7  8  9 10 11 12 13 14 15 16 17 18 19 20 21 22 23
 24 25 26 27 28 29 30 31 32 33 34 35 36 37 38 39 41 42 43 44 45 46 47 48
 49 50 51 52 53 54 55 56 57 58 59 60 62 63 64 65 66 67 68 69 70 71 72 73
 74 75 76 77 78 79 81 82]
总流动性 121860980.9312628
*************************************
epoch: 140
破产银行集合 [40 61 80]
破产银行数 3
净资产 396889651.93126285
正常的银行集合 [ 0  1  2  3  4  5  6  7  8  9 10 11 12 13 14 15 16 17 18 19 20 21 22 23
 24 25 26 27 28 29 30 31 32 33 34 35 36 37 38 39 41 42 43 44 45 46 47 48
 49 50 51 52 53 54 55 56 57 58 59 60 62 63 64 65 66 67 68 69 70 71 72 73
 74 75 76 77 78 79 81 82]
总流动性 121860978.66036895
*************************************
epoch: 141
破产银行集合 [40 61 80]
破产银行数 3
净资产 396889649.66036904
正常的银行集合 [ 0  1  2  3  4  5  6  7  8  9 10 11 12 13 14 15 16 17 18 19 20 21 22 23
 24 25 26 27 28 29 30 31 32 33 34 35 36 37 38 39 41 42 43 44 45 46 47 48
 49 50 51 52 53 54 55 56 57 58 59 60 62 63 64 65 66 67 68 69 70 71 72 73
 74 75 76 77 78 79 81 82]
总流动性 121860977.96080364
*************************************
epoch: 142
破产银行集合 [40 61 80]
破产银行数 3
净资产 396889648.9608036
正常的银行集合 [ 0  1  2  3  4  5  6  7  8  9 10 11 12 13 14 15 16 17 18 19 20 21 22 23
 24 25 26 27 28 29 30 31 32 33 34 35 36 37 38 39 41 42 43 44 45 46 47 48
 49 50 51 52 53 54 55 56 57 58 59 60 62 63 64 65 66 67 68 69 70 71 72 73
 74 75 76 77 78 79 81 82]
总流动性 121860976.78958249
*************************************
epoch: 143
破产银行集合 [40 61 80]
破产银行数 3
净资产 396889647.7895825
正常的银行集合 [ 0  1  2  3  4  5  6  7  8  9 10 11 12 13 14 15 16 17 18 19 20 21 22 23
 24 25 26 27 28 29 30 31 32 33 34 35 36 37 38 39 41 42 43 44 45 46 47 48
 49 50 51 52 53 54 55 56 57 58 59 60 62 63 64 65 66 67 68 69 70 71 72 73
 74 75 76 77 78 79 81 82]
总流动性 121860975.68115859
*************************************
epoch: 144
破产银行集合 [40 61 80]
破产银行数 3
净资产 396889646.6811586
正常的银行集合 [ 0  1  2  3  4  5  6  7  8  9 10 11 12 13 14 15 16 17 18 19 20 21 22 23
 24 25 26 27 28 29 30 31 32 33 34 35 36 37 38 39 41 42 43 44 45 46 47 48
 49 50 51 52 53 54 55 56 57 58 59 60 62 63 64 65 66 67 68 69 70 71 72 73
 74 75 76 77 78 79 81 82]
总流动性 121860974.29563618
*************************************
epoch: 145
破产银行集合 [40 61 80]
破产银行数 3
净资产 396889645.2956362
正常的银行集合 [ 0  1  2  3  4  5  6  7  8  9 10 11 12 13 14 15 16 17 18 19 20 21 22 23
 24 25 26 27 28 29 30 31 32 33 34 35 36 37 38 39 41 42 43 44 45 46 47 48
 49 50 51 52 53 54 55 56 57 58 59 60 62 63 64 65 66 67 68 69 70 71 72 73
 74 75 76 77 78 79 81 82]
总流动性 121860972.38678773
*************************************
epoch: 146
破产银行集合 [40 61 80]
破产银行数 3
净资产 396889643.3867877
正常的银行集合 [ 0  1  2  3  4  5  6  7  8  9 10 11 12 13 14 15 16 17 18 19 20 21 22 23
 24 25 26 27 28 29 30 31 32 33 34 35 36 37 38 39 41 42 43 44 45 46 47 48
 49 50 51 52 53 54 55 56 57 58 59 60 62 63 64 65 66 67 68 69 70 71 72 73
 74 75 76 77 78 79 81 82]
总流动性 121860971.36409152
*************************************
epoch: 147
破产银行集合 [40 61 80]
破产银行数 3
净资产 396889642.36409146
正常的银行集合 [ 0  1  2  3  4  5  6  7  8  9 10 11 12 13 14 15 16 17 18 19 20 21 22 23
 24 25 26 27 28 29 30 31 32 33 34 35 36 37 38 39 41 42 43 44 45 46 47 48
 49 50 51 52 53 54 55 56 57 58 59 60 62 63 64 65 66 67 68 69 70 71 72 73
 74 75 76 77 78 79 81 82]
总流动性 121860970.36048767
*************************************
epoch: 148
破产银行集合 [40 61 80]
破产银行数 3
净资产 396889641.36048776
正常的银行集合 [ 0  1  2  3  4  5  6  7  8  9 10 11 12 13 14 15 16 17 18 19 20 21 22 23
 24 25 26 27 28 29 30 31 32 33 34 35 36 37 38 39 41 42 43 44 45 46 47 48
 49 50 51 52 53 54 55 56 57 58 59 60 62 63 64 65 66 67 68 69 70 71 72 73
 74 75 76 77 78 79 81 82]
总流动性 121860968.58166872
*************************************
epoch: 149
破产银行集合 [40 61 80]
破产银行数 3
净资产 396889639.58166873
正常的银行集合 [ 0  1  2  3  4  5  6  7  8  9 10 11 12 13 14 15 16 17 18 19 20 21 22 23
 24 25 26 27 28 29 30 31 32 33 34 35 36 37 38 39 41 42 43 44 45 46 47 48
 49 50 51 52 53 54 55 56 57 58 59 60 62 63 64 65 66 67 68 69 70 71 72 73
 74 75 76 77 78 79 81 82]
总流动性 121860968.37395482
*************************************
epoch: 150
破产银行集合 [40 61 80]
破产银行数 3
净资产 396889639.37395483
正常的银行集合 [ 0  1  2  3  4  5  6  7  8  9 10 11 12 13 14 15 16 17 18 19 20 21 22 23
 24 25 26 27 28 29 30 31 32 33 34 35 36 37 38 39 41 42 43 44 45 46 47 48
 49 50 51 52 53 54 55 56 57 58 59 60 62 63 64 65 66 67 68 69 70 71 72 73
 74 75 76 77 78 79 81 82]
总流动性 121860967.62025602
*************************************
epoch: 151
破产银行集合 [40 61 80]
破产银行数 3
净资产 396889638.620256
正常的银行集合 [ 0  1  2  3  4  5  6  7  8  9 10 11 12 13 14 15 16 17 18 19 20 21 22 23
 24 25 26 27 28 29 30 31 32 33 34 35 36 37 38 39 41 42 43 44 45 46 47 48
 49 50 51 52 53 54 55 56 57 58 59 60 62 63 64 65 66 67 68 69 70 71 72 73
 74 75 76 77 78 79 81 82]
总流动性 121860966.97120114
*************************************
epoch: 152
破产银行集合 [40 61 80]
破产银行数 3
净资产 396889637.9712011
正常的银行集合 [ 0  1  2  3  4  5  6  7  8  9 10 11 12 13 14 15 16 17 18 19 20 21 22 23
 24 25 26 27 28 29 30 31 32 33 34 35 36 37 38 39 41 42 43 44 45 46 47 48
 49 50 51 52 53 54 55 56 57 58 59 60 62 63 64 65 66 67 68 69 70 71 72 73
 74 75 76 77 78 79 81 82]
总流动性 121860966.39769141
*************************************
epoch: 153
破产银行集合 [40 61 80]
破产银行数 3
净资产 396889637.3976914
正常的银行集合 [ 0  1  2  3  4  5  6  7  8  9 10 11 12 13 14 15 16 17 18 19 20 21 22 23
 24 25 26 27 28 29 30 31 32 33 34 35 36 37 38 39 41 42 43 44 45 46 47 48
 49 50 51 52 53 54 55 56 57 58 59 60 62 63 64 65 66 67 68 69 70 71 72 73
 74 75 76 77 78 79 81 82]
总流动性 121860966.01353838
*************************************
epoch: 154
破产银行集合 [40 61 80]
破产银行数 3
净资产 396889637.0135385
正常的银行集合 [ 0  1  2  3  4  5  6  7  8  9 10 11 12 13 14 15 16 17 18 19 20 21 22 23
 24 25 26 27 28 29 30 31 32 33 34 35 36 37 38 39 41 42 43 44 45 46 47 48
 49 50 51 52 53 54 55 56 57 58 59 60 62 63 64 65 66 67 68 69 70 71 72 73
 74 75 76 77 78 79 81 82]
总流动性 121860965.5920714
*************************************
epoch: 155
破产银行集合 [40 61 80]
破产银行数 3
净资产 396889636.5920714
正常的银行集合 [ 0  1  2  3  4  5  6  7  8  9 10 11 12 13 14 15 16 17 18 19 20 21 22 23
 24 25 26 27 28 29 30 31 32 33 34 35 36 37 38 39 41 42 43 44 45 46 47 48
 49 50 51 52 53 54 55 56 57 58 59 60 62 63 64 65 66 67 68 69 70 71 72 73
 74 75 76 77 78 79 81 82]
总流动性 121860965.44594331
*************************************
epoch: 156
破产银行集合 [40 61 80]
破产银行数 3
净资产 396889636.4459433
正常的银行集合 [ 0  1  2  3  4  5  6  7  8  9 10 11 12 13 14 15 16 17 18 19 20 21 22 23
 24 25 26 27 28 29 30 31 32 33 34 35 36 37 38 39 41 42 43 44 45 46 47 48
 49 50 51 52 53 54 55 56 57 58 59 60 62 63 64 65 66 67 68 69 70 71 72 73
 74 75 76 77 78 79 81 82]
总流动性 121860965.03271392
*************************************
epoch: 157
P.sum() - prev_P.sum() 0.04842020571231842
破产银行集合 [40 61 80]
破产银行数 3
净资产 396889636.0327139
正常的银行集合 [ 0  1  2  3  4  5  6  7  8  9 10 11 12 13 14 15 16 17 18 19 20 21 22 23
 24 25 26 27 28 29 30 31 32 33 34 35 36 37 38 39 41 42 43 44 45 46 47 48
 49 50 51 52 53 54 55 56 57 58 59 60 62 63 64 65 66 67 68 69 70 71 72 73
 74 75 76 77 78 79 81 82]
总流动性 121860965.08113413
保存违约标签成功
违约标签路径 data/Switzerland_2020/删除孤立节点/阈值\违约标签_20240321_210948.csv
[[0. 1. 1. ... 1. 1. 1.]
 [1. 0. 1. ... 1. 1. 1.]
 [1. 1. 0. ... 1. 1. 1.]
 ...
 [0. 0. 0. ... 0. 0. 0.]
 [1. 1. 1. ... 0. 0. 0.]
 [0. 0. 0. ... 0. 0. 0.]]
********** [48. 57. 57. 56.  3. 11. 51. 44. 42. 50. 29. 27. 37. 27. 45. 31. 43. 44.
 31. 45. 15. 37. 29. 38. 27. 49. 28. 13. 27. 29. 32. 37. 13. 29. 13. 46.
 19. 21. 28. 43. 43. 25. 32. 11. 30.  5.  4. 30. 32. 32. 29. 32. 30. 14.
  4. 21. 29. 13. 29. 29.  4. 21. 29. 28. 28. 27. 21.  3.  4. 28. 10.  3.
 33. 28. 13.  2. 27.  8.  6.  4. 28.  3.]
原始特征结果已保存为CSV文件，路径是: data_feature\Switzerland\2020/原始特征.csv
原始特征结果已保存为CSV文件，路径是: data_feature\Switzerland\2020/max_min.csv
Yeo特征结果已保存为CSV文件，路径是: data_feature\Switzerland\2020/yeojohnson_features.csv
Yeo特征结果已保存为CSV文件，路径是: data_feature\Switzerland\2020/cdf_scaled_features.csv
cdf结果已保存为CSV文件路径是: data_feature\Switzerland\2020/kde_differences.csv
Processing...
    External_Assets  Lent_Funds  ...  Average_Indegree_of_In_Neighbors  y
0       127701862.0   1133961.0  ...                         32.833333  0
1        74979926.0   3137342.0  ...                         30.912281  0
2        48189765.0   2988597.0  ...                         30.912281  0
3        35396202.0   3374183.0  ...                         31.392857  0
4            9191.0      2982.0  ...                         54.000000  0
..              ...         ...  ...                               ... ..
77          53423.0     13067.0  ...                         45.500000  0
78         110197.0      8951.0  ...                         47.333333  0
79          66988.0      6628.0  ...                         53.250000  0
80          27856.0    105023.0  ...                         38.857143  1
81          82430.0      2103.0  ...                         54.000000  0

[82 rows x 14 columns]
    External_Assets  Lent_Funds  ...  PageRank  Average_Indegree_of_In_Neighbors
0       127701862.0   1133961.0  ...  0.022194                         32.833333
1        74979926.0   3137342.0  ...  0.043266                         30.912281
2        48189765.0   2988597.0  ...  0.043266                         30.912281
3        35396202.0   3374183.0  ...  0.040817                         31.392857
4            9191.0      2982.0  ...  0.004882                         54.000000
..              ...         ...  ...       ...                               ...
77          53423.0     13067.0  ...  0.005922                         45.500000
78         110197.0      8951.0  ...  0.005527                         47.333333
79          66988.0      6628.0  ...  0.005181                         53.250000
80          27856.0    105023.0  ...  0.010635                         38.857143
81          82430.0      2103.0  ...  0.004882                         54.000000

[82 rows x 13 columns]
x shape torch.Size([82, 13])
y shape torch.Size([82, 1])
***y torch.Size([82])
(82,)
[0 0 0 0 0 0 0 0 0 0 0 0 0 0 0 0 0 0 0 0 0 0 0 0 0 0 0 0 0 0 0 0 0 0 0 0 0
 0 0 0 1 0 0 0 0 0 0 0 0 0 0 0 0 0 0 0 0 0 0 0 0 1 0 0 0 0 0 0 0 0 0 0 0 0
 0 0 0 0 0 0 1 0]
Edge index shape: torch.Size([2, 2183])
Edge weight shape: torch.Size([2183, 1])
Edge index: tensor([[ 0,  0,  0,  ..., 80, 80, 80],
        [ 1,  2,  3,  ..., 35, 39, 40]])
Edge weight: tensor([[0.1289],
        [0.1282],
        [0.1058],
        ...,
        [0.0133],
        [0.0085],
        [0.0084]])
*******edgeweitg torch.Size([2183])
data[0]保存
    External_Assets  Lent_Funds  ...  Average_Indegree_of_In_Neighbors  y
0          1.000000    0.336070  ...                          0.576023  0
1          0.587148    0.929808  ...                          0.542321  0
2          0.377361    0.885725  ...                          0.542321  0
3          0.277178    1.000000  ...                          0.550752  0
4          0.000072    0.000884  ...                          0.947368  0
..              ...         ...  ...                               ... ..
77         0.000418    0.003873  ...                          0.798246  0
78         0.000863    0.002653  ...                          0.830409  0
79         0.000525    0.001964  ...                          0.934211  0
80         0.000218    0.031125  ...                          0.681704  1
81         0.000645    0.000623  ...                          0.947368  0

[82 rows x 14 columns]
    External_Assets  Lent_Funds  ...  PageRank  Average_Indegree_of_In_Neighbors
0          1.000000    0.336070  ...  0.022194                          0.576023
1          0.587148    0.929808  ...  0.043266                          0.542321
2          0.377361    0.885725  ...  0.043266                          0.542321
3          0.277178    1.000000  ...  0.040817                          0.550752
4          0.000072    0.000884  ...  0.004882                          0.947368
..              ...         ...  ...       ...                               ...
77         0.000418    0.003873  ...  0.005922                          0.798246
78         0.000863    0.002653  ...  0.005527                          0.830409
79         0.000525    0.001964  ...  0.005181                          0.934211
80         0.000218    0.031125  ...  0.010635                          0.681704
81         0.000645    0.000623  ...  0.004882                          0.947368

[82 rows x 13 columns]
x shape torch.Size([82, 13])
y shape torch.Size([82, 1])
***y torch.Size([82])
(82,)
[0 0 0 0 0 0 0 0 0 0 0 0 0 0 0 0 0 0 0 0 0 0 0 0 0 0 0 0 0 0 0 0 0 0 0 0 0
 0 0 0 1 0 0 0 0 0 0 0 0 0 0 0 0 0 0 0 0 0 0 0 0 1 0 0 0 0 0 0 0 0 0 0 0 0
 0 0 0 0 0 0 1 0]
Edge index shape: torch.Size([2, 2183])
Edge weight shape: torch.Size([2183, 1])
Edge index: tensor([[ 0,  0,  0,  ..., 80, 80, 80],
        [ 1,  2,  3,  ..., 35, 39, 40]])
Edge weight: tensor([[0.1289],
        [0.1282],
        [0.1058],
        ...,
        [0.0133],
        [0.0085],
        [0.0084]])
*******edgeweitg torch.Size([2183])
data[1]保存
    External_Assets  Lent_Funds  ...  Basic_Default  y
0          1.000000    0.926829  ...              0  0
1          0.987805    0.987805  ...              0  0
2          0.975610    0.975610  ...              0  0
3          0.963415    1.000000  ...              0  0
4          0.243902    0.048780  ...              0  0
..              ...         ...  ...            ... ..
77         0.317073    0.158537  ...              0  0
78         0.426829    0.146341  ...              0  0
79         0.353659    0.121951  ...              0  0
80         0.268293    0.463415  ...              1  1
81         0.378049    0.036585  ...              0  0

[82 rows x 14 columns]
    External_Assets  Lent_Funds  ...  PageRank  Average_Indegree_of_In_Neighbors
0          1.000000    0.926829  ...  0.926829                          0.085366
1          0.987805    0.987805  ...  1.000000                          0.024390
2          0.975610    0.975610  ...  1.000000                          0.024390
3          0.963415    1.000000  ...  0.975610                          0.036585
4          0.243902    0.048780  ...  0.060976                          0.987805
..              ...         ...  ...       ...                               ...
77         0.317073    0.158537  ...  0.158537                          0.853659
78         0.426829    0.146341  ...  0.146341                          0.865854
79         0.353659    0.121951  ...  0.121951                          0.939024
80         0.268293    0.463415  ...  0.512195                          0.573171
81         0.378049    0.036585  ...  0.060976                          0.987805

[82 rows x 13 columns]
x shape torch.Size([82, 13])
y shape torch.Size([82, 1])
***y torch.Size([82])
(82,)
[0 0 0 0 0 0 0 0 0 0 0 0 0 0 0 0 0 0 0 0 0 0 0 0 0 0 0 0 0 0 0 0 0 0 0 0 0
 0 0 0 1 0 0 0 0 0 0 0 0 0 0 0 0 0 0 0 0 0 0 0 0 1 0 0 0 0 0 0 0 0 0 0 0 0
 0 0 0 0 0 0 1 0]
Edge index shape: torch.Size([2, 2183])
Edge weight shape: torch.Size([2183, 1])
Edge index: tensor([[ 0,  0,  0,  ..., 80, 80, 80],
        [ 1,  2,  3,  ..., 35, 39, 40]])
Edge weight: tensor([[0.1289],
        [0.1282],
        [0.1058],
        ...,
        [0.0133],
        [0.0085],
        [0.0084]])
*******edgeweitg torch.Size([2183])
data[2]保存
*****
x.shape torch.Size([82, 13])
数据集将被保存在 ../GCN/foreign_dataset/Switzerland/2020\train0.08_val0.02_test0.9 路径下。
数据集已成功保存。
Done!

Process finished with exit code 0
