0 490426 487642 402614 555 2517 291059 89139 72491 218429 21833 11925 46222 14024 117212 26056 82004 90712 25698 124159 3667 38955 17377 52237 15068 207538 12054 3079 10066 18316 23287 41286 3014 19720 3299 133374 4412 4866 10034 85271 84206 6584 24008 2645 17825 1164 897 22119 27208 27104 17043 24977 17870 3424 985 5442 16142 3112 15763 16353 921 5174 15455 10237 14846 9010 4697 322 821 9933 2317 581 32134 13739 3038 0 7445 1949 1414 1139 12695 391
312691 0 1000216 825812 1139 5163 596999 182836 148689 448027 44782 24460 94809 28765 240417 53445 168202 186063 52710 254667 7521 79903 35643 107146 30907 425688 24725 6315 20647 37570 47765 84683 6182 40449 6767 273568 9050 9982 20583 174902 172717 13505 49244 5425 36562 2388 1840 45368 55808 55595 34958 51232 36654 7023 2021 11163 33110 6383 32333 33542 1890 10614 31701 20997 30452 18481 9636 662 1684 20374 4753 1191 65911 28181 6231 573 15271 3999 2902 2337 26041 803
353623 1137606 0 933913 1288 5838 675147 206770 168153 506674 50644 27662 107219 32531 271888 60441 190220 210419 59609 288004 8506 90362 40309 121172 34953 481412 27961 7142 23350 42488 54017 95768 6992 45744 7652 309379 10235 11289 23277 197797 195326 15272 55690 6135 41348 2701 2081 51307 63113 62872 39534 57938 41452 7943 2286 12625 37444 7219 36565 37932 2137 12003 35851 23746 34439 20900 10897 748 1904 23041 5376 1347 74539 31870 7047 648 17270 4522 3282 2642 29449 909
10196 32800 32614 0 0 0 19466 5961 4848 14608 1460 797 3091 937 7839 1742 5484 6067 1718 8304 0 2605 1162 3493 1007 13880 806 0 673 1225 1557 2761 0 1318 0 8920 0 325 671 5703 5631 440 1605 0 1192 0 0 1479 1819 1812 1139 1670 1195 0 0 364 1079 0 1054 1093 0 346 1033 684 992 602 314 0 0 664 0 0 2149 918 0 0 497 0 0 0 849 0
0 0 0 0 0 0 0 0 0 0 0 0 0 0 0 0 0 0 0 0 0 0 0 0 0 0 0 0 0 0 0 0 0 0 0 0 0 0 0 0 0 0 0 0 0 0 0 0 0 0 0 0 0 0 0 0 0 0 0 0 0 0 0 0 0 0 0 0 0 0 0 0 0 0 0 0 0 0 0 0 0 0
0 660 657 542 0 0 392 0 0 0 0 0 0 0 0 0 0 0 0 0 0 0 0 0 0 0 0 0 0 0 0 0 0 0 0 0 0 0 0 0 0 0 0 0 0 0 0 0 0 0 0 0 0 0 0 0 0 0 0 0 0 0 0 0 0 0 0 0 0 0 0 0 0 0 0 0 0 0 0 0 0 0
68323 219795 218547 180440 0 1128 0 39949 32488 97894 9784 5344 20715 6285 52531 11677 36752 40654 11517 55645 1643 17458 7788 23411 6753 93013 5402 1380 4511 8209 10436 18503 1350 8838 1478 59774 1977 2181 4497 38216 37738 2950 10759 1185 7988 521 402 9913 12194 12147 7638 11194 8009 1534 441 2439 7234 1394 7064 7328 412 2319 6926 4587 6653 4038 2105 0 368 4451 1038 0 14401 6157 1361 0 3336 873 634 510 5689 0
41145 132366 131614 108665 0 679 78556 0 19565 58954 5892 3218 12475 3785 31635 7032 22133 24483 6935 33510 989 10514 4690 14099 4067 56014 3253 831 2716 4943 6285 11143 813 5322 890 35997 1190 1313 2708 23014 22727 1777 6479 713 4811 314 0 5969 7343 7315 4600 6741 4823 924 0 1468 4356 840 4254 4413 0 1396 4171 2762 4007 2431 1267 0 0 2681 625 0 8673 3708 820 0 2009 526 381 0 3426 0
21682 69751 69355 57262 0 358 41396 12677 0 31066 3105 1696 6574 1994 16670 3705 11663 12901 3654 17658 521 5540 2471 7429 2143 29517 1714 437 1431 2605 3312 5871 428 2804 469 18969 627 692 1427 12127 11976 936 3414 376 2535 0 0 3145 3869 3855 2424 3552 2541 487 0 774 2295 442 2242 2325 0 736 2198 1455 2111 1281 668 0 0 1412 329 0 4570 1954 432 0 1058 0 0 0 1805 0
7116 22895 22765 18795 0 0 13587 4161 3384 0 1019 556 2157 654 5471 1216 3828 4234 1199 5796 0 1818 811 2438 703 9688 562 0 469 855 1087 1927 0 920 0 6226 0 0 468 3980 3931 0 1120 0 832 0 0 1032 1270 1265 795 1166 834 0 0 0 753 0 735 763 0 0 721 477 693 420 0 0 0 463 0 0 1500 641 0 0 347 0 0 0 592 0
3108 10000 9943 8209 0 0 5935 1817 1478 4454 0 0 942 0 2390 531 1672 1849 524 2531 0 794 354 1065 0 4232 0 0 0 373 474 841 0 402 0 2719 0 0 0 1738 1717 0 489 0 363 0 0 451 554 552 347 509 364 0 0 0 329 0 321 333 0 0 315 0 0 0 0 0 0 0 0 0 655 0 0 0 0 0 0 0 0 0
21407 68868 68477 56537 0 353 40871 12517 10179 30672 3065 0 6490 1969 16459 3658 11515 12738 3608 17435 514 5470 2440 7335 2116 29143 1692 432 1413 2572 3270 5797 423 2769 463 18729 619 683 1409 11974 11824 924 3371 371 2503 0 0 3106 3820 3806 2393 3507 2509 480 0 764 2266 437 2213 2296 0 726 2170 1437 2084 1265 659 0 0 1394 325 0 4512 1929 426 0 1045 0 0 0 1782 0
26439 85056 84573 69826 0 436 50479 15459 12572 37883 3786 2068 0 2432 20328 4519 14222 15732 4456 21533 636 6756 3013 9059 2613 35994 2090 534 1745 3176 4038 7160 522 3420 572 23131 765 844 1740 14788 14604 1141 4163 458 3091 0 0 3836 4718 4700 2955 4331 3099 593 0 943 2799 539 2733 2836 0 897 2680 1775 2574 1562 814 0 0 1722 401 0 5573 2382 526 0 1291 338 0 0 2201 0
36477 117347 116681 96335 0 602 69643 21328 17345 52265 5224 2853 11060 0 28046 6234 19621 21705 6148 29708 877 9321 4158 12499 3605 49659 2884 736 2408 4382 5572 9878 721 4718 789 31913 1055 1164 2401 20403 20148 1575 5744 632 4265 0 0 5292 6510 6485 4078 5976 4275 819 0 1302 3862 744 3771 3912 0 1238 3698 2449 3552 2155 1124 0 0 2376 554 0 7688 3287 726 0 1781 466 338 0 3037 0
7493 24107 23970 19790 0 0 14307 4381 3563 10737 1073 586 2272 689 0 1280 4031 4459 1263 6103 0 1914 854 2567 740 10201 592 0 494 900 1144 2029 0 969 0 6556 0 0 493 4191 4139 323 1180 0 876 0 0 1087 1337 1332 837 1227 878 0 0 0 793 0 774 803 0 0 759 503 729 442 0 0 0 488 0 0 1579 675 0 0 365 0 0 0 624 0
19486 62687 62331 51462 0 321 37203 11393 9265 27920 2790 1524 5908 1792 14982 0 10481 11595 3284 15870 468 4979 2221 6677 1926 26527 1540 393 1286 2341 2976 5277 385 2520 421 17048 563 622 1282 10899 10763 841 3068 338 2278 0 0 2827 3477 3464 2178 3192 2284 437 0 695 2063 397 2014 2090 0 661 1975 1308 1897 1151 600 0 0 1269 0 0 4107 1756 388 0 951 0 0 0 1622 0
30865 99292 98729 81514 0 509 58928 18047 14676 44223 4420 2414 9358 2839 23731 5275 0 18365 5202 25137 742 7887 3518 10576 3050 42018 2440 623 2038 3708 4714 8358 610 3992 667 27003 893 985 2031 17264 17048 1333 4860 535 3608 0 0 4478 5508 5487 3450 5057 3618 693 0 1101 3268 630 3191 3310 0 1047 3129 2072 3005 1824 951 0 0 2011 469 0 6505 2781 615 0 1507 394 0 0 2570 0
13880 44655 44401 36659 0 0 26501 8116 6600 19888 1987 1085 4208 1276 10672 2372 7466 0 2339 11305 333 3547 1582 4756 1372 18897 1097 0 916 1667 2120 3759 0 1795 0 12144 401 443 913 7764 7667 599 2186 0 1623 0 0 2014 2477 2467 1551 2274 1627 311 0 495 1469 0 1435 1488 0 471 1407 932 1351 820 427 0 0 904 0 0 2925 1251 0 0 677 0 0 0 1156 0
10440 33588 33397 27574 0 0 19934 6104 4964 14959 1495 816 3165 960 8027 1784 5616 6212 0 8503 0 2667 1190 3577 1032 14213 825 0 689 1254 1594 2827 0 1350 0 9134 0 333 687 5840 5767 450 1644 0 1220 0 0 1514 1863 1856 1167 1710 1223 0 0 372 1105 0 1079 1119 0 354 1058 701 1016 617 321 0 0 680 0 0 2200 940 0 0 509 0 0 0 869 0
16934 54479 54169 44724 0 0 32332 9902 8052 24264 2425 1324 5134 1557 13020 2894 9109 10076 2854 0 407 4327 1930 5802 1673 23054 1339 342 1118 2034 2586 4586 334 2190 366 14816 490 540 1114 9472 9354 731 2666 0 1980 0 0 2457 3022 3010 1893 2774 1985 380 0 604 1793 345 1751 1816 0 574 1716 1137 1649 1000 521 0 0 1103 0 0 3569 1526 337 0 827 0 0 0 1410 0
6954 22373 22245 18367 0 0 13277 4066 3307 9964 996 544 2108 639 5347 1188 3741 4138 1172 5664 0 1777 792 2383 687 9467 549 0 459 835 1062 1883 0 899 0 6084 0 0 457 3890 3841 0 1095 0 813 0 0 1009 1241 1236 777 1139 815 0 0 0 736 0 719 746 0 0 705 467 677 411 0 0 0 453 0 0 1465 626 0 0 339 0 0 0 579 0
7330 23582 23448 19359 0 0 13995 4286 3485 10503 1049 573 2222 674 5636 1252 3943 4361 1235 5970 0 0 835 2511 724 9979 579 0 484 880 1119 1985 0 948 0 6413 0 0 482 4100 4049 316 1154 0 857 0 0 1063 1308 1303 819 1201 859 0 0 0 776 0 758 786 0 0 743 492 713 433 0 0 0 477 0 0 1545 660 0 0 358 0 0 0 610 0
5000 16087 15996 13206 0 0 9547 2924 2377 7165 716 391 1516 460 3844 854 2689 2975 842 4072 0 1277 0 1713 494 6807 395 0 330 600 763 1354 0 646 0 4375 0 0 329 2797 2762 0 787 0 584 0 0 725 892 889 559 819 586 0 0 0 529 0 517 536 0 0 506 335 487 0 0 0 0 325 0 0 1054 450 0 0 0 0 0 0 416 0
11315 36400 36194 29883 0 0 21603 6616 5380 16212 1620 885 3430 1040 8699 1933 6086 6732 1907 9215 0 2891 1289 0 1118 15404 894 0 747 1359 1728 3064 0 1463 0 9899 327 361 744 6329 6250 488 1781 0 1323 0 0 1641 2019 2011 1265 1853 1326 0 0 403 1198 0 1170 1213 0 384 1147 759 1101 668 348 0 0 737 0 0 2385 1019 0 0 552 0 0 0 942 0
11312 36392 36186 29876 0 0 21598 6614 5379 16208 1620 884 3430 1040 8697 1933 6085 6731 1906 9213 0 2890 1289 3876 0 15400 894 0 746 1359 1728 3063 0 1463 0 9897 327 361 744 6327 6248 488 1781 0 1322 0 0 1641 2019 2011 1264 1853 1326 0 0 403 1197 0 1169 1213 0 384 1146 759 1101 668 348 0 0 737 0 0 2384 1019 0 0 552 0 0 0 942 0
12201 39253 39030 32224 0 0 23296 7134 5802 17482 1747 954 3699 1122 9381 2085 6563 7260 2056 9937 0 3117 1390 4181 1206 0 964 0 805 1466 1863 3304 0 1578 0 10675 353 389 803 6825 6739 526 1921 0 1426 0 0 1770 2177 2169 1364 1999 1430 0 0 435 1292 0 1261 1308 0 414 1237 819 1188 721 376 0 0 795 0 0 2572 1099 0 0 595 0 0 0 1016 0
1463 4707 4680 3864 0 0 2793 855 695 2096 0 0 443 0 1125 0 787 870 0 1191 0 373 0 501 0 1992 0 0 0 0 0 396 0 0 0 1280 0 0 0 818 808 0 0 0 0 0 0 0 0 0 0 0 0 0 0 0 0 0 0 0 0 0 0 0 0 0 0 0 0 0 0 0 0 0 0 0 0 0 0 0 0 0
13394 43091 42846 35375 0 0 25573 7832 6369 19192 1918 1047 4061 1232 10298 2289 7205 7970 2257 10909 322 3422 1526 4589 1324 18235 1059 0 884 1609 2046 3627 0 1732 0 11718 387 427 881 7492 7398 578 2109 0 1566 0 0 1943 2390 2381 1497 2194 1570 0 0 478 1418 0 1385 1436 0 454 1358 899 1304 791 412 0 0 872 0 0 2823 1207 0 0 654 0 0 0 1115 0
7259 23353 23220 19171 0 0 13859 4244 3451 10401 1039 567 2201 667 5581 1240 3904 4319 1223 5912 0 1854 827 2487 717 9882 574 0 0 872 1108 1965 0 939 0 6351 0 0 477 4060 4009 313 1143 0 848 0 0 1053 1295 1290 811 1189 850 0 0 0 768 0 750 778 0 0 735 487 706 429 0 0 0 473 0 0 1530 654 0 0 354 0 0 0 604 0
2729 8780 8730 7208 0 0 5211 1595 1297 3910 390 0 827 0 2098 466 1468 1624 460 2222 0 697 311 935 0 3715 0 0 0 0 416 739 0 353 0 2387 0 0 0 1526 1507 0 429 0 319 0 0 396 487 485 0 447 319 0 0 0 0 0 0 0 0 0 0 0 0 0 0 0 0 0 0 0 575 0 0 0 0 0 0 0 0 0
1416 4555 4529 3739 0 0 2703 828 673 2028 0 0 429 0 1088 0 761 842 0 1153 0 361 0 485 0 1927 0 0 0 0 0 383 0 0 0 1238 0 0 0 792 782 0 0 0 0 0 0 0 0 0 0 0 0 0 0 0 0 0 0 0 0 0 0 0 0 0 0 0 0 0 0 0 0 0 0 0 0 0 0 0 0 0
2065 6643 6605 5453 0 0 3942 1207 981 2958 0 0 626 0 1587 352 1110 1228 348 1681 0 527 0 707 0 2811 0 0 0 0 315 0 0 0 0 1806 0 0 0 1155 1140 0 325 0 0 0 0 0 368 367 0 338 0 0 0 0 0 0 0 0 0 0 0 0 0 0 0 0 0 0 0 0 435 0 0 0 0 0 0 0 0 0
804 2586 2571 2123 0 0 1535 470 382 1151 0 0 0 0 618 0 432 478 0 654 0 0 0 0 0 1094 0 0 0 0 0 0 0 0 0 703 0 0 0 449 444 0 0 0 0 0 0 0 0 0 0 0 0 0 0 0 0 0 0 0 0 0 0 0 0 0 0 0 0 0 0 0 0 0 0 0 0 0 0 0 0 0
7578 24380 24242 20015 0 0 14469 4431 3603 10858 1085 592 2297 697 5826 1295 4076 4509 1277 6172 0 1936 863 2596 749 10317 599 0 500 910 1157 2052 0 0 0 6630 0 0 498 4239 4186 327 1193 0 886 0 0 1099 1352 1347 847 1241 888 0 0 0 802 0 783 812 0 0 768 508 738 447 0 0 0 493 0 0 1597 683 0 0 370 0 0 0 631 0
1357 4367 4342 3585 0 0 2592 793 645 1945 0 0 411 0 1043 0 730 807 0 1105 0 346 0 465 0 1848 0 0 0 0 0 367 0 0 0 1187 0 0 0 759 749 0 0 0 0 0 0 0 0 0 0 0 0 0 0 0 0 0 0 0 0 0 0 0 0 0 0 0 0 0 0 0 0 0 0 0 0 0 0 0 0 0
16688 53686 53381 44073 0 0 31861 9757 7935 23911 2390 1305 5059 1535 12831 2852 8976 9930 2813 13591 401 4264 1902 5718 1649 22718 1319 337 1101 2005 2549 4519 329 2158 361 0 483 532 1098 9334 9217 720 2628 0 1951 0 0 2421 2978 2967 1865 2734 1956 374 0 595 1767 340 1725 1790 0 566 1691 1120 1625 986 514 0 0 1087 0 0 3517 1504 332 0 815 0 0 0 1389 0
627 2018 2006 1656 0 0 1197 366 0 898 0 0 0 0 482 0 337 373 0 510 0 0 0 0 0 853 0 0 0 0 0 0 0 0 0 548 0 0 0 350 346 0 0 0 0 0 0 0 0 0 0 0 0 0 0 0 0 0 0 0 0 0 0 0 0 0 0 0 0 0 0 0 0 0 0 0 0 0 0 0 0 0
2059 6626 6589 5440 0 0 3932 1204 979 2951 0 0 624 0 1583 352 1108 1225 347 1677 0 526 0 705 0 2804 0 0 0 0 314 557 0 0 0 1802 0 0 0 1152 1137 0 324 0 0 0 0 0 367 366 0 337 0 0 0 0 0 0 0 0 0 0 0 0 0 0 0 0 0 0 0 0 434 0 0 0 0 0 0 0 0 0
0 431 429 354 0 0 0 0 0 0 0 0 0 0 0 0 0 0 0 0 0 0 0 0 0 0 0 0 0 0 0 0 0 0 0 0 0 0 0 0 0 0 0 0 0 0 0 0 0 0 0 0 0 0 0 0 0 0 0 0 0 0 0 0 0 0 0 0 0 0 0 0 0 0 0 0 0 0 0 0 0 0
842 2709 2694 2224 0 0 1608 492 400 1206 0 0 0 0 647 0 453 501 0 686 0 0 0 0 0 1146 0 0 0 0 0 0 0 0 0 736 0 0 0 0 465 0 0 0 0 0 0 0 0 0 0 0 0 0 0 0 0 0 0 0 0 0 0 0 0 0 0 0 0 0 0 0 0 0 0 0 0 0 0 0 0 0
11558 37183 36972 30525 0 0 22067 6758 5496 16560 1655 904 3504 1063 8886 1975 6217 6877 1948 9413 0 2953 1317 3960 1142 15735 913 0 763 1388 1765 3130 0 1495 0 10112 334 368 760 6465 0 499 1820 0 1351 0 0 1677 2062 2055 1292 1893 1354 0 0 412 1223 0 1195 1239 0 392 1171 776 1125 683 356 0 0 753 0 0 2436 1041 0 0 564 0 0 0 962 0
0 989 983 812 0 0 587 0 0 440 0 0 0 0 0 0 0 0 0 0 0 0 0 0 0 418 0 0 0 0 0 0 0 0 0 0 0 0 0 0 0 0 0 0 0 0 0 0 0 0 0 0 0 0 0 0 0 0 0 0 0 0 0 0 0 0 0 0 0 0 0 0 0 0 0 0 0 0 0 0 0 0
934 3004 2987 2466 0 0 1783 546 444 1338 0 0 0 0 718 0 502 555 0 760 0 0 0 320 0 1271 0 0 0 0 0 0 0 0 0 817 0 0 0 522 515 0 0 0 0 0 0 0 0 0 0 0 0 0 0 0 0 0 0 0 0 0 0 0 0 0 0 0 0 0 0 0 0 0 0 0 0 0 0 0 0 0
0 0 0 0 0 0 0 0 0 0 0 0 0 0 0 0 0 0 0 0 0 0 0 0 0 0 0 0 0 0 0 0 0 0 0 0 0 0 0 0 0 0 0 0 0 0 0 0 0 0 0 0 0 0 0 0 0 0 0 0 0 0 0 0 0 0 0 0 0 0 0 0 0 0 0 0 0 0 0 0 0 0
1389 4471 4445 3670 0 0 2653 812 660 1991 0 0 421 0 1068 0 747 827 0 1131 0 355 0 476 0 1892 0 0 0 0 0 376 0 0 0 1215 0 0 0 777 767 0 0 0 0 0 0 0 0 0 0 0 0 0 0 0 0 0 0 0 0 0 0 0 0 0 0 0 0 0 0 0 0 0 0 0 0 0 0 0 0 0
0 344 342 0 0 0 0 0 0 0 0 0 0 0 0 0 0 0 0 0 0 0 0 0 0 0 0 0 0 0 0 0 0 0 0 0 0 0 0 0 0 0 0 0 0 0 0 0 0 0 0 0 0 0 0 0 0 0 0 0 0 0 0 0 0 0 0 0 0 0 0 0 0 0 0 0 0 0 0 0 0 0
0 386 383 316 0 0 0 0 0 0 0 0 0 0 0 0 0 0 0 0 0 0 0 0 0 0 0 0 0 0 0 0 0 0 0 0 0 0 0 0 0 0 0 0 0 0 0 0 0 0 0 0 0 0 0 0 0 0 0 0 0 0 0 0 0 0 0 0 0 0 0 0 0 0 0 0 0 0 0 0 0 0
0 0 0 0 0 0 0 0 0 0 0 0 0 0 0 0 0 0 0 0 0 0 0 0 0 0 0 0 0 0 0 0 0 0 0 0 0 0 0 0 0 0 0 0 0 0 0 0 0 0 0 0 0 0 0 0 0 0 0 0 0 0 0 0 0 0 0 0 0 0 0 0 0 0 0 0 0 0 0 0 0 0
1482 4768 4741 3914 0 0 2829 866 704 2123 0 0 449 0 1139 0 797 881 0 1207 0 378 0 507 0 2017 0 0 0 0 0 401 0 0 0 1296 0 0 0 829 818 0 0 0 0 0 0 0 0 0 0 0 0 0 0 0 0 0 0 0 0 0 0 0 0 0 0 0 0 0 0 0 312 0 0 0 0 0 0 0 0 0
0 0 0 0 0 0 0 0 0 0 0 0 0 0 0 0 0 0 0 0 0 0 0 0 0 0 0 0 0 0 0 0 0 0 0 0 0 0 0 0 0 0 0 0 0 0 0 0 0 0 0 0 0 0 0 0 0 0 0 0 0 0 0 0 0 0 0 0 0 0 0 0 0 0 0 0 0 0 0 0 0 0
0 0 0 0 0 0 0 0 0 0 0 0 0 0 0 0 0 0 0 0 0 0 0 0 0 0 0 0 0 0 0 0 0 0 0 0 0 0 0 0 0 0 0 0 0 0 0 0 0 0 0 0 0 0 0 0 0 0 0 0 0 0 0 0 0 0 0 0 0 0 0 0 0 0 0 0 0 0 0 0 0 0
0 394 392 323 0 0 0 0 0 0 0 0 0 0 0 0 0 0 0 0 0 0 0 0 0 0 0 0 0 0 0 0 0 0 0 0 0 0 0 0 0 0 0 0 0 0 0 0 0 0 0 0 0 0 0 0 0 0 0 0 0 0 0 0 0 0 0 0 0 0 0 0 0 0 0 0 0 0 0 0 0 0
0 0 0 0 0 0 0 0 0 0 0 0 0 0 0 0 0 0 0 0 0 0 0 0 0 0 0 0 0 0 0 0 0 0 0 0 0 0 0 0 0 0 0 0 0 0 0 0 0 0 0 0 0 0 0 0 0 0 0 0 0 0 0 0 0 0 0 0 0 0 0 0 0 0 0 0 0 0 0 0 0 0
549 1767 1757 1451 0 0 1049 321 0 787 0 0 0 0 422 0 0 326 0 447 0 0 0 0 0 748 0 0 0 0 0 0 0 0 0 480 0 0 0 0 0 0 0 0 0 0 0 0 0 0 0 0 0 0 0 0 0 0 0 0 0 0 0 0 0 0 0 0 0 0 0 0 0 0 0 0 0 0 0 0 0 0
0 0 0 0 0 0 0 0 0 0 0 0 0 0 0 0 0 0 0 0 0 0 0 0 0 0 0 0 0 0 0 0 0 0 0 0 0 0 0 0 0 0 0 0 0 0 0 0 0 0 0 0 0 0 0 0 0 0 0 0 0 0 0 0 0 0 0 0 0 0 0 0 0 0 0 0 0 0 0 0 0 0
509 1638 1629 1345 0 0 972 0 0 729 0 0 0 0 391 0 0 0 0 414 0 0 0 0 0 693 0 0 0 0 0 0 0 0 0 445 0 0 0 0 0 0 0 0 0 0 0 0 0 0 0 0 0 0 0 0 0 0 0 0 0 0 0 0 0 0 0 0 0 0 0 0 0 0 0 0 0 0 0 0 0 0
371 1196 1189 982 0 0 710 0 0 532 0 0 0 0 0 0 0 0 0 0 0 0 0 0 0 506 0 0 0 0 0 0 0 0 0 325 0 0 0 0 0 0 0 0 0 0 0 0 0 0 0 0 0 0 0 0 0 0 0 0 0 0 0 0 0 0 0 0 0 0 0 0 0 0 0 0 0 0 0 0 0 0
0 0 0 0 0 0 0 0 0 0 0 0 0 0 0 0 0 0 0 0 0 0 0 0 0 0 0 0 0 0 0 0 0 0 0 0 0 0 0 0 0 0 0 0 0 0 0 0 0 0 0 0 0 0 0 0 0 0 0 0 0 0 0 0 0 0 0 0 0 0 0 0 0 0 0 0 0 0 0 0 0 0
0 0 0 0 0 0 0 0 0 0 0 0 0 0 0 0 0 0 0 0 0 0 0 0 0 0 0 0 0 0 0 0 0 0 0 0 0 0 0 0 0 0 0 0 0 0 0 0 0 0 0 0 0 0 0 0 0 0 0 0 0 0 0 0 0 0 0 0 0 0 0 0 0 0 0 0 0 0 0 0 0 0
0 474 471 389 0 0 0 0 0 0 0 0 0 0 0 0 0 0 0 0 0 0 0 0 0 0 0 0 0 0 0 0 0 0 0 0 0 0 0 0 0 0 0 0 0 0 0 0 0 0 0 0 0 0 0 0 0 0 0 0 0 0 0 0 0 0 0 0 0 0 0 0 0 0 0 0 0 0 0 0 0 0
0 0 0 0 0 0 0 0 0 0 0 0 0 0 0 0 0 0 0 0 0 0 0 0 0 0 0 0 0 0 0 0 0 0 0 0 0 0 0 0 0 0 0 0 0 0 0 0 0 0 0 0 0 0 0 0 0 0 0 0 0 0 0 0 0 0 0 0 0 0 0 0 0 0 0 0 0 0 0 0 0 0
772 2484 2470 2039 0 0 1474 451 367 1106 0 0 0 0 593 0 415 459 0 629 0 0 0 0 0 1051 0 0 0 0 0 0 0 0 0 675 0 0 0 432 426 0 0 0 0 0 0 0 0 0 0 0 0 0 0 0 0 0 0 0 0 0 0 0 0 0 0 0 0 0 0 0 0 0 0 0 0 0 0 0 0 0
0 0 0 0 0 0 0 0 0 0 0 0 0 0 0 0 0 0 0 0 0 0 0 0 0 0 0 0 0 0 0 0 0 0 0 0 0 0 0 0 0 0 0 0 0 0 0 0 0 0 0 0 0 0 0 0 0 0 0 0 0 0 0 0 0 0 0 0 0 0 0 0 0 0 0 0 0 0 0 0 0 0
337 1085 1079 891 0 0 644 0 0 483 0 0 0 0 0 0 0 0 0 0 0 0 0 0 0 459 0 0 0 0 0 0 0 0 0 0 0 0 0 0 0 0 0 0 0 0 0 0 0 0 0 0 0 0 0 0 0 0 0 0 0 0 0 0 0 0 0 0 0 0 0 0 0 0 0 0 0 0 0 0 0 0
0 0 0 0 0 0 0 0 0 0 0 0 0 0 0 0 0 0 0 0 0 0 0 0 0 0 0 0 0 0 0 0 0 0 0 0 0 0 0 0 0 0 0 0 0 0 0 0 0 0 0 0 0 0 0 0 0 0 0 0 0 0 0 0 0 0 0 0 0 0 0 0 0 0 0 0 0 0 0 0 0 0
687 2210 2198 1814 0 0 1312 401 326 984 0 0 0 0 528 0 369 408 0 559 0 0 0 0 0 935 0 0 0 0 0 0 0 0 0 601 0 0 0 384 379 0 0 0 0 0 0 0 0 0 0 0 0 0 0 0 0 0 0 0 0 0 0 0 0 0 0 0 0 0 0 0 0 0 0 0 0 0 0 0 0 0
0 0 0 0 0 0 0 0 0 0 0 0 0 0 0 0 0 0 0 0 0 0 0 0 0 0 0 0 0 0 0 0 0 0 0 0 0 0 0 0 0 0 0 0 0 0 0 0 0 0 0 0 0 0 0 0 0 0 0 0 0 0 0 0 0 0 0 0 0 0 0 0 0 0 0 0 0 0 0 0 0 0
0 0 0 0 0 0 0 0 0 0 0 0 0 0 0 0 0 0 0 0 0 0 0 0 0 0 0 0 0 0 0 0 0 0 0 0 0 0 0 0 0 0 0 0 0 0 0 0 0 0 0 0 0 0 0 0 0 0 0 0 0 0 0 0 0 0 0 0 0 0 0 0 0 0 0 0 0 0 0 0 0 0
0 0 0 0 0 0 0 0 0 0 0 0 0 0 0 0 0 0 0 0 0 0 0 0 0 0 0 0 0 0 0 0 0 0 0 0 0 0 0 0 0 0 0 0 0 0 0 0 0 0 0 0 0 0 0 0 0 0 0 0 0 0 0 0 0 0 0 0 0 0 0 0 0 0 0 0 0 0 0 0 0 0
0 719 715 590 0 0 427 0 0 320 0 0 0 0 0 0 0 0 0 0 0 0 0 0 0 0 0 0 0 0 0 0 0 0 0 0 0 0 0 0 0 0 0 0 0 0 0 0 0 0 0 0 0 0 0 0 0 0 0 0 0 0 0 0 0 0 0 0 0 0 0 0 0 0 0 0 0 0 0 0 0 0
330 1063 1057 872 0 0 630 0 0 473 0 0 0 0 0 0 0 0 0 0 0 0 0 0 0 449 0 0 0 0 0 0 0 0 0 0 0 0 0 0 0 0 0 0 0 0 0 0 0 0 0 0 0 0 0 0 0 0 0 0 0 0 0 0 0 0 0 0 0 0 0 0 0 0 0 0 0 0 0 0 0 0
0 0 0 0 0 0 0 0 0 0 0 0 0 0 0 0 0 0 0 0 0 0 0 0 0 0 0 0 0 0 0 0 0 0 0 0 0 0 0 0 0 0 0 0 0 0 0 0 0 0 0 0 0 0 0 0 0 0 0 0 0 0 0 0 0 0 0 0 0 0 0 0 0 0 0 0 0 0 0 0 0 0
0 442 439 363 0 0 0 0 0 0 0 0 0 0 0 0 0 0 0 0 0 0 0 0 0 0 0 0 0 0 0 0 0 0 0 0 0 0 0 0 0 0 0 0 0 0 0 0 0 0 0 0 0 0 0 0 0 0 0 0 0 0 0 0 0 0 0 0 0 0 0 0 0 0 0 0 0 0 0 0 0 0
0 0 0 0 0 0 0 0 0 0 0 0 0 0 0 0 0 0 0 0 0 0 0 0 0 0 0 0 0 0 0 0 0 0 0 0 0 0 0 0 0 0 0 0 0 0 0 0 0 0 0 0 0 0 0 0 0 0 0 0 0 0 0 0 0 0 0 0 0 0 0 0 0 0 0 0 0 0 0 0 0 0
0 0 0 0 0 0 0 0 0 0 0 0 0 0 0 0 0 0 0 0 0 0 0 0 0 0 0 0 0 0 0 0 0 0 0 0 0 0 0 0 0 0 0 0 0 0 0 0 0 0 0 0 0 0 0 0 0 0 0 0 0 0 0 0 0 0 0 0 0 0 0 0 0 0 0 0 0 0 0 0 0 0
0 0 0 0 0 0 0 0 0 0 0 0 0 0 0 0 0 0 0 0 0 0 0 0 0 0 0 0 0 0 0 0 0 0 0 0 0 0 0 0 0 0 0 0 0 0 0 0 0 0 0 0 0 0 0 0 0 0 0 0 0 0 0 0 0 0 0 0 0 0 0 0 0 0 0 0 0 0 0 0 0 0
0 0 0 0 0 0 0 0 0 0 0 0 0 0 0 0 0 0 0 0 0 0 0 0 0 0 0 0 0 0 0 0 0 0 0 0 0 0 0 0 0 0 0 0 0 0 0 0 0 0 0 0 0 0 0 0 0 0 0 0 0 0 0 0 0 0 0 0 0 0 0 0 0 0 0 0 0 0 0 0 0 0
0 0 0 0 0 0 0 0 0 0 0 0 0 0 0 0 0 0 0 0 0 0 0 0 0 0 0 0 0 0 0 0 0 0 0 0 0 0 0 0 0 0 0 0 0 0 0 0 0 0 0 0 0 0 0 0 0 0 0 0 0 0 0 0 0 0 0 0 0 0 0 0 0 0 0 0 0 0 0 0 0 0
0 0 0 0 0 0 0 0 0 0 0 0 0 0 0 0 0 0 0 0 0 0 0 0 0 0 0 0 0 0 0 0 0 0 0 0 0 0 0 0 0 0 0 0 0 0 0 0 0 0 0 0 0 0 0 0 0 0 0 0 0 0 0 0 0 0 0 0 0 0 0 0 0 0 0 0 0 0 0 0 0 0
0 0 0 0 0 0 0 0 0 0 0 0 0 0 0 0 0 0 0 0 0 0 0 0 0 0 0 0 0 0 0 0 0 0 0 0 0 0 0 0 0 0 0 0 0 0 0 0 0 0 0 0 0 0 0 0 0 0 0 0 0 0 0 0 0 0 0 0 0 0 0 0 0 0 0 0 0 0 0 0 0 0
1345 4328 4304 3553 0 0 2569 786 639 1928 0 0 408 0 1034 0 723 800 0 1095 0 343 0 461 0 1831 0 0 0 0 0 364 0 0 0 1177 0 0 0 752 743 0 0 0 0 0 0 0 0 0 0 0 0 0 0 0 0 0 0 0 0 0 0 0 0 0 0 0 0 0 0 0 0 0 0 0 0 0 0 0 0 0
0 0 0 0 0 0 0 0 0 0 0 0 0 0 0 0 0 0 0 0 0 0 0 0 0 0 0 0 0 0 0 0 0 0 0 0 0 0 0 0 0 0 0 0 0 0 0 0 0 0 0 0 0 0 0 0 0 0 0 0 0 0 0 0 0 0 0 0 0 0 0 0 0 0 0 0 0 0 0 0 0 0
