0 490427 487642 402614 555 2517 291059 89139 72492 218430 21833 11926 46223 14024 117212 26057 82005 90713 25698 124160 3667 38956 17378 52238 15069 207539 12054 3079 10066 18317 23287 41286 3014 19721 3299 133375 4412 4867 10035 85271 84206 6584 24008 2645 17825 1165 898 22119 27209 27105 17044 24978 17870 3424 986 5443 16143 3112 15764 16353 922 5175 15456 10237 14847 9010 4698 323 821 9933 2318 581 32134 13739 3038 0 7445 1950 1415 1139 12696 392 11367106
312691 0 1000216 825813 1139 5163 596999 182836 148689 448027 44782 24461 94809 28766 240417 53445 168202 186063 52710 254668 7522 79903 35643 107146 30908 425689 24725 6316 20647 37570 47765 84683 6183 40450 6767 273569 9050 9982 20583 174902 172717 13505 49244 5426 36562 2389 1841 45369 55808 55595 34959 51232 36655 7024 2022 11164 33110 6384 32333 33542 1890 10614 31702 20997 30453 18482 9636 662 1684 20375 4754 1192 65911 28181 6232 574 15271 3999 2902 2337 26041 804 21243919
353623 1137606 0 933913 1288 5839 675148 206770 168153 506675 50645 27663 107220 32532 271888 60441 190220 210420 59610 288004 8507 90363 40309 121172 34954 481412 27962 7143 23350 42488 54018 95769 6992 45745 7653 309380 10235 11289 23277 197797 195326 15273 55690 6136 41348 2701 2082 51308 63114 62873 39535 57939 41453 7943 2287 12625 37445 7219 36566 37933 2138 12004 35852 23746 34439 20901 10897 749 1905 23042 5376 1348 74539 31870 7048 649 17270 4523 3282 2643 29450 909 24044091
10196 32801 32614 0 0 0 19467 5962 4848 14609 1460 798 3091 938 7839 1743 5485 6067 1719 8304 0 2605 1162 3494 1008 13881 806 0 673 1225 1557 2761 0 1319 0 8920 0 326 671 5703 5632 440 1606 0 1192 0 0 1479 1820 1813 1140 1671 1195 0 0 364 1080 0 1054 1094 0 346 1034 685 993 603 314 0 0 664 0 0 2149 919 0 0 498 0 0 0 849 0 713327
0 0 0 0 0 0 0 0 0 0 0 0 0 0 0 0 0 0 0 0 0 0 0 0 0 0 0 0 0 0 0 0 0 0 0 0 0 0 0 0 0 0 0 0 0 0 0 0 0 0 0 0 0 0 0 0 0 0 0 0 0 0 0 0 0 0 0 0 0 0 0 0 0 0 0 0 0 0 0 0 0 0 0
0 661 657 543 0 0 392 0 0 0 0 0 0 0 0 0 0 0 0 0 0 0 0 0 0 0 0 0 0 0 0 0 0 0 0 0 0 0 0 0 0 0 0 0 0 0 0 0 0 0 0 0 0 0 0 0 0 0 0 0 0 0 0 0 0 0 0 0 0 0 0 0 0 0 0 0 0 0 0 0 0 0 18999
68323 219796 218548 180440 0 1128 0 39950 32489 97894 9785 5345 20716 6285 52531 11678 36752 40655 11517 55645 1644 17459 7788 23412 6753 93013 5402 1380 4511 8209 10437 18503 1351 8838 1479 59775 1978 2181 4497 38216 37739 2951 10760 1186 7989 522 402 9913 12194 12148 7638 11194 8009 1535 442 2439 7235 1395 7065 7329 413 2319 6927 4588 6654 4038 2105 0 368 4452 1039 0 14402 6158 1362 0 3337 874 634 511 5690 0 4909678
41146 132366 131615 108666 0 679 78557 0 19565 58954 5893 3219 12476 3785 31636 7033 22133 24483 6936 33511 990 10514 4690 14099 4067 56015 3254 831 2717 4944 6285 11143 814 5323 890 35998 1191 1314 2708 23015 22727 1777 6480 714 4811 314 0 5970 7344 7316 4600 6741 4823 924 0 1469 4357 840 4255 4414 0 1397 4172 2763 4007 2432 1268 0 0 2681 626 0 8673 3708 820 0 2009 526 382 0 3427 0 3120814
21682 69752 69356 57262 0 358 41396 12678 0 31066 3105 1696 6574 1995 16671 3706 11663 12902 3655 17659 522 5541 2472 7430 2143 29518 1714 438 1432 2605 3312 5872 429 2805 469 18969 628 692 1427 12128 11976 936 3415 376 2535 0 0 3146 3870 3855 2424 3552 2542 487 0 774 2296 443 2242 2326 0 736 2198 1456 2112 1282 668 0 0 1413 330 0 4570 1954 432 0 1059 0 0 0 1806 0 1652259
7117 22895 22765 18796 0 0 13588 4161 3384 0 1019 557 2158 655 5472 1216 3828 4235 1200 5796 0 1819 811 2439 703 9689 563 0 470 855 1087 1927 0 921 0 6226 0 0 468 3981 3931 0 1121 0 832 0 0 1033 1270 1265 796 1166 834 0 0 0 754 0 736 763 0 0 722 478 693 421 0 0 0 464 0 0 1500 641 0 0 348 0 0 0 593 0 524842
3109 10001 9944 8210 0 0 5935 1818 1478 4454 0 0 943 0 2390 531 1672 1850 524 2532 0 794 354 1065 0 4232 0 0 0 374 475 842 0 402 0 2720 0 0 0 1739 1717 0 490 0 363 0 0 451 555 553 348 509 364 0 0 0 329 0 321 333 0 0 315 0 0 0 0 0 0 0 0 0 655 0 0 0 0 0 0 0 0 0 244309
21408 68868 68477 56537 0 353 40872 12517 10180 30673 3066 0 6491 1969 16460 3659 11516 12738 3609 17435 515 5470 2440 7335 2116 29144 1693 432 1414 2572 3270 5798 423 2769 463 18729 620 683 1409 11974 11825 925 3371 371 2503 0 0 3106 3821 3806 2393 3507 2509 481 0 764 2267 437 2214 2296 0 727 2170 1438 2085 1265 660 0 0 1395 325 0 4512 1929 427 0 1046 0 0 0 1783 0 1656739
26440 85057 84574 69827 0 437 50480 15460 12573 37883 3787 2068 0 2432 20329 4519 14222 15733 4457 21534 636 6756 3014 9060 2613 35994 2091 534 1746 3177 4039 7160 523 3420 572 23132 765 844 1740 14789 14604 1142 4164 459 3092 0 0 3836 4719 4701 2956 4332 3099 594 0 944 2800 540 2734 2836 0 898 2681 1775 2575 1563 815 0 0 1723 402 0 5573 2383 527 0 1291 338 0 0 2202 0 2028072
36477 117347 116681 96336 0 602 69643 21329 17346 52265 5224 2853 11060 0 28046 6235 19622 21705 6149 29708 877 9321 4158 12499 3606 49659 2884 737 2409 4383 5572 9879 721 4719 789 31913 1056 1165 2401 20403 20149 1575 5745 633 4265 0 0 5293 6510 6486 4078 5977 4276 819 0 1302 3863 745 3772 3913 0 1238 3698 2449 3553 2156 1124 0 0 2377 555 0 7689 3288 727 0 1781 467 339 0 3038 0 2820682
7494 24108 23971 19791 0 0 14307 4382 3563 10737 1073 586 2272 689 0 1281 4031 4459 1263 6103 0 1915 854 2568 741 10202 593 0 495 900 1145 2029 0 969 0 6556 0 0 493 4192 4139 324 1180 0 876 0 0 1087 1337 1332 838 1228 878 0 0 0 794 0 775 804 0 0 760 503 730 443 0 0 0 488 0 0 1580 675 0 0 366 0 0 0 624 0 567175
19486 62687 62331 51463 0 322 37204 11394 9266 27920 2791 1524 5908 1793 14982 0 10482 11595 3285 15870 469 4979 2221 6677 1926 26528 1541 394 1287 2341 2977 5277 385 2521 422 17048 564 622 1283 10900 10763 842 3069 338 2278 0 0 2827 3478 3465 2179 3193 2284 438 0 696 2063 398 2015 2090 0 661 1976 1309 1898 1152 600 0 0 1270 0 0 4107 1756 388 0 952 0 0 0 1623 0 1502944
30865 99293 98729 81514 0 510 58929 18047 14677 44224 4420 2414 9358 2839 23731 5275 0 18366 5203 25138 742 7887 3518 10576 3051 42019 2441 623 2038 3708 4715 8359 610 3993 668 27003 893 985 2032 17264 17049 1333 4861 536 3609 0 0 4478 5509 5488 3451 5057 3618 693 0 1102 3268 630 3192 3311 0 1048 3129 2073 3006 1824 951 0 0 2011 469 0 6506 2782 615 0 1507 395 0 0 2570 0 2345878
13881 44655 44402 36659 0 0 26502 8116 6601 19889 1988 1086 4209 1277 10673 2373 7467 0 2340 11305 334 3547 1582 4756 1372 18897 1098 0 917 1668 2120 3759 0 1796 0 12144 402 443 914 7764 7667 600 2186 0 1623 0 0 2014 2477 2468 1552 2274 1627 312 0 496 1470 0 1435 1489 0 471 1407 932 1352 820 428 0 0 904 0 0 2926 1251 0 0 678 0 0 0 1156 0 1054919
10441 33588 33398 27574 0 0 19934 6105 4965 14960 1495 817 3166 961 8028 1785 5616 6213 0 8503 0 2668 1190 3578 1032 14214 826 0 689 1254 1595 2828 0 1351 0 9135 0 333 687 5840 5767 451 1644 0 1221 0 0 1515 1863 1856 1167 1711 1224 0 0 373 1106 0 1080 1120 0 354 1059 701 1017 617 322 0 0 680 0 0 2201 941 0 0 510 0 0 0 870 0 807570
16935 54479 54170 44725 0 0 32332 9902 8053 24264 2425 1325 5135 1558 13021 2894 9110 10077 2855 0 407 4327 1930 5803 1674 23055 1339 342 1118 2035 2587 4586 335 2191 366 14816 490 541 1115 9472 9354 731 2667 0 1980 0 0 2457 3022 3011 1893 2775 1985 380 0 605 1793 346 1751 1817 0 575 1717 1137 1649 1001 522 0 0 1103 0 0 3570 1526 338 0 827 0 0 0 1410 0 1274176
6955 22373 22246 18367 0 0 13278 4066 3307 9965 996 544 2109 640 5347 1189 3741 4138 1172 5664 0 1777 793 2383 687 9468 550 0 459 836 1062 1883 0 900 0 6084 0 0 458 3890 3841 0 1095 0 813 0 0 1009 1241 1237 778 1139 815 0 0 0 736 0 719 746 0 0 705 467 677 411 0 0 0 453 0 0 1466 627 0 0 340 0 0 0 579 0 541974
7331 23583 23449 19360 0 0 13996 4286 3486 10503 1050 573 2223 674 5636 1253 3943 4362 1236 5970 0 0 836 2512 725 9980 580 0 484 881 1120 1985 0 948 0 6413 0 0 483 4100 4049 317 1154 0 857 0 0 1064 1308 1303 820 1201 859 0 0 0 776 0 758 786 0 0 743 492 714 433 0 0 0 478 0 0 1545 661 0 0 358 0 0 0 610 0 566064
5001 16087 15996 13207 0 0 9548 2924 2378 7165 716 391 1516 460 3845 855 2690 2976 843 4073 0 1278 0 1714 494 6808 395 0 330 601 764 1354 0 647 0 4375 0 0 329 2797 2762 0 788 0 585 0 0 726 893 889 559 819 586 0 0 0 530 0 517 536 0 0 507 336 487 0 0 0 0 326 0 0 1054 451 0 0 0 0 0 0 416 0 389026
11315 36401 36194 29883 0 0 21603 6616 5381 16213 1621 885 3431 1041 8700 1934 6087 6733 1907 9216 0 2891 1290 0 1118 15404 895 0 747 1360 1728 3064 0 1464 0 9899 327 361 745 6329 6250 489 1782 0 1323 0 0 1642 2019 2012 1265 1854 1326 0 0 404 1198 0 1170 1214 0 384 1147 760 1102 669 349 0 0 737 0 0 2385 1020 0 0 553 0 0 0 942 0 868982
11313 36393 36186 29876 0 0 21598 6615 5379 16209 1620 885 3430 1041 8698 1934 6085 6731 1907 9213 0 2891 1290 3876 0 15401 895 0 747 1359 1728 3064 0 1463 0 9897 327 361 745 6328 6249 489 1782 0 1323 0 0 1641 2019 2011 1265 1853 1326 0 0 404 1198 0 1170 1213 0 384 1147 760 1102 669 349 0 0 737 0 0 2385 1020 0 0 552 0 0 0 942 0 877023
12202 39253 39031 32225 0 0 23296 7135 5802 17483 1748 955 3700 1123 9382 2086 6564 7261 2057 9938 0 3118 1391 4181 1206 0 965 0 806 1466 1864 3305 0 1578 0 10675 353 390 803 6825 6740 527 1922 0 1427 0 0 1770 2178 2169 1364 1999 1430 0 0 436 1292 0 1262 1309 0 414 1237 819 1188 721 376 0 0 795 0 0 2572 1100 0 0 596 0 0 0 1016 0 899945
1463 4707 4681 3865 0 0 2794 856 696 2097 0 0 444 0 1125 0 787 871 0 1192 0 374 0 501 0 1992 0 0 0 0 0 396 0 0 0 1280 0 0 0 818 808 0 0 0 0 0 0 0 0 0 0 0 0 0 0 0 0 0 0 0 0 0 0 0 0 0 0 0 0 0 0 0 0 0 0 0 0 0 0 0 0 0 119258
13395 43091 42847 35376 0 0 25574 7832 6369 19192 1918 1048 4061 1232 10299 2289 7205 7970 2258 10909 322 3423 1527 4590 1324 18235 1059 0 884 1609 2046 3628 0 1733 0 11719 388 428 882 7492 7399 579 2109 0 1566 0 0 1943 2391 2382 1498 2195 1570 0 0 478 1418 0 1385 1437 0 455 1358 899 1305 792 413 0 0 873 0 0 2823 1207 0 0 654 0 0 0 1116 0 1041007
7259 23353 23221 19172 0 0 13860 4245 3452 10401 1040 568 2201 668 5581 1241 3905 4320 1224 5912 0 1855 827 2487 718 9883 574 0 0 872 1109 1966 0 939 0 6351 0 0 478 4060 4010 314 1143 0 849 0 0 1053 1296 1291 812 1189 851 0 0 0 769 0 751 779 0 0 736 487 707 429 0 0 0 473 0 0 1530 654 0 0 355 0 0 0 605 0 564668
2729 8781 8731 7208 0 0 5211 1596 1298 3911 391 0 828 0 2099 467 1468 1624 460 2223 0 697 311 935 0 3716 0 0 0 0 417 739 0 353 0 2388 0 0 0 1527 1508 0 430 0 319 0 0 396 487 485 0 447 320 0 0 0 0 0 0 0 0 0 0 0 0 0 0 0 0 0 0 0 575 0 0 0 0 0 0 0 0 0 216137
1416 4555 4530 3740 0 0 2704 828 673 2029 0 0 429 0 1089 0 762 843 0 1153 0 362 0 485 0 1928 0 0 0 0 0 384 0 0 0 1239 0 0 0 792 782 0 0 0 0 0 0 0 0 0 0 0 0 0 0 0 0 0 0 0 0 0 0 0 0 0 0 0 0 0 0 0 0 0 0 0 0 0 0 0 0 0 114991
2065 6643 6606 5454 0 0 3943 1207 982 2959 0 0 626 0 1588 353 1111 1229 348 1682 0 528 0 708 0 2811 0 0 0 0 315 0 0 0 0 1807 0 0 0 1155 1141 0 325 0 0 0 0 0 369 367 0 338 0 0 0 0 0 0 0 0 0 0 0 0 0 0 0 0 0 0 0 0 435 0 0 0 0 0 0 0 0 0 164428
804 2587 2572 2123 0 0 1535 470 382 1152 0 0 0 0 618 0 432 478 0 655 0 0 0 0 0 1095 0 0 0 0 0 0 0 0 0 703 0 0 0 450 444 0 0 0 0 0 0 0 0 0 0 0 0 0 0 0 0 0 0 0 0 0 0 0 0 0 0 0 0 0 0 0 0 0 0 0 0 0 0 0 0 0 66658
7579 24380 24242 20015 0 0 14469 4431 3604 10859 1085 593 2298 697 5827 1295 4077 4510 1278 6172 0 1937 864 2597 749 10317 599 0 500 911 1158 2052 0 0 0 6630 0 0 499 4239 4186 327 1194 0 886 0 0 1100 1353 1347 847 1242 888 0 0 0 802 0 784 813 0 0 768 509 738 448 0 0 0 494 0 0 1597 683 0 0 370 0 0 0 631 0 588075
1358 4368 4343 3586 0 0 2592 794 646 1945 0 0 412 0 1044 0 730 808 0 1106 0 347 0 465 0 1848 0 0 0 0 0 368 0 0 0 1188 0 0 0 759 750 0 0 0 0 0 0 0 0 0 0 0 0 0 0 0 0 0 0 0 0 0 0 0 0 0 0 0 0 0 0 0 0 0 0 0 0 0 0 0 0 0 110958
16688 53686 53381 44074 0 0 31862 9758 7936 23911 2390 1305 5060 1535 12831 2852 8977 9930 2813 13592 401 4264 1902 5718 1650 22719 1320 337 1102 2005 2549 4520 330 2159 361 0 483 533 1099 9335 9218 721 2628 0 1951 0 0 2421 2978 2967 1866 2734 1956 375 0 596 1767 341 1726 1790 0 566 1692 1121 1625 986 514 0 0 1087 0 0 3518 1504 333 0 815 0 0 0 1390 0 1252616
627 2018 2007 1657 0 0 1198 367 0 899 0 0 0 0 482 0 337 373 0 511 0 0 0 0 0 854 0 0 0 0 0 0 0 0 0 549 0 0 0 351 346 0 0 0 0 0 0 0 0 0 0 0 0 0 0 0 0 0 0 0 0 0 0 0 0 0 0 0 0 0 0 0 0 0 0 0 0 0 0 0 0 0 52283
2060 6627 6589 5440 0 0 3933 1204 980 2951 0 0 625 0 1584 352 1108 1226 347 1678 0 526 0 706 0 2804 0 0 0 0 315 558 0 0 0 1802 0 0 0 1152 1138 0 324 0 0 0 0 0 368 366 0 338 0 0 0 0 0 0 0 0 0 0 0 0 0 0 0 0 0 0 0 0 434 0 0 0 0 0 0 0 0 0 165422
0 432 429 355 0 0 0 0 0 0 0 0 0 0 0 0 0 0 0 0 0 0 0 0 0 0 0 0 0 0 0 0 0 0 0 0 0 0 0 0 0 0 0 0 0 0 0 0 0 0 0 0 0 0 0 0 0 0 0 0 0 0 0 0 0 0 0 0 0 0 0 0 0 0 0 0 0 0 0 0 0 0 12644
842 2710 2695 2225 0 0 1608 493 401 1207 0 0 0 0 648 0 453 501 0 686 0 0 0 0 0 1147 0 0 0 0 0 0 0 0 0 737 0 0 0 0 465 0 0 0 0 0 0 0 0 0 0 0 0 0 0 0 0 0 0 0 0 0 0 0 0 0 0 0 0 0 0 0 0 0 0 0 0 0 0 0 0 0 68498
11558 37183 36972 30526 0 0 22068 6758 5496 16561 1655 904 3505 1063 8887 1976 6217 6878 1948 9414 0 2954 1318 3961 1142 15735 914 0 763 1389 1766 3130 0 1495 0 10112 335 369 761 6465 0 499 1820 0 1351 0 0 1677 2063 2055 1292 1894 1355 0 0 413 1224 0 1195 1240 0 392 1172 776 1126 683 356 0 0 753 0 0 2436 1042 0 0 564 0 0 0 963 0 880421
0 990 984 812 0 0 587 0 0 441 0 0 0 0 0 0 0 0 0 0 0 0 0 0 0 419 0 0 0 0 0 0 0 0 0 0 0 0 0 0 0 0 0 0 0 0 0 0 0 0 0 0 0 0 0 0 0 0 0 0 0 0 0 0 0 0 0 0 0 0 0 0 0 0 0 0 0 0 0 0 0 0 27553
934 3005 2988 2467 0 0 1783 546 444 1338 0 0 0 0 718 0 502 556 0 761 0 0 0 320 0 1272 0 0 0 0 0 0 0 0 0 817 0 0 0 522 516 0 0 0 0 0 0 0 0 0 0 0 0 0 0 0 0 0 0 0 0 0 0 0 0 0 0 0 0 0 0 0 0 0 0 0 0 0 0 0 0 0 76605
0 0 0 0 0 0 0 0 0 0 0 0 0 0 0 0 0 0 0 0 0 0 0 0 0 0 0 0 0 0 0 0 0 0 0 0 0 0 0 0 0 0 0 0 0 0 0 0 0 0 0 0 0 0 0 0 0 0 0 0 0 0 0 0 0 0 0 0 0 0 0 0 0 0 0 0 0 0 0 0 0 0 67
1390 4471 4446 3671 0 0 2654 813 661 1991 0 0 421 0 1069 0 748 827 0 1132 0 355 0 476 0 1892 0 0 0 0 0 376 0 0 0 1216 0 0 0 777 768 0 0 0 0 0 0 0 0 0 0 0 0 0 0 0 0 0 0 0 0 0 0 0 0 0 0 0 0 0 0 0 0 0 0 0 0 0 0 0 0 0 113064
0 345 343 0 0 0 0 0 0 0 0 0 0 0 0 0 0 0 0 0 0 0 0 0 0 0 0 0 0 0 0 0 0 0 0 0 0 0 0 0 0 0 0 0 0 0 0 0 0 0 0 0 0 0 0 0 0 0 0 0 0 0 0 0 0 0 0 0 0 0 0 0 0 0 0 0 0 0 0 0 0 0 10400
0 386 384 317 0 0 0 0 0 0 0 0 0 0 0 0 0 0 0 0 0 0 0 0 0 0 0 0 0 0 0 0 0 0 0 0 0 0 0 0 0 0 0 0 0 0 0 0 0 0 0 0 0 0 0 0 0 0 0 0 0 0 0 0 0 0 0 0 0 0 0 0 0 0 0 0 0 0 0 0 0 0 11333
0 0 0 0 0 0 0 0 0 0 0 0 0 0 0 0 0 0 0 0 0 0 0 0 0 0 0 0 0 0 0 0 0 0 0 0 0 0 0 0 0 0 0 0 0 0 0 0 0 0 0 0 0 0 0 0 0 0 0 0 0 0 0 0 0 0 0 0 0 0 0 0 0 0 0 0 0 0 0 0 0 0 8828
1482 4768 4741 3915 0 0 2830 867 705 2124 0 0 449 0 1140 0 797 882 0 1207 0 379 0 508 0 2018 0 0 0 0 0 401 0 0 0 1297 0 0 0 829 819 0 0 0 0 0 0 0 0 0 0 0 0 0 0 0 0 0 0 0 0 0 0 0 0 0 0 0 0 0 0 0 312 0 0 0 0 0 0 0 0 0 119899
0 0 0 0 0 0 0 0 0 0 0 0 0 0 0 0 0 0 0 0 0 0 0 0 0 0 0 0 0 0 0 0 0 0 0 0 0 0 0 0 0 0 0 0 0 0 0 0 0 0 0 0 0 0 0 0 0 0 0 0 0 0 0 0 0 0 0 0 0 0 0 0 0 0 0 0 0 0 0 0 0 0 7858
0 0 0 0 0 0 0 0 0 0 0 0 0 0 0 0 0 0 0 0 0 0 0 0 0 0 0 0 0 0 0 0 0 0 0 0 0 0 0 0 0 0 0 0 0 0 0 0 0 0 0 0 0 0 0 0 0 0 0 0 0 0 0 0 0 0 0 0 0 0 0 0 0 0 0 0 0 0 0 0 0 0 8870
0 394 392 324 0 0 0 0 0 0 0 0 0 0 0 0 0 0 0 0 0 0 0 0 0 0 0 0 0 0 0 0 0 0 0 0 0 0 0 0 0 0 0 0 0 0 0 0 0 0 0 0 0 0 0 0 0 0 0 0 0 0 0 0 0 0 0 0 0 0 0 0 0 0 0 0 0 0 0 0 0 0 11502
0 0 0 0 0 0 0 0 0 0 0 0 0 0 0 0 0 0 0 0 0 0 0 0 0 0 0 0 0 0 0 0 0 0 0 0 0 0 0 0 0 0 0 0 0 0 0 0 0 0 0 0 0 0 0 0 0 0 0 0 0 0 0 0 0 0 0 0 0 0 0 0 0 0 0 0 0 0 0 0 0 0 6019
549 1768 1758 1451 0 0 1049 321 0 787 0 0 0 0 422 0 0 327 0 448 0 0 0 0 0 748 0 0 0 0 0 0 0 0 0 481 0 0 0 0 0 0 0 0 0 0 0 0 0 0 0 0 0 0 0 0 0 0 0 0 0 0 0 0 0 0 0 0 0 0 0 0 0 0 0 0 0 0 0 0 0 0 46716
0 0 0 0 0 0 0 0 0 0 0 0 0 0 0 0 0 0 0 0 0 0 0 0 0 0 0 0 0 0 0 0 0 0 0 0 0 0 0 0 0 0 0 0 0 0 0 0 0 0 0 0 0 0 0 0 0 0 0 0 0 0 0 0 0 0 0 0 0 0 0 0 0 0 0 0 0 0 0 0 0 0 7835
509 1639 1629 1345 0 0 972 0 0 730 0 0 0 0 392 0 0 0 0 415 0 0 0 0 0 693 0 0 0 0 0 0 0 0 0 446 0 0 0 0 0 0 0 0 0 0 0 0 0 0 0 0 0 0 0 0 0 0 0 0 0 0 0 0 0 0 0 0 0 0 0 0 0 0 0 0 0 0 0 0 0 0 43878
372 1197 1190 982 0 0 710 0 0 533 0 0 0 0 0 0 0 0 0 0 0 0 0 0 0 506 0 0 0 0 0 0 0 0 0 325 0 0 0 0 0 0 0 0 0 0 0 0 0 0 0 0 0 0 0 0 0 0 0 0 0 0 0 0 0 0 0 0 0 0 0 0 0 0 0 0 0 0 0 0 0 0 32530
0 0 0 0 0 0 0 0 0 0 0 0 0 0 0 0 0 0 0 0 0 0 0 0 0 0 0 0 0 0 0 0 0 0 0 0 0 0 0 0 0 0 0 0 0 0 0 0 0 0 0 0 0 0 0 0 0 0 0 0 0 0 0 0 0 0 0 0 0 0 0 0 0 0 0 0 0 0 0 0 0 0 1682
0 0 0 0 0 0 0 0 0 0 0 0 0 0 0 0 0 0 0 0 0 0 0 0 0 0 0 0 0 0 0 0 0 0 0 0 0 0 0 0 0 0 0 0 0 0 0 0 0 0 0 0 0 0 0 0 0 0 0 0 0 0 0 0 0 0 0 0 0 0 0 0 0 0 0 0 0 0 0 0 0 0 5082
0 474 471 389 0 0 0 0 0 0 0 0 0 0 0 0 0 0 0 0 0 0 0 0 0 0 0 0 0 0 0 0 0 0 0 0 0 0 0 0 0 0 0 0 0 0 0 0 0 0 0 0 0 0 0 0 0 0 0 0 0 0 0 0 0 0 0 0 0 0 0 0 0 0 0 0 0 0 0 0 0 0 13857
0 0 0 0 0 0 0 0 0 0 0 0 0 0 0 0 0 0 0 0 0 0 0 0 0 0 0 0 0 0 0 0 0 0 0 0 0 0 0 0 0 0 0 0 0 0 0 0 0 0 0 0 0 0 0 0 0 0 0 0 0 0 0 0 0 0 0 0 0 0 0 0 0 0 0 0 0 0 0 0 0 0 5914
772 2485 2471 2040 0 0 1475 452 367 1107 0 0 0 0 594 0 415 460 0 629 0 0 0 0 0 1051 0 0 0 0 0 0 0 0 0 676 0 0 0 432 427 0 0 0 0 0 0 0 0 0 0 0 0 0 0 0 0 0 0 0 0 0 0 0 0 0 0 0 0 0 0 0 0 0 0 0 0 0 0 0 0 0 63992
0 0 0 0 0 0 0 0 0 0 0 0 0 0 0 0 0 0 0 0 0 0 0 0 0 0 0 0 0 0 0 0 0 0 0 0 0 0 0 0 0 0 0 0 0 0 0 0 0 0 0 0 0 0 0 0 0 0 0 0 0 0 0 0 0 0 0 0 0 0 0 0 0 0 0 0 0 0 0 0 0 0 3253
337 1085 1079 891 0 0 644 0 0 483 0 0 0 0 0 0 0 0 0 0 0 0 0 0 0 459 0 0 0 0 0 0 0 0 0 0 0 0 0 0 0 0 0 0 0 0 0 0 0 0 0 0 0 0 0 0 0 0 0 0 0 0 0 0 0 0 0 0 0 0 0 0 0 0 0 0 0 0 0 0 0 0 29854
0 0 0 0 0 0 0 0 0 0 0 0 0 0 0 0 0 0 0 0 0 0 0 0 0 0 0 0 0 0 0 0 0 0 0 0 0 0 0 0 0 0 0 0 0 0 0 0 0 0 0 0 0 0 0 0 0 0 0 0 0 0 0 0 0 0 0 0 0 0 0 0 0 0 0 0 0 0 0 0 0 0 2335
687 2211 2198 1815 0 0 1312 402 327 985 0 0 0 0 528 0 370 409 0 560 0 0 0 0 0 936 0 0 0 0 0 0 0 0 0 601 0 0 0 384 380 0 0 0 0 0 0 0 0 0 0 0 0 0 0 0 0 0 0 0 0 0 0 0 0 0 0 0 0 0 0 0 0 0 0 0 0 0 0 0 0 0 56865
0 0 0 0 0 0 0 0 0 0 0 0 0 0 0 0 0 0 0 0 0 0 0 0 0 0 0 0 0 0 0 0 0 0 0 0 0 0 0 0 0 0 0 0 0 0 0 0 0 0 0 0 0 0 0 0 0 0 0 0 0 0 0 0 0 0 0 0 0 0 0 0 0 0 0 0 0 0 0 0 0 0 8131
0 0 0 0 0 0 0 0 0 0 0 0 0 0 0 0 0 0 0 0 0 0 0 0 0 0 0 0 0 0 0 0 0 0 0 0 0 0 0 0 0 0 0 0 0 0 0 0 0 0 0 0 0 0 0 0 0 0 0 0 0 0 0 0 0 0 0 0 0 0 0 0 0 0 0 0 0 0 0 0 0 0 3881
0 0 0 0 0 0 0 0 0 0 0 0 0 0 0 0 0 0 0 0 0 0 0 0 0 0 0 0 0 0 0 0 0 0 0 0 0 0 0 0 0 0 0 0 0 0 0 0 0 0 0 0 0 0 0 0 0 0 0 0 0 0 0 0 0 0 0 0 0 0 0 0 0 0 0 0 0 0 0 0 0 0 1501
0 720 716 591 0 0 427 0 0 321 0 0 0 0 0 0 0 0 0 0 0 0 0 0 0 0 0 0 0 0 0 0 0 0 0 0 0 0 0 0 0 0 0 0 0 0 0 0 0 0 0 0 0 0 0 0 0 0 0 0 0 0 0 0 0 0 0 0 0 0 0 0 0 0 0 0 0 0 0 0 0 0 20326
330 1063 1057 873 0 0 631 0 0 474 0 0 0 0 0 0 0 0 0 0 0 0 0 0 0 450 0 0 0 0 0 0 0 0 0 0 0 0 0 0 0 0 0 0 0 0 0 0 0 0 0 0 0 0 0 0 0 0 0 0 0 0 0 0 0 0 0 0 0 0 0 0 0 0 0 0 0 0 0 0 0 0 29310
0 0 0 0 0 0 0 0 0 0 0 0 0 0 0 0 0 0 0 0 0 0 0 0 0 0 0 0 0 0 0 0 0 0 0 0 0 0 0 0 0 0 0 0 0 0 0 0 0 0 0 0 0 0 0 0 0 0 0 0 0 0 0 0 0 0 0 0 0 0 0 0 0 0 0 0 0 0 0 0 0 0 6468
0 442 440 363 0 0 0 0 0 0 0 0 0 0 0 0 0 0 0 0 0 0 0 0 0 0 0 0 0 0 0 0 0 0 0 0 0 0 0 0 0 0 0 0 0 0 0 0 0 0 0 0 0 0 0 0 0 0 0 0 0 0 0 0 0 0 0 0 0 0 0 0 0 0 0 0 0 0 0 0 0 0 12874
0 0 0 0 0 0 0 0 0 0 0 0 0 0 0 0 0 0 0 0 0 0 0 0 0 0 0 0 0 0 0 0 0 0 0 0 0 0 0 0 0 0 0 0 0 0 0 0 0 0 0 0 0 0 0 0 0 0 0 0 0 0 0 0 0 0 0 0 0 0 0 0 0 0 0 0 0 0 0 0 0 0 5411
0 0 0 0 0 0 0 0 0 0 0 0 0 0 0 0 0 0 0 0 0 0 0 0 0 0 0 0 0 0 0 0 0 0 0 0 0 0 0 0 0 0 0 0 0 0 0 0 0 0 0 0 0 0 0 0 0 0 0 0 0 0 0 0 0 0 0 0 0 0 0 0 0 0 0 0 0 0 0 0 0 0 6937
0 0 0 0 0 0 0 0 0 0 0 0 0 0 0 0 0 0 0 0 0 0 0 0 0 0 0 0 0 0 0 0 0 0 0 0 0 0 0 0 0 0 0 0 0 0 0 0 0 0 0 0 0 0 0 0 0 0 0 0 0 0 0 0 0 0 0 0 0 0 0 0 0 0 0 0 0 0 0 0 0 0 3465
0 0 0 0 0 0 0 0 0 0 0 0 0 0 0 0 0 0 0 0 0 0 0 0 0 0 0 0 0 0 0 0 0 0 0 0 0 0 0 0 0 0 0 0 0 0 0 0 0 0 0 0 0 0 0 0 0 0 0 0 0 0 0 0 0 0 0 0 0 0 0 0 0 0 0 0 0 0 0 0 0 0 2772
0 0 0 0 0 0 0 0 0 0 0 0 0 0 0 0 0 0 0 0 0 0 0 0 0 0 0 0 0 0 0 0 0 0 0 0 0 0 0 0 0 0 0 0 0 0 0 0 0 0 0 0 0 0 0 0 0 0 0 0 0 0 0 0 0 0 0 0 0 0 0 0 0 0 0 0 0 0 0 0 0 0 7392
0 0 0 0 0 0 0 0 0 0 0 0 0 0 0 0 0 0 0 0 0 0 0 0 0 0 0 0 0 0 0 0 0 0 0 0 0 0 0 0 0 0 0 0 0 0 0 0 0 0 0 0 0 0 0 0 0 0 0 0 0 0 0 0 0 0 0 0 0 0 0 0 0 0 0 0 0 0 0 0 0 0 9
0 0 0 0 0 0 0 0 0 0 0 0 0 0 0 0 0 0 0 0 0 0 0 0 0 0 0 0 0 0 0 0 0 0 0 0 0 0 0 0 0 0 0 0 0 0 0 0 0 0 0 0 0 0 0 0 0 0 0 0 0 0 0 0 0 0 0 0 0 0 0 0 0 0 0 0 0 0 0 0 0 0 1285
1346 4329 4304 3554 0 0 2569 787 640 1928 0 0 408 0 1035 0 724 801 0 1096 0 344 0 461 0 1832 0 0 0 0 0 364 0 0 0 1177 0 0 0 753 743 0 0 0 0 0 0 0 0 0 0 0 0 0 0 0 0 0 0 0 0 0 0 0 0 0 0 0 0 0 0 0 0 0 0 0 0 0 0 0 0 0 109645
0 0 0 0 0 0 0 0 0 0 0 0 0 0 0 0 0 0 0 0 0 0 0 0 0 0 0 0 0 0 0 0 0 0 0 0 0 0 0 0 0 0 0 0 0 0 0 0 0 0 0 0 0 0 0 0 0 0 0 0 0 0 0 0 0 0 0 0 0 0 0 0 0 0 0 0 0 0 0 0 0 0 0
2523 3271 3253 2969 1713 3371 3410 2381 2496 2853 3132 2167 2816 2549 2739 3033 2486 2423 2991 2901 3284 2374 2493 2863 2739 3015 2075 3178 1829 2628 2494 2516 3360 2829 3666 2791 2792 2375 1815 2585 2553 2007 2647 3546 2394 2755 2365 3160 2902 3141 2740 2887 2557 3511 2598 2711 2565 3485 2538 2623 2429 2569 2491 1838 2696 1893 2353 996 2165 1791 3398 1792 3399 2492 3401 1143 1596 3413 3009 3003 2195 1209 0
