0 25812 1690 336 248 430 9010 63 446 2084 25 35924 76 85 0 0 1945 8666 1540 34696 11436 266 336 15348 891 2690 106 435 12 70 105 1817 1690 5 0 0 10509 0 5555 227 121 0 0 0 0 0 13 0 20 0 1113 134 0 3016 144 0 18515 12411 64 67711 7704 18556 3922 2064 2158 250 3 10009 76 0
60287 0 6091 1211 892 1550 32475 228 1607 7510 89 129491 274 305 0 0 7012 31237 5551 125065 41221 961 1211 55322 3212 9698 383 1569 44 252 379 6548 6091 16 0 0 37879 0 20024 820 435 0 0 0 0 0 46 0 74 0 4013 483 0 10871 519 0 66739 44738 232 244067 27771 66887 14136 7441 7778 901 12 36077 273 0
65571 101198 0 1317 971 1686 35322 248 1748 8169 97 140842 298 332 0 0 7626 33975 6038 136027 44834 1045 1317 60171 3494 10548 417 1706 48 274 413 7122 6624 18 0 0 41200 0 21779 891 473 0 0 0 0 0 50 0 80 0 4365 525 0 11823 565 0 72589 48659 252 265461 30205 72750 15375 8094 8460 980 13 39239 297 0
15736 24286 1590 0 233 405 8477 59 419 1960 23 33800 72 80 0 0 1830 8153 1449 32644 10759 251 316 14440 838 2531 100 410 11 66 99 1709 1590 4 0 0 9887 0 5227 214 113 0 0 0 0 0 12 0 19 0 1048 126 0 2837 136 0 17420 11677 61 63706 7249 17459 3690 1942 2030 235 3 9417 71 0
55 84 6 1 0 1 29 0 1 7 0 117 0 0 0 0 6 28 5 113 37 1 1 50 3 9 0 1 0 0 0 6 6 0 0 0 34 0 18 1 0 0 0 0 0 0 0 0 0 0 4 0 0 10 0 0 60 41 0 221 25 61 13 7 7 1 0 33 0 0
1138 1757 115 23 17 0 613 4 30 142 2 2445 5 6 0 0 132 590 105 2361 778 18 23 1044 61 183 7 30 1 5 7 124 115 0 0 0 715 0 378 15 8 0 0 0 0 0 1 0 1 0 76 9 0 205 10 0 1260 845 4 4608 524 1263 267 140 147 17 0 681 5 0
2675 4128 270 54 40 69 0 10 71 333 4 5745 12 14 0 0 311 1386 246 5549 1829 43 54 2455 143 430 17 70 2 11 17 291 270 1 0 0 1681 0 888 36 19 0 0 0 0 0 2 0 3 0 178 21 0 482 23 0 2961 1985 10 10829 1232 2968 627 330 345 40 1 1601 12 0
5871 9060 593 118 87 151 3162 0 156 731 9 12609 27 30 0 0 683 3042 541 12178 4014 94 118 5387 313 944 37 153 4 25 37 638 593 2 0 0 3689 0 1950 80 42 0 0 0 0 0 4 0 7 0 391 47 0 1059 51 0 6499 4356 23 23767 2704 6513 1377 725 757 88 1 3513 27 0
496 766 50 10 7 13 267 2 0 62 1 1066 2 3 0 0 58 257 46 1029 339 8 10 455 26 80 3 13 0 2 3 54 50 0 0 0 312 0 165 7 4 0 0 0 0 0 0 0 1 0 33 4 0 89 4 0 549 368 2 2009 229 551 116 61 64 7 0 297 2 0
3936 6075 398 79 58 101 2120 15 105 0 6 8454 18 20 0 0 458 2039 362 8165 2691 63 79 3612 210 633 25 102 3 16 25 428 398 1 0 0 2473 0 1307 54 28 0 0 0 0 0 3 0 5 0 262 32 0 710 34 0 4357 2921 15 15935 1813 4367 923 486 508 59 1 2355 18 0
1436 2216 145 29 21 37 773 5 38 179 0 3084 7 7 0 0 167 744 132 2979 982 23 29 1318 77 231 9 37 1 6 9 156 145 0 0 0 902 0 477 20 10 0 0 0 0 0 1 0 2 0 96 12 0 259 12 0 1590 1066 6 5813 661 1593 337 177 185 21 0 859 7 0
37791 58324 3818 759 559 971 20357 143 1007 4708 56 0 172 191 0 0 4395 19581 3480 78398 25840 602 759 34679 2013 6079 240 984 27 158 238 4105 3818 10 0 0 23745 0 12552 514 272 0 0 0 0 0 29 0 46 0 2516 303 0 6814 326 0 41836 28044 145 152995 17408 41928 8861 4665 4876 565 8 22615 171 0
3476 5364 351 70 51 89 1872 13 93 433 5 7466 0 18 0 0 404 1801 320 7210 2377 55 70 3189 185 559 22 90 3 15 22 378 351 1 0 0 2184 0 1154 47 25 0 0 0 0 0 3 0 4 0 231 28 0 627 30 0 3848 2579 13 14071 1601 3856 815 429 448 52 1 2080 16 0
51521 79514 5205 1035 763 1324 27754 195 1373 6418 76 110664 234 0 0 0 5992 26695 4744 106881 35228 821 1035 47278 2745 8288 327 1341 37 215 324 5596 5205 14 0 0 32372 0 17113 700 371 0 0 0 0 0 39 0 63 0 3430 413 0 9290 444 0 57036 38233 198 208581 23733 57162 12081 6359 6647 770 10 30831 234 0
986 1521 100 20 15 25 531 4 26 123 1 2118 4 5 0 0 115 511 91 2045 674 16 20 905 53 159 6 26 1 4 6 107 100 0 0 0 619 0 327 13 7 0 0 0 0 0 1 0 1 0 66 8 0 178 8 0 1091 732 4 3991 454 1094 231 122 127 15 0 590 4 0
1659 2560 168 33 25 43 894 6 44 207 2 3563 8 8 0 0 193 860 153 3442 1134 26 33 1522 88 267 11 43 1 7 10 180 168 0 0 0 1042 0 551 23 12 0 0 0 0 0 1 0 2 0 110 13 0 299 14 0 1837 1231 6 6717 764 1841 389 205 214 25 0 993 8 0
33800 52165 3415 679 500 869 18208 128 901 4211 50 72600 154 171 0 0 0 17513 3112 70119 23111 539 679 31017 1801 5437 215 880 25 141 213 3671 3415 9 0 0 21237 0 11227 460 244 0 0 0 0 0 26 0 41 0 2250 271 0 6095 291 0 37418 25082 130 136838 15570 37501 7926 4172 4361 505 7 20227 153 0
21430 33073 2165 430 317 551 11544 81 571 2670 32 46030 97 109 0 0 2492 0 1973 44456 14653 341 430 19665 1142 3447 136 558 16 90 135 2328 2165 6 0 0 13465 0 7118 291 154 0 0 0 0 0 16 0 26 0 1427 172 0 3864 185 0 23724 15903 82 86758 9872 23776 5025 2645 2765 320 4 12824 97 0
42430 65483 4287 852 628 1091 22856 160 1131 5286 63 91136 193 215 0 0 4935 21985 0 88021 29011 676 852 38935 2261 6825 270 1104 31 177 267 4609 4287 12 0 0 26660 0 14093 577 306 0 0 0 0 0 32 0 52 0 2825 340 0 7651 366 0 46971 31486 163 171775 19545 47075 9949 5237 5474 634 9 25391 192 0
16384 25286 1655 329 243 421 8826 62 437 2041 24 35192 74 83 0 0 1906 8489 1509 0 11203 261 329 15035 873 2636 104 426 12 68 103 1780 1655 4 0 0 10295 0 5442 223 118 0 0 0 0 0 12 0 20 0 1091 131 0 2954 141 0 18138 12158 63 66330 7547 18178 3842 2022 2114 245 3 9805 74 0
32090 49526 3242 645 475 825 17287 121 855 3998 48 68928 146 163 0 0 3732 16627 2955 66572 0 511 645 29448 1710 5162 204 835 23 134 202 3486 3242 9 0 0 20163 0 10659 436 231 0 0 0 0 0 24 0 39 0 2136 257 0 5786 276 0 35525 23814 123 129917 14782 35604 7525 3961 4140 479 7 19204 146 0
74236 114572 7500 1491 1099 1908 39990 281 1979 9248 110 159455 337 376 0 0 8634 38465 6836 154004 50759 0 1491 68123 3955 11942 472 1932 54 310 467 8063 7500 20 0 0 46644 0 24657 1009 535 0 0 0 0 0 56 0 91 0 4942 595 0 13386 640 0 82182 55089 285 300543 34197 82364 17407 9163 9578 1109 15 44425 337 0
15736 24286 1590 316 233 405 8477 59 419 1960 23 33800 72 80 0 0 1830 8153 1449 32644 10759 251 0 14440 838 2531 100 410 11 66 99 1709 1590 4 0 0 9887 0 5227 214 113 0 0 0 0 0 12 0 19 0 1048 126 0 2837 136 0 17420 11677 61 63706 7249 17459 3690 1942 2030 235 3 9417 71 0
33448 51621 3379 672 495 860 18018 126 892 4167 50 71844 152 169 0 0 3890 17331 3080 69388 22870 533 672 0 1782 5381 213 870 24 140 210 3633 3379 9 0 0 21016 0 11110 455 241 0 0 0 0 0 25 0 41 0 2227 268 0 6031 288 0 37028 24821 129 135413 15408 37110 7843 4129 4316 500 7 20016 152 0
8774 13541 886 176 130 226 4726 33 234 1093 13 18846 40 44 0 0 1020 4546 808 18201 5999 140 176 8051 0 1411 56 228 6 37 55 953 886 2 0 0 5513 0 2914 119 63 0 0 0 0 0 7 0 11 0 584 70 0 1582 76 0 9713 6511 34 35520 4042 9734 2057 1083 1132 131 2 5250 40 0
5538 8547 559 111 82 142 2983 21 148 690 8 11895 25 28 0 0 644 2869 510 11488 3786 88 111 5082 295 0 35 144 4 23 35 601 559 2 0 0 3480 0 1839 75 40 0 0 0 0 0 4 0 7 0 369 44 0 999 48 0 6131 4109 21 22419 2551 6144 1299 684 715 83 1 3314 25 0
2529 3902 255 51 37 65 1362 10 67 315 4 5431 11 13 0 0 294 1310 233 5245 1729 40 51 2320 135 407 0 66 2 11 16 275 255 1 0 0 1589 0 840 34 18 0 0 0 0 0 2 0 3 0 168 20 0 456 22 0 2799 1876 10 10237 1165 2805 593 312 326 38 1 1513 11 0
4829 7452 488 97 71 124 2601 18 129 602 7 10372 22 24 0 0 562 2502 445 10017 3302 77 97 4431 257 777 31 0 4 20 30 524 488 1 0 0 3034 0 1604 66 35 0 0 0 0 0 4 0 6 0 321 39 0 871 42 0 5346 3583 19 19549 2224 5357 1132 596 623 72 1 2890 22 0
0 0 0 0 0 0 0 0 0 0 0 0 0 0 0 0 0 0 0 0 0 0 0 0 0 0 0 0 0 0 0 0 0 0 0 0 0 0 0 0 0 0 0 0 0 0 0 0 0 0 0 0 0 0 0 0 0 0 0 0 0 0 0 0 0 0 0 0 0 0
14051 21686 1420 282 208 361 7569 53 375 1750 21 30181 64 71 0 0 1634 7281 1294 29149 9608 224 282 12894 749 2260 89 366 10 0 88 1526 1420 4 0 0 8829 0 4667 191 101 0 0 0 0 0 11 0 17 0 935 113 0 2534 121 0 15555 10427 54 56886 6473 15590 3295 1734 1813 210 3 8409 64 0
7190 11096 726 144 106 185 3873 27 192 896 11 15443 33 36 0 0 836 3725 662 14915 4916 115 144 6597 383 1157 46 187 5 30 0 781 726 2 0 0 4517 0 2388 98 52 0 0 0 0 0 5 0 9 0 479 58 0 1296 62 0 7959 5335 28 29106 3312 7977 1686 887 928 107 1 4302 33 0
5217 8052 527 105 77 134 2810 20 139 650 8 11206 24 26 0 0 607 2703 480 10823 3567 83 105 4787 278 839 33 136 4 22 33 0 527 1 0 0 3278 0 1733 71 38 0 0 0 0 0 4 0 6 0 347 42 0 941 45 0 5776 3871 20 21121 2403 5788 1223 644 673 78 1 3122 24 0
65571 101198 6624 1317 971 1686 35322 248 1748 8169 97 140842 298 332 0 0 7626 33975 6038 136027 44834 1045 1317 60171 3494 10548 417 1706 48 274 413 7122 0 18 0 0 41200 0 21779 891 473 0 0 0 0 0 50 0 80 0 4365 525 0 11823 565 0 72589 48659 252 265461 30205 72750 15375 8094 8460 980 13 39239 297 0
4180 6451 422 84 62 107 2252 16 111 521 6 8978 19 21 0 0 486 2166 385 8671 2858 67 84 3835 223 672 27 109 3 17 26 454 422 0 0 0 2626 0 1388 57 30 0 0 0 0 0 3 0 5 0 278 33 0 754 36 0 4627 3102 16 16921 1925 4637 980 516 539 62 1 2501 19 0
8717 13453 881 175 129 224 4695 33 232 1086 13 18723 40 44 0 0 1014 4516 803 18083 5960 139 175 7999 464 1402 55 227 6 36 55 947 881 2 0 0 5477 0 2895 119 63 0 0 0 0 0 7 0 11 0 580 70 0 1572 75 0 9650 6468 34 35289 4015 9671 2044 1076 1125 130 2 5216 40 0
9950 15355 1005 200 147 256 5360 38 265 1239 15 21371 45 50 0 0 1157 5155 916 20640 6803 159 200 9130 530 1601 63 259 7 42 63 1081 1005 3 0 0 6252 0 3305 135 72 0 0 0 0 0 8 0 12 0 662 80 0 1794 86 0 11014 7383 38 40280 4583 11039 2333 1228 1284 149 2 5954 45 0
3 5 0 0 0 0 2 0 0 0 0 7 0 0 0 0 0 2 0 7 2 0 0 3 0 1 0 0 0 0 0 0 0 0 0 0 0 0 1 0 0 0 0 0 0 0 0 0 0 0 0 0 0 1 0 0 4 2 0 13 1 4 1 0 0 0 0 2 0 0
5959 9197 602 120 88 153 3210 23 159 742 9 12800 27 30 0 0 693 3088 549 12362 4075 95 120 5468 318 959 38 155 4 25 38 647 602 2 0 0 3744 0 1979 81 43 0 0 0 0 0 5 0 7 0 397 48 0 1075 51 0 6597 4422 23 24126 2745 6612 1397 736 769 89 1 3566 27 0
5548 8562 560 111 82 143 2989 21 148 691 8 11917 25 28 0 0 645 2875 511 11509 3793 88 111 5091 296 892 35 144 4 23 35 603 560 2 0 0 3486 0 0 75 40 0 0 0 0 0 4 0 7 0 369 44 0 1000 48 0 6142 4117 21 22461 2556 6155 1301 685 716 83 1 3320 25 0
634 978 64 13 9 16 341 2 17 79 1 1361 3 3 0 0 74 328 58 1315 433 10 13 582 34 102 4 16 0 3 4 69 64 0 0 0 398 0 211 0 5 0 0 0 0 0 0 0 1 0 42 5 0 114 5 0 702 470 2 2566 292 703 149 78 82 9 0 379 3 0
1147 1770 116 23 17 29 618 4 31 143 2 2463 5 6 0 0 133 594 106 2379 784 18 23 1052 61 184 7 30 1 5 7 125 116 0 0 0 720 0 381 16 0 0 0 0 0 0 1 0 1 0 76 9 0 207 10 0 1269 851 4 4642 528 1272 269 142 148 17 0 686 5 0
362 559 37 7 5 9 195 1 10 45 1 777 2 2 0 0 42 188 33 751 247 6 7 332 19 58 2 9 0 2 2 39 37 0 0 0 227 0 120 5 3 0 0 0 0 0 0 0 0 0 24 3 0 65 3 0 401 269 1 1465 167 402 85 45 47 5 0 217 2 0
665 1026 67 13 10 17 358 3 18 83 1 1428 3 3 0 0 77 344 61 1379 455 11 13 610 35 107 4 17 0 3 4 72 67 0 0 0 418 0 221 9 5 0 0 0 0 0 1 0 1 0 44 5 0 120 6 0 736 493 3 2691 306 738 156 82 86 10 0 398 3 0
290 447 29 6 4 7 156 1 8 36 0 622 1 1 0 0 34 150 27 601 198 5 6 266 15 47 2 8 0 1 2 31 29 0 0 0 182 0 96 4 2 0 0 0 0 0 0 0 0 0 19 2 0 52 2 0 321 215 1 1172 133 321 68 36 37 4 0 173 1 0
2465 3804 249 50 36 63 1328 9 66 307 4 5294 11 12 0 0 287 1277 227 5113 1685 39 50 2262 131 396 16 64 2 10 16 268 249 1 0 0 1549 0 819 34 18 0 0 0 0 0 2 0 3 0 164 20 0 444 21 0 2728 1829 9 9978 1135 2734 578 304 318 37 1 1475 11 0
181 279 18 4 3 5 97 1 5 23 0 389 1 1 0 0 21 94 17 375 124 3 4 166 10 29 1 5 0 1 1 20 18 0 0 0 114 0 60 2 1 0 0 0 0 0 0 0 0 0 12 1 0 33 2 0 200 134 1 733 83 201 42 22 23 3 0 108 1 0
16113 24868 1628 324 239 414 8680 61 430 2007 24 34609 73 82 0 0 1874 8349 1484 33426 11017 257 324 14786 858 2592 102 419 12 67 101 1750 1628 4 0 0 10124 0 5352 219 116 0 0 0 0 0 0 0 20 0 1073 129 0 2905 139 0 17838 11957 62 65232 7422 17877 3778 1989 2079 241 3 9642 73 0
2465 3804 249 50 36 63 1328 9 66 307 4 5294 11 12 0 0 287 1277 227 5113 1685 39 50 2262 131 396 16 64 2 10 16 268 249 1 0 0 1549 0 819 34 18 0 0 0 0 0 2 0 3 0 164 20 0 444 21 0 2728 1829 9 9978 1135 2734 578 304 318 37 1 1475 11 0
1814 2800 183 36 27 47 977 7 48 226 3 3897 8 9 0 0 211 940 167 3764 1241 29 36 1665 97 292 12 47 1 8 11 197 183 0 0 0 1140 0 603 25 13 0 0 0 0 0 1 0 0 0 121 15 0 327 16 0 2009 1346 7 7345 836 2013 425 224 234 27 0 1086 8 0
25139 38798 2540 505 372 646 13542 95 670 3132 37 53997 114 127 0 0 2924 13026 2315 52151 17189 401 505 23069 1339 4044 160 654 18 105 158 2731 2540 7 0 0 15795 0 8350 342 181 0 0 0 0 0 19 0 31 0 1674 201 0 4533 217 0 27830 18655 97 101774 11580 27891 5895 3103 3244 376 5 15044 114 0
0 0 0 0 0 0 0 0 0 0 0 0 0 0 0 0 0 0 0 0 0 0 0 0 0 0 0 0 0 0 0 0 0 0 0 0 0 0 0 0 0 0 0 0 0 0 0 0 0 0 0 0 0 0 0 0 0 0 0 0 0 0 0 0 0 0 0 0 0 0
593 915 60 12 9 15 320 2 16 74 1 1274 3 3 0 0 69 307 55 1230 406 9 12 544 32 95 4 15 0 2 4 64 60 0 0 0 373 0 197 8 4 0 0 0 0 0 0 0 1 0 39 0 0 107 5 0 657 440 2 2401 273 658 139 73 77 9 0 355 3 0
1676 2587 169 34 25 43 903 6 45 209 2 3600 8 8 0 0 195 868 154 3477 1146 27 34 1538 89 270 11 44 1 7 11 182 169 0 0 0 1053 0 557 23 12 0 0 0 0 0 1 0 2 0 112 13 0 302 14 0 1855 1244 6 6785 772 1859 393 207 216 25 0 1003 8 0
12141 18737 1227 244 180 312 6540 46 324 1512 18 26077 55 61 0 0 1412 6291 1118 25186 8301 193 244 11141 647 1953 77 316 9 51 76 1319 1227 3 0 0 7628 0 4032 165 88 0 0 0 0 0 9 0 15 0 808 97 0 0 105 0 13440 9009 47 49151 5593 13470 2847 1499 1566 181 2 7265 55 0
1479 2283 149 30 22 38 797 6 39 184 2 3178 7 7 0 0 172 767 136 3069 1012 24 30 1358 79 238 9 39 1 6 9 161 149 0 0 0 930 0 491 20 11 0 0 0 0 0 1 0 2 0 98 12 0 267 0 0 1638 1098 6 5989 681 1641 347 183 191 22 0 885 7 0
986 1521 100 20 15 25 531 4 26 123 1 2118 4 5 0 0 115 511 91 2045 674 16 20 905 53 159 6 26 1 4 6 107 100 0 0 0 619 0 327 13 7 0 0 0 0 0 1 0 1 0 66 8 0 178 8 0 1091 732 4 3991 454 1094 231 122 127 15 0 590 4 0
125980 194430 12727 2531 1865 3238 67863 476 3358 15694 187 270597 572 638 0 0 14653 65276 11600 261347 86140 2007 2531 115605 6712 20266 801 3279 91 526 793 13684 12727 34 0 0 79156 0 41844 1713 908 0 0 0 0 0 96 0 154 0 8387 1009 0 22716 1085 0 0 93488 484 510025 58032 139773 29540 15550 16254 1882 26 75389 571 0
65390 100919 6606 1313 968 1681 35224 247 1743 8146 97 140453 297 331 0 0 7605 33881 6021 135652 44711 1042 1313 60005 3484 10519 416 1702 47 273 411 7102 6606 18 0 0 41086 0 21719 889 471 0 0 0 0 0 50 0 80 0 4353 524 0 11791 563 0 72389 0 251 264728 30122 72549 15333 8071 8437 977 13 39131 297 0
39418 60835 3982 792 584 1013 21234 149 1051 4911 58 84667 179 200 0 0 4585 20424 3630 81773 26952 628 792 36172 2100 6341 251 1026 29 165 248 4281 3982 11 0 0 24767 0 13093 536 284 0 0 0 0 0 30 0 48 0 2624 316 0 7108 340 0 43637 29251 0 159582 18158 43733 9243 4865 5086 589 8 23589 179 0
0 0 0 0 0 0 0 0 0 0 0 0 0 0 0 0 0 0 0 0 0 0 0 0 0 0 0 0 0 0 0 0 0 0 0 0 0 0 0 0 0 0 0 0 0 0 0 0 0 0 0 0 0 0 0 0 0 0 0 0 0 0 0 0 0 0 0 0 0 0
16288 25138 1646 327 241 419 8774 62 434 2029 24 34986 74 83 0 0 1894 8440 1500 33790 11137 260 327 14947 868 2620 104 424 12 68 103 1769 1646 4 0 0 10234 0 5410 221 117 0 0 0 0 0 12 0 20 0 1084 130 0 2937 140 0 18032 12087 63 65942 0 18071 3819 2011 2102 243 3 9747 74 0
23474 36228 2372 472 348 603 12645 89 626 2924 35 50421 107 119 0 0 2730 12163 2161 48697 16051 374 472 21541 1251 3776 149 611 17 98 148 2550 2372 6 0 0 14749 0 7797 319 169 0 0 0 0 0 18 0 29 0 1563 188 0 4233 202 0 25987 17420 90 95034 10813 0 5504 2897 3029 351 5 14047 106 0
4494 6936 454 90 67 116 2421 17 120 560 7 9653 20 23 0 0 523 2329 414 9323 3073 72 90 4124 239 723 29 117 3 19 28 488 454 1 0 0 2824 0 1493 61 32 0 0 0 0 0 3 0 5 0 299 36 0 810 39 0 4975 3335 17 18194 2070 4986 0 555 580 67 1 2689 20 0
1488 2296 150 30 22 38 801 6 40 185 2 3196 7 8 0 0 173 771 137 3086 1017 24 30 1365 79 239 9 39 1 6 9 162 150 0 0 0 935 0 494 20 11 0 0 0 0 0 1 0 2 0 99 12 0 268 13 0 1647 1104 6 6023 685 1651 349 0 192 22 0 890 7 0
11 17 1 0 0 0 6 0 0 1 0 24 0 0 0 0 1 6 1 23 8 0 0 10 1 2 0 0 0 0 0 1 1 0 0 0 7 0 4 0 0 0 0 0 0 0 0 0 0 0 1 0 0 2 0 0 12 8 0 45 5 12 3 1 0 0 0 7 0 0
67 103 7 1 1 2 36 0 2 8 0 143 0 0 0 0 8 35 6 138 46 1 1 61 4 11 0 2 0 0 0 7 7 0 0 0 42 0 22 1 0 0 0 0 0 0 0 0 0 0 4 1 0 12 1 0 74 49 0 270 31 74 16 8 9 0 0 40 0 0
6 9 1 0 0 0 3 0 0 1 0 12 0 0 0 0 1 3 1 12 4 0 0 5 0 1 0 0 0 0 0 1 1 0 0 0 4 0 2 0 0 0 0 0 0 0 0 0 0 0 0 0 0 1 0 0 6 4 0 23 3 6 1 1 1 0 0 3 0 0
9645 14886 974 194 143 248 5196 36 257 1202 14 20717 44 49 0 0 1122 4998 888 20009 6595 154 194 8851 514 1552 61 251 7 40 61 1048 974 3 0 0 6060 0 3204 131 70 0 0 0 0 0 7 0 12 0 642 77 0 1739 83 0 10678 7157 37 39048 4443 10701 2262 1191 1244 144 2 0 44 0
5794 8943 585 116 86 149 3121 22 154 722 9 12446 26 29 0 0 674 3002 534 12020 3962 92 116 5317 309 932 37 151 4 24 36 629 585 2 0 0 3641 0 1925 79 42 0 0 0 0 0 4 0 7 0 386 46 0 1045 50 0 6415 4300 22 23458 2669 6429 1359 715 748 87 1 3467 0 0
299064 442043 28781 6013 4499 7804 163297 1143 8098 37719 450 629236 1376 1464 0 0 34207 154250 26851 620615 201437 4499 6013 269981 16057 48630 1927 7873 221 1253 1899 32846 28781 83 0 0 190958 0 100410 4130 2189 0 0 0 0 0 228 0 371 0 20233 2433 0 54166 2615 0 295971 211448 1125 1230397 137820 329632 70958 37460 39212 4540 62 180196 1371 0
