0 25812 1689 335 247 429 9009 63 445 2083 24 35924 75 84 0 0 1945 8665 1540 34696 11435 266 335 15347 891 2690 106 435 12 69 105 1816 1689 4 0 0 10508 0 5555 227 120 0 0 0 0 0 12 0 20 0 1113 133 0 3015 144 0 18515 12411 64 67710 7704 18556 3921 2064 2157 249 3 10008 75
60286 0 6090 1210 892 1549 32475 227 1607 7510 89 129491 273 305 0 0 7011 31236 5551 125064 41221 960 1210 55321 3212 9697 383 1568 43 251 379 6548 6090 16 0 0 37879 0 20023 819 434 0 0 0 0 0 45 0 73 0 4013 482 0 10870 519 0 66739 44737 231 244067 27770 66886 14136 7441 7778 900 12 36076 273
65571 101197 0 1317 970 1685 35321 247 1747 8168 97 140841 297 332 0 0 7626 33974 6037 136027 44834 1044 1317 60171 3493 10547 416 1706 47 273 412 7122 6624 17 0 0 41199 0 21779 891 472 0 0 0 0 0 49 0 80 0 4365 525 0 11823 564 0 72589 48658 252 265461 30204 72749 15375 8093 8460 979 13 39239 297
15735 24285 1589 0 232 404 8476 59 419 1960 23 33799 71 79 0 0 1830 8153 1448 32644 10759 250 316 14440 838 2531 100 409 11 65 99 1709 1589 4 0 0 9887 0 5226 213 113 0 0 0 0 0 11 0 19 0 1047 126 0 2837 135 0 17420 11677 60 63706 7248 17458 3689 1942 2030 235 3 9416 71
54 84 5 1 0 1 29 0 1 6 0 117 0 0 0 0 6 28 5 113 37 0 1 50 2 8 0 1 0 0 0 5 5 0 0 0 34 0 18 0 0 0 0 0 0 0 0 0 0 0 3 0 0 9 0 0 60 40 0 221 25 60 12 6 7 0 0 32 0
1138 1756 114 22 16 0 613 4 30 141 1 2444 5 5 0 0 132 589 104 2361 778 18 22 1044 60 183 7 29 0 4 7 123 114 0 0 0 715 0 378 15 8 0 0 0 0 0 0 0 1 0 75 9 0 205 9 0 1260 844 4 4608 524 1262 266 140 146 17 0 681 5
2674 4128 270 53 39 68 0 10 71 333 3 5745 12 13 0 0 311 1385 246 5549 1828 42 53 2454 142 430 17 69 1 11 16 290 270 0 0 0 1680 0 888 36 19 0 0 0 0 0 2 0 3 0 178 21 0 482 23 0 2961 1984 10 10829 1232 2967 627 330 345 39 0 1600 12
5870 9060 593 117 86 150 3162 0 156 731 8 12609 26 29 0 0 682 3041 540 12178 4013 93 117 5387 312 944 37 152 4 24 36 637 593 1 0 0 3688 0 1949 79 42 0 0 0 0 0 4 0 7 0 390 47 0 1058 50 0 6498 4356 22 23766 2704 6513 1376 724 757 87 1 3513 26
496 765 50 9 7 12 267 1 0 61 0 1065 2 2 0 0 57 257 45 1029 339 7 9 455 26 79 3 12 0 2 3 53 50 0 0 0 311 0 164 6 3 0 0 0 0 0 0 0 0 0 33 3 0 89 4 0 549 368 1 2008 228 550 116 61 64 7 0 296 2
3936 6074 397 79 58 101 2120 14 104 0 5 8454 17 19 0 0 457 2039 362 8165 2691 62 79 3611 209 633 25 102 2 16 24 427 397 1 0 0 2473 0 1307 53 28 0 0 0 0 0 2 0 4 0 262 31 0 709 33 0 4357 2920 15 15934 1813 4366 922 485 507 58 0 2355 17
1435 2216 145 28 21 36 773 5 38 178 0 3084 6 7 0 0 167 743 132 2978 981 22 28 1317 76 230 9 37 1 5 9 155 145 0 0 0 902 0 476 19 10 0 0 0 0 0 1 0 1 0 95 11 0 258 12 0 1589 1065 5 5813 661 1593 336 177 185 21 0 859 6
37790 58324 3817 759 559 971 20357 142 1007 4707 56 0 171 191 0 0 4395 19581 3479 78397 25839 602 759 34678 2013 6079 240 983 27 157 237 4104 3817 10 0 0 23744 0 12552 513 272 0 0 0 0 0 28 0 46 0 2515 302 0 6814 325 0 41835 28043 145 152994 17408 41928 8861 4664 4875 564 7 22614 171
3475 5364 351 69 51 89 1872 13 92 432 5 7465 0 17 0 0 404 1800 320 7210 2376 55 69 3189 185 559 22 90 2 14 21 377 351 0 0 0 2183 0 1154 47 25 0 0 0 0 0 2 0 4 0 231 27 0 626 29 0 3847 2579 13 14071 1601 3856 814 429 448 51 0 2079 15
51521 79514 5205 1034 762 1324 27753 194 1373 6418 76 110663 234 0 0 0 5992 26695 4744 106880 35227 820 1034 47278 2745 8287 327 1340 37 215 324 5596 5205 14 0 0 32371 0 17112 700 371 0 0 0 0 0 39 0 62 0 3429 412 0 9290 443 0 57035 38232 198 208580 23732 57161 12080 6359 6647 769 10 30831 233
985 1521 99 19 14 25 531 3 26 122 1 2117 4 4 0 0 114 510 90 2045 674 15 19 904 52 158 6 25 0 4 6 107 99 0 0 0 619 0 327 13 7 0 0 0 0 0 0 0 1 0 65 7 0 177 8 0 1091 731 3 3991 454 1093 231 121 127 14 0 589 4
1659 2560 167 33 24 42 893 6 44 206 2 3563 7 8 0 0 192 859 152 3441 1134 26 33 1522 88 266 10 43 1 6 10 180 167 0 0 0 1042 0 551 22 11 0 0 0 0 0 1 0 2 0 110 13 0 299 14 0 1836 1231 6 6716 764 1840 389 204 214 24 0 992 7
33800 52164 3414 678 500 868 18207 127 901 4210 50 72600 153 171 0 0 0 17513 3112 70118 23110 538 678 31016 1800 5437 214 879 24 141 212 3671 3414 9 0 0 21237 0 11226 459 243 0 0 0 0 0 25 0 41 0 2250 270 0 6094 291 0 37418 25082 129 136838 15569 37500 7925 4172 4360 504 6 20226 153
21429 33073 2164 430 317 550 11543 81 571 2669 31 46029 97 108 0 0 2492 0 1973 44456 14652 341 430 19665 1141 3447 136 557 15 89 134 2327 2164 5 0 0 13464 0 7117 291 154 0 0 0 0 0 16 0 26 0 1426 171 0 3864 184 0 23723 15902 82 86757 9871 23775 5024 2645 2764 320 4 12824 97
42429 65483 4286 852 628 1090 22856 160 1131 5285 62 91135 192 214 0 0 4934 21984 0 88020 29011 676 852 38935 2260 6825 269 1104 30 177 267 4608 4286 11 0 0 26659 0 14092 576 305 0 0 0 0 0 32 0 51 0 2824 339 0 7650 365 0 46971 31486 163 171774 19544 47074 9949 5237 5474 633 8 25390 192
16384 25286 1655 329 242 421 8825 61 436 2041 24 35191 74 82 0 0 1905 8489 1508 0 11202 261 329 15034 872 2635 104 426 11 68 103 1779 1655 4 0 0 10294 0 5441 222 118 0 0 0 0 0 12 0 20 0 1090 131 0 2954 141 0 18137 12158 63 66330 7547 18177 3841 2022 2113 244 3 9804 74
32090 49526 3241 644 475 824 17286 121 855 3997 47 68927 145 162 0 0 3732 16627 2954 66571 0 511 644 29447 1709 5162 203 835 23 134 201 3485 3241 8 0 0 20163 0 10658 436 231 0 0 0 0 0 24 0 39 0 2136 257 0 5786 276 0 35525 23813 123 129916 14782 35603 7524 3961 4140 479 6 19203 145
74236 114571 7499 1491 1098 1908 39989 280 1978 9248 110 159454 337 376 0 0 8634 38464 6835 154003 50759 0 1491 68122 3955 11941 471 1932 53 310 467 8063 7499 20 0 0 46644 0 24657 1009 535 0 0 0 0 0 56 0 90 0 4942 594 0 13385 639 0 82182 55089 285 300542 34196 82363 17407 9163 9578 1108 15 44424 336
15735 24285 1589 316 232 404 8476 59 419 1960 23 33799 71 79 0 0 1830 8153 1448 32644 10759 250 0 14440 838 2531 100 409 11 65 99 1709 1589 4 0 0 9887 0 5226 213 113 0 0 0 0 0 11 0 19 0 1047 126 0 2837 135 0 17420 11677 60 63706 7248 17458 3689 1942 2030 235 3 9416 71
33448 51621 3379 671 495 859 18017 126 891 4166 49 71843 151 169 0 0 3890 17330 3079 69388 22870 532 671 0 1782 5380 212 870 24 139 210 3633 3379 9 0 0 21016 0 11109 454 241 0 0 0 0 0 25 0 40 0 2226 267 0 6031 288 0 37028 24821 128 135412 15407 37109 7843 4128 4315 499 6 20016 151
8773 13540 886 176 129 225 4726 33 233 1093 13 18845 39 44 0 0 1020 4546 807 18201 5999 139 176 8051 0 1411 55 228 6 36 55 952 886 2 0 0 5512 0 2914 119 63 0 0 0 0 0 6 0 10 0 584 70 0 1582 75 0 9712 6510 33 35520 4041 9734 2057 1082 1132 131 1 5250 39
5537 8546 559 111 81 142 2983 20 147 689 8 11894 25 28 0 0 644 2869 509 11488 3786 88 111 5081 295 0 35 144 4 23 34 601 559 1 0 0 3479 0 1839 75 39 0 0 0 0 0 4 0 6 0 368 44 0 998 47 0 6130 4109 21 22419 2550 6144 1298 683 714 82 1 3313 25
2528 3902 255 50 37 64 1362 9 67 314 3 5431 11 12 0 0 294 1310 232 5245 1728 40 50 2320 134 406 0 65 1 10 15 274 255 0 0 0 1588 0 839 34 18 0 0 0 0 0 1 0 3 0 168 20 0 455 21 0 2799 1876 9 10236 1164 2805 592 312 326 37 0 1513 11
4828 7452 487 96 71 124 2601 18 128 601 7 10371 21 24 0 0 561 2501 444 10017 3301 76 96 4431 257 776 30 0 3 20 30 524 487 1 0 0 3033 0 1603 65 34 0 0 0 0 0 3 0 5 0 321 38 0 870 41 0 5345 3583 18 19548 2224 5357 1132 596 623 72 0 2889 21
0 0 0 0 0 0 0 0 0 0 0 0 0 0 0 0 0 0 0 0 0 0 0 0 0 0 0 0 0 0 0 0 0 0 0 0 0 0 0 0 0 0 0 0 0 0 0 0 0 0 0 0 0 0 0 0 0 0 0 0 0 0 0 0 0 0 0 0 0
14051 21685 1419 282 208 361 7569 53 374 1750 20 30181 63 71 0 0 1634 7280 1293 29149 9607 223 282 12894 748 2260 89 365 10 0 88 1526 1419 3 0 0 8828 0 4667 191 101 0 0 0 0 0 10 0 17 0 935 112 0 2533 121 0 15555 10427 54 56885 6472 15589 3294 1734 1812 209 2 8408 63
7189 11095 726 144 106 184 3872 27 191 895 10 15442 32 36 0 0 836 3725 662 14914 4915 114 144 6597 383 1156 45 187 5 30 0 780 726 1 0 0 4517 0 2387 97 51 0 0 0 0 0 5 0 8 0 478 57 0 1296 61 0 7959 5335 27 29106 3311 7976 1685 887 927 107 1 4302 32
5217 8051 527 104 77 134 2810 19 139 649 7 11205 23 26 0 0 606 2703 480 10822 3567 83 104 4787 277 839 33 135 3 21 32 0 527 1 0 0 3278 0 1732 70 37 0 0 0 0 0 3 0 6 0 347 41 0 940 44 0 5775 3871 20 21121 2403 5788 1223 643 673 77 1 3122 23
65571 101197 6624 1317 970 1685 35321 247 1747 8168 97 140841 297 332 0 0 7626 33974 6037 136027 44834 1044 1317 60171 3493 10547 416 1706 47 273 412 7122 0 17 0 0 41199 0 21779 891 472 0 0 0 0 0 49 0 80 0 4365 525 0 11823 564 0 72589 48658 252 265461 30204 72749 15375 8093 8460 979 13 39239 297
4179 6450 422 83 61 107 2251 15 111 520 6 8977 18 21 0 0 486 2165 384 8670 2857 66 83 3835 222 672 26 108 3 17 26 453 422 0 0 0 2626 0 1388 56 30 0 0 0 0 0 3 0 5 0 278 33 0 753 36 0 4627 3101 16 16921 1925 4637 980 515 539 62 0 2501 18
8716 13452 880 175 129 224 4695 32 232 1085 12 18722 39 44 0 0 1013 4516 802 18082 5960 138 175 7998 464 1402 55 226 6 36 54 946 880 2 0 0 5476 0 2895 118 62 0 0 0 0 0 6 0 10 0 580 69 0 1571 75 0 9649 6468 33 35288 4015 9670 2043 1075 1124 130 1 5216 39
9949 15355 1005 199 147 255 5359 37 265 1239 14 21370 45 50 0 0 1157 5155 916 20640 6803 158 199 9130 530 1600 63 258 7 41 62 1080 1005 2 0 0 6251 0 3304 135 71 0 0 0 0 0 7 0 12 0 662 79 0 1794 85 0 11014 7383 38 40280 4583 11038 2333 1228 1283 148 2 5954 45
3 4 0 0 0 0 1 0 0 0 0 6 0 0 0 0 0 1 0 6 2 0 0 2 0 0 0 0 0 0 0 0 0 0 0 0 0 0 1 0 0 0 0 0 0 0 0 0 0 0 0 0 0 0 0 0 3 2 0 12 1 3 0 0 0 0 0 1 0
5959 9197 602 119 88 153 3210 22 158 742 8 12799 27 30 0 0 693 3087 548 12362 4074 94 119 5468 317 958 37 155 4 24 37 647 602 1 0 0 3744 0 1979 81 42 0 0 0 0 0 4 0 7 0 396 47 0 1074 51 0 6597 4422 22 24125 2745 6611 1397 735 768 89 1 3566 27
5547 8562 560 111 82 142 2988 20 147 691 8 11916 25 28 0 0 645 2874 510 11509 3793 88 111 5091 295 892 35 144 4 23 34 602 560 1 0 0 3485 0 0 75 39 0 0 0 0 0 4 0 6 0 369 44 0 1000 47 0 6141 4117 21 22460 2555 6155 1300 684 715 82 1 3320 25
633 978 64 12 9 16 341 2 16 78 0 1361 2 3 0 0 73 328 58 1314 433 10 12 581 33 101 4 16 0 2 3 68 64 0 0 0 398 0 210 0 4 0 0 0 0 0 0 0 0 0 42 5 0 114 5 0 701 470 2 2566 291 703 148 78 81 9 0 379 2
1146 1769 115 23 16 29 617 4 30 142 1 2462 5 5 0 0 133 594 105 2378 784 18 23 1052 61 184 7 29 0 4 7 124 115 0 0 0 720 0 380 15 0 0 0 0 0 0 0 0 1 0 76 9 0 206 9 0 1269 850 4 4642 528 1272 268 141 147 17 0 686 5
361 558 36 7 5 9 194 1 9 45 0 777 1 1 0 0 42 187 33 750 247 5 7 332 19 58 2 9 0 1 2 39 36 0 0 0 227 0 120 4 2 0 0 0 0 0 0 0 0 0 24 2 0 65 3 0 400 268 1 1465 166 401 84 44 46 5 0 216 1
664 1026 67 13 9 17 358 2 17 82 0 1427 3 3 0 0 77 344 61 1379 454 10 13 610 35 106 4 17 0 2 4 72 67 0 0 0 417 0 220 9 4 0 0 0 0 0 0 0 0 0 44 5 0 119 5 0 735 493 2 2691 306 737 155 82 85 9 0 397 3
289 446 29 5 4 7 155 1 7 36 0 621 1 1 0 0 33 150 26 600 197 4 5 265 15 46 1 7 0 1 1 31 29 0 0 0 181 0 96 3 2 0 0 0 0 0 0 0 0 0 19 2 0 52 2 0 320 214 1 1172 133 321 67 35 37 4 0 173 1
2464 3803 248 49 36 63 1327 9 65 307 3 5293 11 12 0 0 286 1277 226 5112 1685 39 49 2261 131 396 15 64 1 10 15 267 248 0 0 0 1548 0 818 33 17 0 0 0 0 0 1 0 3 0 164 19 0 444 21 0 2728 1828 9 9977 1135 2734 577 304 317 36 0 1474 11
180 279 18 3 2 4 97 0 4 22 0 388 0 0 0 0 21 93 16 375 123 2 3 166 9 29 1 4 0 0 1 19 18 0 0 0 113 0 60 2 1 0 0 0 0 0 0 0 0 0 12 1 0 32 1 0 200 134 0 732 83 200 42 22 23 2 0 108 0
16112 24867 1627 323 238 414 8679 60 429 2007 23 34609 73 81 0 0 1874 8348 1483 33426 11017 256 323 14785 858 2591 102 419 11 67 101 1750 1627 4 0 0 10124 0 5351 219 116 0 0 0 0 0 0 0 19 0 1072 129 0 2905 138 0 17837 11957 61 65232 7422 17876 3778 1988 2078 240 3 9642 73
2464 3803 248 49 36 63 1327 9 65 307 3 5293 11 12 0 0 286 1277 226 5112 1685 39 49 2261 131 396 15 64 1 10 15 267 248 0 0 0 1548 0 818 33 17 0 0 0 0 0 1 0 3 0 164 19 0 444 21 0 2728 1828 9 9977 1135 2734 577 304 317 36 0 1474 11
1814 2800 183 36 26 46 977 6 48 226 2 3897 8 9 0 0 211 940 167 3763 1240 28 36 1664 96 291 11 47 1 7 11 197 183 0 0 0 1139 0 602 24 13 0 0 0 0 0 1 0 0 0 120 14 0 327 15 0 2008 1346 6 7345 835 2012 425 223 234 27 0 1085 8
25139 38798 2539 504 372 646 13542 95 670 3131 37 53997 114 127 0 0 2923 13025 2314 52151 17188 400 504 23068 1339 4043 159 654 18 105 158 2730 2539 6 0 0 15795 0 8349 341 181 0 0 0 0 0 19 0 30 0 1673 201 0 4532 216 0 27829 18655 96 101774 11580 27891 5894 3102 3243 375 5 15043 114
0 0 0 0 0 0 0 0 0 0 0 0 0 0 0 0 0 0 0 0 0 0 0 0 0 0 0 0 0 0 0 0 0 0 0 0 0 0 0 0 0 0 0 0 0 0 0 0 0 0 0 0 0 0 0 0 0 0 0 0 0 0 0 0 0 0 0 0 0
593 915 59 11 8 15 319 2 15 73 0 1273 2 3 0 0 68 307 54 1230 405 9 11 544 31 95 3 15 0 2 3 64 59 0 0 0 372 0 197 8 4 0 0 0 0 0 0 0 0 0 39 0 0 106 5 0 656 440 2 2401 273 658 139 73 76 8 0 354 2
1675 2586 169 33 24 43 902 6 44 208 2 3599 7 8 0 0 194 868 154 3476 1145 26 33 1537 89 269 10 43 1 7 10 182 169 0 0 0 1053 0 556 22 12 0 0 0 0 0 1 0 2 0 111 13 0 302 14 0 1855 1243 6 6784 772 1859 392 206 216 25 0 1002 7
12140 18737 1226 243 179 312 6539 45 323 1512 17 26077 55 61 0 0 1412 6290 1117 25185 8301 193 243 11140 646 1952 77 315 8 50 76 1318 1226 3 0 0 7628 0 4032 165 87 0 0 0 0 0 9 0 14 0 808 97 0 0 104 0 13440 9009 46 49150 5592 13469 2846 1498 1566 181 2 7265 55
1479 2283 149 29 21 38 796 5 39 184 2 3177 6 7 0 0 172 766 136 3069 1011 23 29 1357 78 237 9 38 1 6 9 160 149 0 0 0 929 0 491 20 10 0 0 0 0 0 1 0 1 0 98 11 0 266 0 0 1637 1097 5 5989 681 1641 346 182 190 22 0 885 6
985 1521 99 19 14 25 531 3 26 122 1 2117 4 4 0 0 114 510 90 2045 674 15 19 904 52 158 6 25 0 4 6 107 99 0 0 0 619 0 327 13 7 0 0 0 0 0 0 0 1 0 65 7 0 177 8 0 1091 731 3 3991 454 1093 231 121 127 14 0 589 4
125980 194429 12727 2530 1864 3238 67863 476 3358 15694 186 270596 572 638 0 0 14652 65275 11600 261346 86139 2007 2530 115605 6712 20265 800 3278 91 526 792 13683 12727 34 0 0 79156 0 41843 1712 908 0 0 0 0 0 95 0 154 0 8386 1009 0 22716 1085 0 0 93487 484 510025 58032 139772 29540 15550 16254 1881 25 75389 571
65390 100918 6606 1313 968 1680 35224 247 1743 8146 96 140453 297 331 0 0 7605 33881 6021 135651 44710 1041 1313 60004 3483 10518 415 1701 47 273 411 7102 6606 17 0 0 41086 0 21719 889 471 0 0 0 0 0 49 0 79 0 4353 523 0 11790 563 0 72389 0 251 264728 30121 72548 15332 8071 8436 976 13 39130 296
39417 60835 3982 791 583 1013 21233 149 1050 4910 58 84666 179 199 0 0 4584 20424 3629 81772 26952 628 791 36171 2100 6340 250 1025 28 164 248 4281 3982 10 0 0 24767 0 13092 535 284 0 0 0 0 0 29 0 48 0 2624 315 0 7107 339 0 43637 29251 0 159581 18157 43733 9242 4865 5085 588 8 23588 178
0 0 0 0 0 0 0 0 0 0 0 0 0 0 0 0 0 0 0 0 0 0 0 0 0 0 0 0 0 0 0 0 0 0 0 0 0 0 0 0 0 0 0 0 0 0 0 0 0 0 0 0 0 0 0 0 0 0 0 0 0 0 0 0 0 0 0 0 0
16288 25138 1645 327 241 418 8774 61 434 2029 24 34985 74 82 0 0 1894 8439 1499 33790 11137 259 327 14946 867 2620 103 423 11 68 102 1769 1645 4 0 0 10234 0 5410 221 117 0 0 0 0 0 12 0 19 0 1084 130 0 2937 140 0 18031 12087 62 65942 0 18071 3819 2010 2101 243 3 9747 73
23474 36228 2371 471 347 603 12645 88 625 2924 34 50420 106 118 0 0 2730 12162 2161 48697 16050 373 471 21540 1250 3776 149 610 17 98 147 2549 2371 6 0 0 14749 0 7796 319 169 0 0 0 0 0 17 0 28 0 1562 188 0 4232 202 0 25986 17419 90 95033 10813 0 5504 2897 3028 350 4 14047 106
4494 6935 454 90 66 115 2420 16 119 559 6 9653 20 22 0 0 522 2328 413 9323 3072 71 90 4124 239 722 28 116 3 18 28 488 454 1 0 0 2823 0 1492 61 32 0 0 0 0 0 3 0 5 0 299 36 0 810 38 0 4975 3335 17 18194 2070 4986 0 554 579 67 0 2689 20
1487 2296 150 29 22 38 801 5 39 185 2 3195 6 7 0 0 173 770 136 3086 1017 23 29 1365 79 239 9 38 1 6 9 161 150 0 0 0 934 0 494 20 10 0 0 0 0 0 1 0 1 0 99 11 0 268 12 0 1647 1104 5 6023 685 1650 348 0 191 22 0 890 6
11 16 1 0 0 0 5 0 0 1 0 23 0 0 0 0 1 5 1 22 7 0 0 10 0 1 0 0 0 0 0 1 1 0 0 0 6 0 3 0 0 0 0 0 0 0 0 0 0 0 0 0 0 1 0 0 12 8 0 44 5 12 2 1 0 0 0 6 0
66 102 6 1 0 1 35 0 1 8 0 143 0 0 0 0 7 34 6 138 45 1 1 61 3 10 0 1 0 0 0 7 6 0 0 0 41 0 22 0 0 0 0 0 0 0 0 0 0 0 4 0 0 12 0 0 73 49 0 270 30 73 15 8 8 0 0 39 0
5 8 0 0 0 0 3 0 0 0 0 12 0 0 0 0 0 2 0 11 3 0 0 5 0 0 0 0 0 0 0 0 0 0 0 0 3 0 1 0 0 0 0 0 0 0 0 0 0 0 0 0 0 1 0 0 6 4 0 23 2 6 1 0 0 0 0 3 0
9645 14885 974 193 142 247 5195 36 257 1201 14 20717 43 48 0 0 1121 4997 888 20008 6594 153 193 8850 513 1551 61 251 7 40 60 1047 974 2 0 0 6060 0 3203 131 69 0 0 0 0 0 7 0 11 0 642 77 0 1739 83 0 10677 7157 37 39047 4442 10701 2261 1190 1244 144 1 0 43
5794 8942 585 116 85 148 3121 21 154 721 8 12445 26 29 0 0 673 3002 533 12020 3961 92 116 5317 308 932 36 150 4 24 36 629 585 1 0 0 3640 0 1924 78 41 0 0 0 0 0 4 0 7 0 385 46 0 1044 49 0 6414 4299 22 23458 2669 6428 1358 715 747 86 1 3467 0
