0 25812 1690 336 248 430 9010 0 446 2084 0 35924 0 0 0 0 1945 8666 1540 34696 11436 266 336 15348 891 2690 0 435 0 0 1817 1690 0 0 0 10509 0 5555 227 0 0 0 0 0 0 0 0 0 0 1113 0 0 3016 0 0 18515 12411 0 67711 7704 18556 3922 2064 2158 250 10009 0 1122
60287 0 6091 1211 892 1550 32475 228 1607 7510 0 129491 274 305 0 0 7012 31237 5551 125065 41221 961 1211 55322 3212 9698 383 1569 252 379 6548 6091 0 0 0 37879 0 20024 820 435 0 0 0 0 0 0 0 0 0 4013 483 0 10871 519 0 66739 44738 232 244067 27771 66887 14136 7441 7778 901 36077 273 281
65571 101198 0 1317 971 1686 35322 248 1748 8169 0 140842 298 332 0 0 7626 33975 6038 136027 44834 1045 1317 60171 3494 10548 417 1706 274 413 7122 6624 0 0 0 41200 0 21779 891 473 0 0 0 0 0 0 0 0 0 4365 525 0 11823 565 0 72589 48659 252 265461 30205 72750 15375 8094 8460 980 39239 297 306
15736 24286 1590 0 233 405 8477 0 419 1960 0 33800 0 0 0 0 1830 8153 1449 32644 10759 251 316 14440 838 2531 0 410 0 0 1709 1590 0 0 0 9887 0 5227 214 0 0 0 0 0 0 0 0 0 0 1048 0 0 2837 0 0 17420 11677 0 63706 7249 17459 3690 1942 2030 235 9417 0 1056
0 0 0 0 0 0 0 0 0 0 0 0 0 0 0 0 0 0 0 0 0 0 0 0 0 0 0 0 0 0 0 0 0 0 0 0 0 0 0 0 0 0 0 0 0 0 0 0 0 0 0 0 0 0 0 0 0 0 221 0 0 0 0 0 0 0 0 886
1138 1757 0 0 0 0 613 0 0 0 0 2445 0 0 0 0 0 590 0 2361 778 0 0 1044 0 0 0 0 0 0 0 0 0 0 0 715 0 378 0 0 0 0 0 0 0 0 0 0 0 0 0 0 0 0 0 1260 845 0 4608 524 1263 267 0 0 0 681 0 1794
2675 4128 270 0 0 0 0 0 0 333 0 5745 0 0 0 0 311 1386 246 5549 1829 0 0 2455 0 430 0 0 0 0 291 270 0 0 0 1681 0 888 0 0 0 0 0 0 0 0 0 0 0 0 0 0 482 0 0 2961 1985 0 10829 1232 2968 627 330 345 0 1601 0 976
5871 9060 593 0 0 0 3162 0 0 731 0 12609 0 0 0 0 683 3042 541 12178 4014 0 0 5387 313 944 0 0 0 0 638 593 0 0 0 3689 0 1950 0 0 0 0 0 0 0 0 0 0 0 391 0 0 1059 0 0 6499 4356 0 23767 2704 6513 1377 725 757 0 3513 0 1416
496 766 0 0 0 0 267 0 0 0 0 1066 0 0 0 0 0 257 0 1029 339 0 0 455 0 0 0 0 0 0 0 0 0 0 0 312 0 0 0 0 0 0 0 0 0 0 0 0 0 0 0 0 0 0 0 549 368 0 2009 229 551 0 0 0 0 297 0 1063
3936 6075 398 0 0 0 2120 0 0 0 0 8454 0 0 0 0 458 2039 362 8165 2691 0 0 3612 210 633 0 0 0 0 428 398 0 0 0 2473 0 1307 0 0 0 0 0 0 0 0 0 0 0 262 0 0 710 0 0 4357 2921 0 15935 1813 4367 923 486 508 0 2355 0 964
1436 2216 0 0 0 0 773 0 0 0 0 3084 0 0 0 0 0 744 0 2979 982 0 0 1318 0 231 0 0 0 0 0 0 0 0 0 902 0 477 0 0 0 0 0 0 0 0 0 0 0 0 0 0 259 0 0 1590 1066 0 5813 661 1593 337 0 0 0 859 0 1808
37791 58324 3818 759 559 971 20357 0 1007 4708 0 0 0 0 0 0 4395 19581 3480 78398 25840 602 759 34679 2013 6079 240 984 0 238 4105 3818 0 0 0 23745 0 12552 514 272 0 0 0 0 0 0 0 0 0 2516 303 0 6814 326 0 41836 28044 0 152995 17408 41928 8861 4665 4876 565 22615 0 1157
3476 5364 351 0 0 0 1872 0 0 433 0 7466 0 0 0 0 404 1801 320 7210 2377 0 0 3189 0 559 0 0 0 0 378 351 0 0 0 2184 0 1154 0 0 0 0 0 0 0 0 0 0 0 231 0 0 627 0 0 3848 2579 0 14071 1601 3856 815 429 448 0 2080 0 1021
51521 79514 5205 1035 763 1324 27754 0 1373 6418 0 110664 234 0 0 0 5992 26695 4744 106881 35228 821 1035 47278 2745 8288 327 1341 215 324 5596 5205 0 0 0 32372 0 17113 700 371 0 0 0 0 0 0 0 0 0 3430 413 0 9290 444 0 57036 38233 0 208581 23733 57162 12081 6359 6647 770 30831 234 633
986 1521 0 0 0 0 531 0 0 0 0 2118 0 0 0 0 0 511 0 2045 674 0 0 905 0 0 0 0 0 0 0 0 0 0 0 619 0 327 0 0 0 0 0 0 0 0 0 0 0 0 0 0 0 0 0 1091 732 0 3991 454 1094 231 0 0 0 590 0 1579
1659 2560 0 0 0 0 894 0 0 0 0 3563 0 0 0 0 0 860 0 3442 1134 0 0 1522 0 267 0 0 0 0 0 0 0 0 0 1042 0 551 0 0 0 0 0 0 0 0 0 0 0 0 0 0 299 0 0 1837 1231 0 6717 764 1841 389 0 214 0 993 0 1878
33800 52165 3415 679 500 869 18208 0 901 4211 0 72600 0 0 0 0 0 17513 3112 70119 23111 539 679 31017 1801 5437 215 880 0 213 3671 3415 0 0 0 21237 0 11227 460 244 0 0 0 0 0 0 0 0 0 2250 271 0 6095 291 0 37418 25082 0 136838 15570 37501 7926 4172 4361 505 20227 0 1035
21430 33073 2165 430 317 551 11544 0 571 2670 0 46030 0 0 0 0 2492 0 1973 44456 14653 341 430 19665 1142 3447 0 558 0 0 2328 2165 0 0 0 13465 0 7118 291 0 0 0 0 0 0 0 0 0 0 1427 0 0 3864 0 0 23724 15903 0 86758 9872 23776 5025 2645 2765 320 12824 0 1438
42430 65483 4287 852 628 1091 22856 0 1131 5286 0 91136 0 215 0 0 4935 21985 0 88021 29011 676 852 38935 2261 6825 270 1104 0 267 4609 4287 0 0 0 26660 0 14093 577 306 0 0 0 0 0 0 0 0 0 2825 340 0 7651 366 0 46971 31486 0 171775 19545 47075 9949 5237 5474 634 25391 0 1084
16384 25286 1655 329 243 421 8826 0 437 2041 0 35192 0 0 0 0 1906 8489 1509 0 11203 261 329 15035 873 2636 0 426 0 0 1780 1655 0 0 0 10295 0 5442 223 0 0 0 0 0 0 0 0 0 0 1091 0 0 2954 0 0 18138 12158 0 66330 7547 18178 3842 2022 2114 245 9805 0 1099
32090 49526 3242 645 475 825 17287 0 855 3998 0 68928 0 0 0 0 3732 16627 2955 66572 0 511 645 29448 1710 5162 0 835 0 0 3486 3242 0 0 0 20163 0 10659 436 231 0 0 0 0 0 0 0 0 0 2136 257 0 5786 276 0 35525 23814 0 129917 14782 35604 7525 3961 4140 479 19204 0 1388
74236 114572 7500 1491 1099 1908 39990 281 1979 9248 0 159455 337 376 0 0 8634 38465 6836 154004 50759 0 1491 68123 3955 11942 472 1932 310 467 8063 7500 0 0 0 46644 0 24657 1009 535 0 0 0 0 0 0 0 0 0 4942 595 0 13386 640 0 82182 55089 285 300543 34197 82364 17407 9163 9578 1109 44425 337 347
15736 24286 1590 316 233 405 8477 0 419 1960 0 33800 0 0 0 0 1830 8153 1449 32644 10759 251 0 14440 838 2531 0 410 0 0 1709 1590 0 0 0 9887 0 5227 214 0 0 0 0 0 0 0 0 0 0 1048 0 0 2837 0 0 17420 11677 0 63706 7249 17459 3690 1942 2030 235 9417 0 1056
33448 51621 3379 672 495 860 18018 0 892 4167 0 71844 0 0 0 0 3890 17331 3080 69388 22870 533 672 0 1782 5381 213 870 0 210 3633 3379 0 0 0 21016 0 11110 455 241 0 0 0 0 0 0 0 0 0 2227 268 0 6031 288 0 37028 24821 0 135413 15408 37110 7843 4129 4316 500 20016 0 1024
8774 13541 886 0 0 226 4726 0 234 1093 0 18846 0 0 0 0 1020 4546 808 18201 5999 0 0 8051 0 1411 0 228 0 0 953 886 0 0 0 5513 0 2914 0 0 0 0 0 0 0 0 0 0 0 584 0 0 1582 0 0 9713 6511 0 35520 4042 9734 2057 1083 1132 0 5250 0 1461
5538 8547 559 0 0 0 2983 0 0 690 0 11895 0 0 0 0 644 2869 510 11488 3786 0 0 5082 295 0 0 0 0 0 601 559 0 0 0 3480 0 1839 0 0 0 0 0 0 0 0 0 0 0 369 0 0 999 0 0 6131 4109 0 22419 2551 6144 1299 684 715 0 3314 0 1356
2529 3902 255 0 0 0 1362 0 0 315 0 5431 0 0 0 0 294 1310 233 5245 1729 0 0 2320 0 407 0 0 0 0 275 255 0 0 0 1589 0 840 0 0 0 0 0 0 0 0 0 0 0 0 0 0 456 0 0 2799 1876 0 10237 1165 2805 593 312 326 0 1513 0 906
4829 7452 488 0 0 0 2601 0 0 602 0 10372 0 0 0 0 562 2502 445 10017 3302 0 0 4431 257 777 0 0 0 0 524 488 0 0 0 3034 0 1604 0 0 0 0 0 0 0 0 0 0 0 321 0 0 871 0 0 5346 3583 0 19549 2224 5357 1132 596 623 0 2890 0 1057
14051 21686 1420 282 208 361 7569 0 375 1750 0 30181 0 0 0 0 1634 7281 1294 29149 9608 224 282 12894 749 2260 0 366 0 0 1526 1420 0 0 0 8829 0 4667 0 0 0 0 0 0 0 0 0 0 0 935 0 0 2534 0 0 15555 10427 0 56886 6473 15590 3295 1734 1813 210 8409 0 1075
7190 11096 726 0 0 0 3873 0 0 896 0 15443 0 0 0 0 836 3725 662 14915 4916 0 0 6597 383 1157 0 0 0 0 781 726 0 0 0 4517 0 2388 0 0 0 0 0 0 0 0 0 0 0 479 0 0 1296 0 0 7959 5335 0 29106 3312 7977 1686 887 928 0 4302 0 1716
5217 8052 527 0 0 0 2810 0 0 650 0 11206 0 0 0 0 607 2703 480 10823 3567 0 0 4787 278 839 0 0 0 0 0 527 0 0 0 3278 0 1733 0 0 0 0 0 0 0 0 0 0 0 347 0 0 941 0 0 5776 3871 0 21121 2403 5788 1223 644 673 0 3122 0 1278
65571 101198 6624 1317 971 1686 35322 248 1748 8169 0 140842 298 332 0 0 7626 33975 6038 136027 44834 1045 1317 60171 3494 10548 417 1706 274 413 7122 0 0 0 0 41200 0 21779 891 473 0 0 0 0 0 0 0 0 0 4365 525 0 11823 565 0 72589 48659 252 265461 30205 72750 15375 8094 8460 980 39239 297 306
4180 6451 422 0 0 0 2252 0 0 521 0 8978 0 0 0 0 486 2166 385 8671 2858 0 0 3835 223 672 0 0 0 0 454 422 0 0 0 2626 0 1388 0 0 0 0 0 0 0 0 0 0 0 278 0 0 754 0 0 4627 3102 0 16921 1925 4637 980 516 539 0 2501 0 1023
8717 13453 881 0 0 224 4695 0 232 1086 0 18723 0 0 0 0 1014 4516 803 18083 5960 0 0 7999 464 1402 0 227 0 0 947 881 0 0 0 5477 0 2895 0 0 0 0 0 0 0 0 0 0 0 580 0 0 1572 0 0 9650 6468 0 35289 4015 9671 2044 1076 1125 0 5216 0 1452
9950 15355 1005 0 0 256 5360 0 265 1239 0 21371 0 0 0 0 1157 5155 916 20640 6803 0 0 9130 530 1601 0 259 0 0 1081 1005 0 0 0 6252 0 3305 0 0 0 0 0 0 0 0 0 0 0 662 0 0 1794 0 0 11014 7383 0 40280 4583 11039 2333 1228 1284 0 5954 0 1657
0 0 0 0 0 0 0 0 0 0 0 0 0 0 0 0 0 0 0 0 0 0 0 0 0 0 0 0 0 0 0 0 0 0 0 0 0 0 0 0 0 0 0 0 0 0 0 0 0 0 0 0 0 0 0 0 0 0 0 0 0 0 0 0 0 0 0 63
5959 9197 602 0 0 0 3210 0 0 742 0 12800 0 0 0 0 693 3088 549 12362 4075 0 0 5468 318 959 0 0 0 0 647 602 0 0 0 3744 0 1979 0 0 0 0 0 0 0 0 0 0 0 397 0 0 1075 0 0 6597 4422 0 24126 2745 6612 1397 736 769 0 3566 0 1460
5548 8562 560 0 0 0 2989 0 0 691 0 11917 0 0 0 0 645 2875 511 11509 3793 0 0 5091 296 892 0 0 0 0 603 560 0 0 0 3486 0 0 0 0 0 0 0 0 0 0 0 0 0 369 0 0 1000 0 0 6142 4117 0 22461 2556 6155 1301 685 716 0 3320 0 1359
634 978 0 0 0 0 341 0 0 0 0 1361 0 0 0 0 0 328 0 1315 433 0 0 582 0 0 0 0 0 0 0 0 0 0 0 398 0 211 0 0 0 0 0 0 0 0 0 0 0 0 0 0 0 0 0 702 470 0 2566 292 703 0 0 0 0 379 0 1155
1147 1770 0 0 0 0 618 0 0 0 0 2463 0 0 0 0 0 594 0 2379 784 0 0 1052 0 0 0 0 0 0 0 0 0 0 0 720 0 381 0 0 0 0 0 0 0 0 0 0 0 0 0 0 0 0 0 1269 851 0 4642 528 1272 269 0 0 0 686 0 1829
362 559 0 0 0 0 0 0 0 0 0 777 0 0 0 0 0 0 0 751 247 0 0 332 0 0 0 0 0 0 0 0 0 0 0 227 0 0 0 0 0 0 0 0 0 0 0 0 0 0 0 0 0 0 0 401 269 0 1465 0 402 0 0 0 0 217 0 1334
665 1026 0 0 0 0 358 0 0 0 0 1428 0 0 0 0 0 344 0 1379 455 0 0 610 0 0 0 0 0 0 0 0 0 0 0 418 0 221 0 0 0 0 0 0 0 0 0 0 0 0 0 0 0 0 0 736 493 0 2691 306 738 0 0 0 0 398 0 1221
290 447 0 0 0 0 0 0 0 0 0 622 0 0 0 0 0 0 0 601 0 0 0 266 0 0 0 0 0 0 0 0 0 0 0 0 0 0 0 0 0 0 0 0 0 0 0 0 0 0 0 0 0 0 0 321 215 0 1172 0 321 0 0 0 0 0 0 1620
2465 3804 249 0 0 0 1328 0 0 307 0 5294 0 0 0 0 287 1277 227 5113 1685 0 0 2262 0 396 0 0 0 0 268 249 0 0 0 1549 0 819 0 0 0 0 0 0 0 0 0 0 0 0 0 0 444 0 0 2728 1829 0 9978 1135 2734 578 304 318 0 1475 0 899
0 279 0 0 0 0 0 0 0 0 0 389 0 0 0 0 0 0 0 375 0 0 0 0 0 0 0 0 0 0 0 0 0 0 0 0 0 0 0 0 0 0 0 0 0 0 0 0 0 0 0 0 0 0 0 0 0 0 733 0 0 0 0 0 0 0 0 1895
16113 24868 1628 324 239 414 8680 0 430 2007 0 34609 0 0 0 0 1874 8349 1484 33426 11017 257 324 14786 858 2592 0 419 0 0 1750 1628 0 0 0 10124 0 5352 219 0 0 0 0 0 0 0 0 0 0 1073 0 0 2905 0 0 17838 11957 0 65232 7422 17877 3778 1989 2079 241 9642 0 1069
2465 3804 249 0 0 0 1328 0 0 307 0 5294 0 0 0 0 287 1277 227 5113 1685 0 0 2262 0 396 0 0 0 0 268 249 0 0 0 1549 0 819 0 0 0 0 0 0 0 0 0 0 0 0 0 0 444 0 0 2728 1829 0 9978 1135 2734 578 304 318 0 1475 0 899
1814 2800 0 0 0 0 977 0 0 226 0 3897 0 0 0 0 211 940 0 3764 1241 0 0 1665 0 292 0 0 0 0 0 0 0 0 0 1140 0 603 0 0 0 0 0 0 0 0 0 0 0 0 0 0 327 0 0 2009 1346 0 7345 836 2013 425 224 234 0 1086 0 1390
25139 38798 2540 505 372 646 13542 0 670 3132 0 53997 0 0 0 0 2924 13026 2315 52151 17189 401 505 23069 1339 4044 0 654 0 0 2731 2540 0 0 0 15795 0 8350 342 0 0 0 0 0 0 0 0 0 0 1674 0 0 4533 217 0 27830 18655 0 101774 11580 27891 5895 3103 3244 376 15044 0 1470
0 0 0 0 0 0 0 0 0 0 0 0 0 0 0 0 0 0 0 0 0 0 0 0 0 0 0 0 0 0 0 0 0 0 0 0 0 0 0 0 0 0 0 0 0 0 0 0 0 0 0 0 0 0 0 0 0 0 0 0 0 0 0 0 0 0 0 0
593 915 0 0 0 0 320 0 0 0 0 1274 0 0 0 0 0 307 0 1230 406 0 0 544 0 0 0 0 0 0 0 0 0 0 0 373 0 0 0 0 0 0 0 0 0 0 0 0 0 0 0 0 0 0 0 657 440 0 2401 273 658 0 0 0 0 355 0 1282
1676 2587 0 0 0 0 903 0 0 209 0 3600 0 0 0 0 0 868 0 3477 1146 0 0 1538 0 270 0 0 0 0 0 0 0 0 0 1053 0 557 0 0 0 0 0 0 0 0 0 0 0 0 0 0 302 0 0 1855 1244 0 6785 772 1859 393 0 216 0 1003 0 1688
12141 18737 1227 244 0 312 6540 0 324 1512 0 26077 0 0 0 0 1412 6291 1118 25186 8301 0 244 11141 647 1953 0 316 0 0 1319 1227 0 0 0 7628 0 4032 0 0 0 0 0 0 0 0 0 0 0 808 0 0 0 0 0 13440 9009 0 49151 5593 13470 2847 1499 1566 0 7265 0 1534
1479 2283 0 0 0 0 797 0 0 0 0 3178 0 0 0 0 0 767 0 3069 1012 0 0 1358 0 238 0 0 0 0 0 0 0 0 0 930 0 491 0 0 0 0 0 0 0 0 0 0 0 0 0 0 267 0 0 1638 1098 0 5989 681 1641 347 0 0 0 885 0 1853
986 1521 0 0 0 0 531 0 0 0 0 2118 0 0 0 0 0 511 0 2045 674 0 0 905 0 0 0 0 0 0 0 0 0 0 0 619 0 327 0 0 0 0 0 0 0 0 0 0 0 0 0 0 0 0 0 1091 732 0 3991 454 1094 231 0 0 0 590 0 1579
125980 194430 12727 2531 1865 3238 67863 476 3358 15694 0 270597 572 638 0 0 14653 65276 11600 261347 86140 2007 2531 115605 6712 20266 801 3279 526 793 13684 12727 0 0 0 79156 0 41844 1713 908 0 0 0 0 0 0 0 0 0 8387 1009 0 22716 1085 0 0 93488 484 510025 58032 139773 29540 15550 16254 1882 75389 571 588
65390 100919 6606 1313 968 1681 35224 247 1743 8146 0 140453 297 331 0 0 7605 33881 6021 135652 44711 1042 1313 60005 3484 10519 416 1702 273 411 7102 6606 0 0 0 41086 0 21719 889 471 0 0 0 0 0 0 0 0 0 4353 524 0 11791 563 0 72389 0 251 264728 30122 72549 15333 8071 8437 977 39131 297 305
39418 60835 3982 792 584 1013 21234 0 1051 4911 0 84667 0 0 0 0 4585 20424 3630 81773 26952 628 792 36172 2100 6341 251 1026 0 248 4281 3982 0 0 0 24767 0 13093 536 284 0 0 0 0 0 0 0 0 0 2624 316 0 7108 340 0 43637 29251 0 159582 18158 43733 9243 4865 5086 589 23589 0 1055
0 0 0 0 0 0 0 0 0 0 0 0 0 0 0 0 0 0 0 0 0 0 0 0 0 0 0 0 0 0 0 0 0 0 0 0 0 0 0 0 0 0 0 0 0 0 0 0 0 0 0 0 0 0 0 0 0 0 0 0 0 0 0 0 0 0 0 0
16288 25138 1646 327 241 419 8774 0 434 2029 0 34986 0 0 0 0 1894 8440 1500 33790 11137 260 327 14947 868 2620 0 424 0 0 1769 1646 0 0 0 10234 0 5410 221 0 0 0 0 0 0 0 0 0 0 1084 0 0 2937 0 0 18032 12087 0 65942 0 18071 3819 2011 2102 243 9747 0 1093
23474 36228 2372 472 348 603 12645 0 626 2924 0 50421 0 0 0 0 2730 12163 2161 48697 16051 374 472 21541 1251 3776 0 611 0 0 2550 2372 0 0 0 14749 0 7797 319 0 0 0 0 0 0 0 0 0 0 1563 0 0 4233 0 0 25987 17420 0 95034 10813 0 5504 2897 3029 351 14047 0 1575
4494 6936 454 0 0 0 2421 0 0 560 0 9653 0 0 0 0 523 2329 414 9323 3073 0 0 4124 239 723 0 0 0 0 488 454 0 0 0 2824 0 1493 0 0 0 0 0 0 0 0 0 0 0 299 0 0 810 0 0 4975 3335 0 18194 2070 4986 0 555 580 0 2689 0 1101
1488 2296 0 0 0 0 801 0 0 0 0 3196 0 0 0 0 0 771 0 3086 1017 0 0 1365 0 239 0 0 0 0 0 0 0 0 0 935 0 494 0 0 0 0 0 0 0 0 0 0 0 0 0 0 268 0 0 1647 1104 0 6023 685 1651 349 0 0 0 890 0 1692
0 0 0 0 0 0 0 0 0 0 0 0 0 0 0 0 0 0 0 0 0 0 0 0 0 0 0 0 0 0 0 0 0 0 0 0 0 0 0 0 0 0 0 0 0 0 0 0 0 0 0 0 0 0 0 0 0 0 0 0 0 0 0 0 0 0 0 222
0 0 0 0 0 0 0 0 0 0 0 0 0 0 0 0 0 0 0 0 0 0 0 0 0 0 0 0 0 0 0 0 0 0 0 0 0 0 0 0 0 0 0 0 0 0 0 0 0 0 0 0 0 0 0 0 0 0 270 0 0 0 0 0 0 0 0 1082
9645 14886 974 0 0 248 5196 0 257 1202 0 20717 0 0 0 0 1122 4998 888 20009 6595 0 0 8851 514 1552 0 251 0 0 1048 974 0 0 0 6060 0 3204 0 0 0 0 0 0 0 0 0 0 0 642 0 0 1739 0 0 10678 7157 0 39048 4443 10701 2262 1191 1244 0 0 0 1606
5794 8943 585 0 0 0 3121 0 0 722 0 12446 0 0 0 0 674 3002 534 12020 3962 0 0 5317 309 932 0 0 0 0 629 585 0 0 0 3641 0 1925 0 0 0 0 0 0 0 0 0 0 0 386 0 0 1045 0 0 6415 4300 0 23458 2669 6429 1359 715 748 0 3467 0 1393
299386 442261 30516 8552 6549 10071 163822 3352 10466 39423 2000 629539 3808 3977 0 0 35993 154754 28432 620908 201855 6706 8552 270277 17697 49856 4147 10072 3444 4068 34711 30516 368 0 0 191340 0 101096 6196 4485 0 0 0 0 0 1012 0 1649 0 22050 4989 0 55539 5139 0 296328 211687 3242 1230478 138269 329990 71746 39172 40761 6609 180562 3788 0
