0 25812 1689 335 247 429 9009 0 445 2083 0 35924 0 0 0 0 1945 8665 1540 34696 11435 266 335 15347 891 2690 0 435 0 0 1816 1689 0 0 0 10508 0 5555 227 0 0 0 0 0 0 0 0 0 0 1113 0 0 3015 0 0 18515 12411 0 67710 7704 18556 3921 2064 2157 249 10008 0
60286 0 6090 1210 892 1549 32475 227 1607 7510 0 129491 273 305 0 0 7011 31236 5551 125064 41221 960 1210 55321 3212 9697 383 1568 251 379 6548 6090 0 0 0 37879 0 20023 819 434 0 0 0 0 0 0 0 0 0 4013 482 0 10870 519 0 66739 44737 231 244067 27770 66886 14136 7441 7778 900 36076 273
65571 101197 0 1317 970 1685 35321 247 1747 8168 0 140841 297 332 0 0 7626 33974 6037 136027 44834 1044 1317 60171 3493 10547 416 1706 273 412 7122 6624 0 0 0 41199 0 21779 891 472 0 0 0 0 0 0 0 0 0 4365 525 0 11823 564 0 72589 48658 252 265461 30204 72749 15375 8093 8460 979 39239 297
15735 24285 1589 0 232 404 8476 0 419 1960 0 33799 0 0 0 0 1830 8153 1448 32644 10759 250 316 14440 838 2531 0 409 0 0 1709 1589 0 0 0 9887 0 5226 213 0 0 0 0 0 0 0 0 0 0 1047 0 0 2837 0 0 17420 11677 0 63706 7248 17458 3689 1942 2030 235 9416 0
0 0 0 0 0 0 0 0 0 0 0 0 0 0 0 0 0 0 0 0 0 0 0 0 0 0 0 0 0 0 0 0 0 0 0 0 0 0 0 0 0 0 0 0 0 0 0 0 0 0 0 0 0 0 0 0 0 0 221 0 0 0 0 0 0 0 0
1138 1756 0 0 0 0 613 0 0 0 0 2444 0 0 0 0 0 589 0 2361 778 0 0 1044 0 0 0 0 0 0 0 0 0 0 0 715 0 378 0 0 0 0 0 0 0 0 0 0 0 0 0 0 0 0 0 1260 844 0 4608 524 1262 266 0 0 0 681 0
2674 4128 270 0 0 0 0 0 0 333 0 5745 0 0 0 0 311 1385 246 5549 1828 0 0 2454 0 430 0 0 0 0 290 270 0 0 0 1680 0 888 0 0 0 0 0 0 0 0 0 0 0 0 0 0 482 0 0 2961 1984 0 10829 1232 2967 627 330 345 0 1600 0
5870 9060 593 0 0 0 3162 0 0 731 0 12609 0 0 0 0 682 3041 540 12178 4013 0 0 5387 312 944 0 0 0 0 637 593 0 0 0 3688 0 1949 0 0 0 0 0 0 0 0 0 0 0 390 0 0 1058 0 0 6498 4356 0 23766 2704 6513 1376 724 757 0 3513 0
496 765 0 0 0 0 267 0 0 0 0 1065 0 0 0 0 0 257 0 1029 339 0 0 455 0 0 0 0 0 0 0 0 0 0 0 311 0 0 0 0 0 0 0 0 0 0 0 0 0 0 0 0 0 0 0 549 368 0 2008 228 550 0 0 0 0 296 0
3936 6074 397 0 0 0 2120 0 0 0 0 8454 0 0 0 0 457 2039 362 8165 2691 0 0 3611 209 633 0 0 0 0 427 397 0 0 0 2473 0 1307 0 0 0 0 0 0 0 0 0 0 0 262 0 0 709 0 0 4357 2920 0 15934 1813 4366 922 485 507 0 2355 0
1435 2216 0 0 0 0 773 0 0 0 0 3084 0 0 0 0 0 743 0 2978 981 0 0 1317 0 230 0 0 0 0 0 0 0 0 0 902 0 476 0 0 0 0 0 0 0 0 0 0 0 0 0 0 258 0 0 1589 1065 0 5813 661 1593 336 0 0 0 859 0
37790 58324 3817 759 559 971 20357 0 1007 4707 0 0 0 0 0 0 4395 19581 3479 78397 25839 602 759 34678 2013 6079 240 983 0 237 4104 3817 0 0 0 23744 0 12552 513 272 0 0 0 0 0 0 0 0 0 2515 302 0 6814 325 0 41835 28043 0 152994 17408 41928 8861 4664 4875 564 22614 0
3475 5364 351 0 0 0 1872 0 0 432 0 7465 0 0 0 0 404 1800 320 7210 2376 0 0 3189 0 559 0 0 0 0 377 351 0 0 0 2183 0 1154 0 0 0 0 0 0 0 0 0 0 0 231 0 0 626 0 0 3847 2579 0 14071 1601 3856 814 429 448 0 2079 0
51521 79514 5205 1034 762 1324 27753 0 1373 6418 0 110663 234 0 0 0 5992 26695 4744 106880 35227 820 1034 47278 2745 8287 327 1340 215 324 5596 5205 0 0 0 32371 0 17112 700 371 0 0 0 0 0 0 0 0 0 3429 412 0 9290 443 0 57035 38232 0 208580 23732 57161 12080 6359 6647 769 30831 233
985 1521 0 0 0 0 531 0 0 0 0 2117 0 0 0 0 0 510 0 2045 674 0 0 904 0 0 0 0 0 0 0 0 0 0 0 619 0 327 0 0 0 0 0 0 0 0 0 0 0 0 0 0 0 0 0 1091 731 0 3991 454 1093 231 0 0 0 589 0
1659 2560 0 0 0 0 893 0 0 0 0 3563 0 0 0 0 0 859 0 3441 1134 0 0 1522 0 266 0 0 0 0 0 0 0 0 0 1042 0 551 0 0 0 0 0 0 0 0 0 0 0 0 0 0 299 0 0 1836 1231 0 6716 764 1840 389 0 214 0 992 0
33800 52164 3414 678 500 868 18207 0 901 4210 0 72600 0 0 0 0 0 17513 3112 70118 23110 538 678 31016 1800 5437 214 879 0 212 3671 3414 0 0 0 21237 0 11226 459 243 0 0 0 0 0 0 0 0 0 2250 270 0 6094 291 0 37418 25082 0 136838 15569 37500 7925 4172 4360 504 20226 0
21429 33073 2164 430 317 550 11543 0 571 2669 0 46029 0 0 0 0 2492 0 1973 44456 14652 341 430 19665 1141 3447 0 557 0 0 2327 2164 0 0 0 13464 0 7117 291 0 0 0 0 0 0 0 0 0 0 1426 0 0 3864 0 0 23723 15902 0 86757 9871 23775 5024 2645 2764 320 12824 0
42429 65483 4286 852 628 1090 22856 0 1131 5285 0 91135 0 214 0 0 4934 21984 0 88020 29011 676 852 38935 2260 6825 269 1104 0 267 4608 4286 0 0 0 26659 0 14092 576 305 0 0 0 0 0 0 0 0 0 2824 339 0 7650 365 0 46971 31486 0 171774 19544 47074 9949 5237 5474 633 25390 0
16384 25286 1655 329 242 421 8825 0 436 2041 0 35191 0 0 0 0 1905 8489 1508 0 11202 261 329 15034 872 2635 0 426 0 0 1779 1655 0 0 0 10294 0 5441 222 0 0 0 0 0 0 0 0 0 0 1090 0 0 2954 0 0 18137 12158 0 66330 7547 18177 3841 2022 2113 244 9804 0
32090 49526 3241 644 475 824 17286 0 855 3997 0 68927 0 0 0 0 3732 16627 2954 66571 0 511 644 29447 1709 5162 0 835 0 0 3485 3241 0 0 0 20163 0 10658 436 231 0 0 0 0 0 0 0 0 0 2136 257 0 5786 276 0 35525 23813 0 129916 14782 35603 7524 3961 4140 479 19203 0
74236 114571 7499 1491 1098 1908 39989 280 1978 9248 0 159454 337 376 0 0 8634 38464 6835 154003 50759 0 1491 68122 3955 11941 471 1932 310 467 8063 7499 0 0 0 46644 0 24657 1009 535 0 0 0 0 0 0 0 0 0 4942 594 0 13385 639 0 82182 55089 285 300542 34196 82363 17407 9163 9578 1108 44424 336
15735 24285 1589 316 232 404 8476 0 419 1960 0 33799 0 0 0 0 1830 8153 1448 32644 10759 250 0 14440 838 2531 0 409 0 0 1709 1589 0 0 0 9887 0 5226 213 0 0 0 0 0 0 0 0 0 0 1047 0 0 2837 0 0 17420 11677 0 63706 7248 17458 3689 1942 2030 235 9416 0
33448 51621 3379 671 495 859 18017 0 891 4166 0 71843 0 0 0 0 3890 17330 3079 69388 22870 532 671 0 1782 5380 212 870 0 210 3633 3379 0 0 0 21016 0 11109 454 241 0 0 0 0 0 0 0 0 0 2226 267 0 6031 288 0 37028 24821 0 135412 15407 37109 7843 4128 4315 499 20016 0
8773 13540 886 0 0 225 4726 0 233 1093 0 18845 0 0 0 0 1020 4546 807 18201 5999 0 0 8051 0 1411 0 228 0 0 952 886 0 0 0 5512 0 2914 0 0 0 0 0 0 0 0 0 0 0 584 0 0 1582 0 0 9712 6510 0 35520 4041 9734 2057 1082 1132 0 5250 0
5537 8546 559 0 0 0 2983 0 0 689 0 11894 0 0 0 0 644 2869 509 11488 3786 0 0 5081 295 0 0 0 0 0 601 559 0 0 0 3479 0 1839 0 0 0 0 0 0 0 0 0 0 0 368 0 0 998 0 0 6130 4109 0 22419 2550 6144 1298 683 714 0 3313 0
2528 3902 255 0 0 0 1362 0 0 314 0 5431 0 0 0 0 294 1310 232 5245 1728 0 0 2320 0 406 0 0 0 0 274 255 0 0 0 1588 0 839 0 0 0 0 0 0 0 0 0 0 0 0 0 0 455 0 0 2799 1876 0 10236 1164 2805 592 312 326 0 1513 0
4828 7452 487 0 0 0 2601 0 0 601 0 10371 0 0 0 0 561 2501 444 10017 3301 0 0 4431 257 776 0 0 0 0 524 487 0 0 0 3033 0 1603 0 0 0 0 0 0 0 0 0 0 0 321 0 0 870 0 0 5345 3583 0 19548 2224 5357 1132 596 623 0 2889 0
14051 21685 1419 282 208 361 7569 0 374 1750 0 30181 0 0 0 0 1634 7280 1293 29149 9607 223 282 12894 748 2260 0 365 0 0 1526 1419 0 0 0 8828 0 4667 0 0 0 0 0 0 0 0 0 0 0 935 0 0 2533 0 0 15555 10427 0 56885 6472 15589 3294 1734 1812 209 8408 0
7189 11095 726 0 0 0 3872 0 0 895 0 15442 0 0 0 0 836 3725 662 14914 4915 0 0 6597 383 1156 0 0 0 0 780 726 0 0 0 4517 0 2387 0 0 0 0 0 0 0 0 0 0 0 478 0 0 1296 0 0 7959 5335 0 29106 3311 7976 1685 887 927 0 4302 0
5217 8051 527 0 0 0 2810 0 0 649 0 11205 0 0 0 0 606 2703 480 10822 3567 0 0 4787 277 839 0 0 0 0 0 527 0 0 0 3278 0 1732 0 0 0 0 0 0 0 0 0 0 0 347 0 0 940 0 0 5775 3871 0 21121 2403 5788 1223 643 673 0 3122 0
65571 101197 6624 1317 970 1685 35321 247 1747 8168 0 140841 297 332 0 0 7626 33974 6037 136027 44834 1044 1317 60171 3493 10547 416 1706 273 412 7122 0 0 0 0 41199 0 21779 891 472 0 0 0 0 0 0 0 0 0 4365 525 0 11823 564 0 72589 48658 252 265461 30204 72749 15375 8093 8460 979 39239 297
4179 6450 422 0 0 0 2251 0 0 520 0 8977 0 0 0 0 486 2165 384 8670 2857 0 0 3835 222 672 0 0 0 0 453 422 0 0 0 2626 0 1388 0 0 0 0 0 0 0 0 0 0 0 278 0 0 753 0 0 4627 3101 0 16921 1925 4637 980 515 539 0 2501 0
8716 13452 880 0 0 224 4695 0 232 1085 0 18722 0 0 0 0 1013 4516 802 18082 5960 0 0 7998 464 1402 0 226 0 0 946 880 0 0 0 5476 0 2895 0 0 0 0 0 0 0 0 0 0 0 580 0 0 1571 0 0 9649 6468 0 35288 4015 9670 2043 1075 1124 0 5216 0
9949 15355 1005 0 0 255 5359 0 265 1239 0 21370 0 0 0 0 1157 5155 916 20640 6803 0 0 9130 530 1600 0 258 0 0 1080 1005 0 0 0 6251 0 3304 0 0 0 0 0 0 0 0 0 0 0 662 0 0 1794 0 0 11014 7383 0 40280 4583 11038 2333 1228 1283 0 5954 0
0 0 0 0 0 0 0 0 0 0 0 0 0 0 0 0 0 0 0 0 0 0 0 0 0 0 0 0 0 0 0 0 0 0 0 0 0 0 0 0 0 0 0 0 0 0 0 0 0 0 0 0 0 0 0 0 0 0 0 0 0 0 0 0 0 0 0
5959 9197 602 0 0 0 3210 0 0 742 0 12799 0 0 0 0 693 3087 548 12362 4074 0 0 5468 317 958 0 0 0 0 647 602 0 0 0 3744 0 1979 0 0 0 0 0 0 0 0 0 0 0 396 0 0 1074 0 0 6597 4422 0 24125 2745 6611 1397 735 768 0 3566 0
5547 8562 560 0 0 0 2988 0 0 691 0 11916 0 0 0 0 645 2874 510 11509 3793 0 0 5091 295 892 0 0 0 0 602 560 0 0 0 3485 0 0 0 0 0 0 0 0 0 0 0 0 0 369 0 0 1000 0 0 6141 4117 0 22460 2555 6155 1300 684 715 0 3320 0
633 978 0 0 0 0 341 0 0 0 0 1361 0 0 0 0 0 328 0 1314 433 0 0 581 0 0 0 0 0 0 0 0 0 0 0 398 0 210 0 0 0 0 0 0 0 0 0 0 0 0 0 0 0 0 0 701 470 0 2566 291 703 0 0 0 0 379 0
1146 1769 0 0 0 0 617 0 0 0 0 2462 0 0 0 0 0 594 0 2378 784 0 0 1052 0 0 0 0 0 0 0 0 0 0 0 720 0 380 0 0 0 0 0 0 0 0 0 0 0 0 0 0 0 0 0 1269 850 0 4642 528 1272 268 0 0 0 686 0
361 558 0 0 0 0 0 0 0 0 0 777 0 0 0 0 0 0 0 750 247 0 0 332 0 0 0 0 0 0 0 0 0 0 0 227 0 0 0 0 0 0 0 0 0 0 0 0 0 0 0 0 0 0 0 400 268 0 1465 0 401 0 0 0 0 216 0
664 1026 0 0 0 0 358 0 0 0 0 1427 0 0 0 0 0 344 0 1379 454 0 0 610 0 0 0 0 0 0 0 0 0 0 0 417 0 220 0 0 0 0 0 0 0 0 0 0 0 0 0 0 0 0 0 735 493 0 2691 306 737 0 0 0 0 397 0
289 446 0 0 0 0 0 0 0 0 0 621 0 0 0 0 0 0 0 600 0 0 0 265 0 0 0 0 0 0 0 0 0 0 0 0 0 0 0 0 0 0 0 0 0 0 0 0 0 0 0 0 0 0 0 320 214 0 1172 0 321 0 0 0 0 0 0
2464 3803 248 0 0 0 1327 0 0 307 0 5293 0 0 0 0 286 1277 226 5112 1685 0 0 2261 0 396 0 0 0 0 267 248 0 0 0 1548 0 818 0 0 0 0 0 0 0 0 0 0 0 0 0 0 444 0 0 2728 1828 0 9977 1135 2734 577 304 317 0 1474 0
0 279 0 0 0 0 0 0 0 0 0 388 0 0 0 0 0 0 0 375 0 0 0 0 0 0 0 0 0 0 0 0 0 0 0 0 0 0 0 0 0 0 0 0 0 0 0 0 0 0 0 0 0 0 0 0 0 0 732 0 0 0 0 0 0 0 0
16112 24867 1627 323 238 414 8679 0 429 2007 0 34609 0 0 0 0 1874 8348 1483 33426 11017 256 323 14785 858 2591 0 419 0 0 1750 1627 0 0 0 10124 0 5351 219 0 0 0 0 0 0 0 0 0 0 1072 0 0 2905 0 0 17837 11957 0 65232 7422 17876 3778 1988 2078 240 9642 0
2464 3803 248 0 0 0 1327 0 0 307 0 5293 0 0 0 0 286 1277 226 5112 1685 0 0 2261 0 396 0 0 0 0 267 248 0 0 0 1548 0 818 0 0 0 0 0 0 0 0 0 0 0 0 0 0 444 0 0 2728 1828 0 9977 1135 2734 577 304 317 0 1474 0
1814 2800 0 0 0 0 977 0 0 226 0 3897 0 0 0 0 211 940 0 3763 1240 0 0 1664 0 291 0 0 0 0 0 0 0 0 0 1139 0 602 0 0 0 0 0 0 0 0 0 0 0 0 0 0 327 0 0 2008 1346 0 7345 835 2012 425 223 234 0 1085 0
25139 38798 2539 504 372 646 13542 0 670 3131 0 53997 0 0 0 0 2923 13025 2314 52151 17188 400 504 23068 1339 4043 0 654 0 0 2730 2539 0 0 0 15795 0 8349 341 0 0 0 0 0 0 0 0 0 0 1673 0 0 4532 216 0 27829 18655 0 101774 11580 27891 5894 3102 3243 375 15043 0
0 0 0 0 0 0 0 0 0 0 0 0 0 0 0 0 0 0 0 0 0 0 0 0 0 0 0 0 0 0 0 0 0 0 0 0 0 0 0 0 0 0 0 0 0 0 0 0 0 0 0 0 0 0 0 0 0 0 0 0 0 0 0 0 0 0 0
593 915 0 0 0 0 319 0 0 0 0 1273 0 0 0 0 0 307 0 1230 405 0 0 544 0 0 0 0 0 0 0 0 0 0 0 372 0 0 0 0 0 0 0 0 0 0 0 0 0 0 0 0 0 0 0 656 440 0 2401 273 658 0 0 0 0 354 0
1675 2586 0 0 0 0 902 0 0 208 0 3599 0 0 0 0 0 868 0 3476 1145 0 0 1537 0 269 0 0 0 0 0 0 0 0 0 1053 0 556 0 0 0 0 0 0 0 0 0 0 0 0 0 0 302 0 0 1855 1243 0 6784 772 1859 392 0 216 0 1002 0
12140 18737 1226 243 0 312 6539 0 323 1512 0 26077 0 0 0 0 1412 6290 1117 25185 8301 0 243 11140 646 1952 0 315 0 0 1318 1226 0 0 0 7628 0 4032 0 0 0 0 0 0 0 0 0 0 0 808 0 0 0 0 0 13440 9009 0 49150 5592 13469 2846 1498 1566 0 7265 0
1479 2283 0 0 0 0 796 0 0 0 0 3177 0 0 0 0 0 766 0 3069 1011 0 0 1357 0 237 0 0 0 0 0 0 0 0 0 929 0 491 0 0 0 0 0 0 0 0 0 0 0 0 0 0 266 0 0 1637 1097 0 5989 681 1641 346 0 0 0 885 0
985 1521 0 0 0 0 531 0 0 0 0 2117 0 0 0 0 0 510 0 2045 674 0 0 904 0 0 0 0 0 0 0 0 0 0 0 619 0 327 0 0 0 0 0 0 0 0 0 0 0 0 0 0 0 0 0 1091 731 0 3991 454 1093 231 0 0 0 589 0
125980 194429 12727 2530 1864 3238 67863 476 3358 15694 0 270596 572 638 0 0 14652 65275 11600 261346 86139 2007 2530 115605 6712 20265 800 3278 526 792 13683 12727 0 0 0 79156 0 41843 1712 908 0 0 0 0 0 0 0 0 0 8386 1009 0 22716 1085 0 0 93487 484 510025 58032 139772 29540 15550 16254 1881 75389 571
65390 100918 6606 1313 968 1680 35224 247 1743 8146 0 140453 297 331 0 0 7605 33881 6021 135651 44710 1041 1313 60004 3483 10518 415 1701 273 411 7102 6606 0 0 0 41086 0 21719 889 471 0 0 0 0 0 0 0 0 0 4353 523 0 11790 563 0 72389 0 251 264728 30121 72548 15332 8071 8436 976 39130 296
39417 60835 3982 791 583 1013 21233 0 1050 4910 0 84666 0 0 0 0 4584 20424 3629 81772 26952 628 791 36171 2100 6340 250 1025 0 248 4281 3982 0 0 0 24767 0 13092 535 284 0 0 0 0 0 0 0 0 0 2624 315 0 7107 339 0 43637 29251 0 159581 18157 43733 9242 4865 5085 588 23588 0
0 0 0 0 0 0 0 0 0 0 0 0 0 0 0 0 0 0 0 0 0 0 0 0 0 0 0 0 0 0 0 0 0 0 0 0 0 0 0 0 0 0 0 0 0 0 0 0 0 0 0 0 0 0 0 0 0 0 0 0 0 0 0 0 0 0 0
16288 25138 1645 327 241 418 8774 0 434 2029 0 34985 0 0 0 0 1894 8439 1499 33790 11137 259 327 14946 867 2620 0 423 0 0 1769 1645 0 0 0 10234 0 5410 221 0 0 0 0 0 0 0 0 0 0 1084 0 0 2937 0 0 18031 12087 0 65942 0 18071 3819 2010 2101 243 9747 0
23474 36228 2371 471 347 603 12645 0 625 2924 0 50420 0 0 0 0 2730 12162 2161 48697 16050 373 471 21540 1250 3776 0 610 0 0 2549 2371 0 0 0 14749 0 7796 319 0 0 0 0 0 0 0 0 0 0 1562 0 0 4232 0 0 25986 17419 0 95033 10813 0 5504 2897 3028 350 14047 0
4494 6935 454 0 0 0 2420 0 0 559 0 9653 0 0 0 0 522 2328 413 9323 3072 0 0 4124 239 722 0 0 0 0 488 454 0 0 0 2823 0 1492 0 0 0 0 0 0 0 0 0 0 0 299 0 0 810 0 0 4975 3335 0 18194 2070 4986 0 554 579 0 2689 0
1487 2296 0 0 0 0 801 0 0 0 0 3195 0 0 0 0 0 770 0 3086 1017 0 0 1365 0 239 0 0 0 0 0 0 0 0 0 934 0 494 0 0 0 0 0 0 0 0 0 0 0 0 0 0 268 0 0 1647 1104 0 6023 685 1650 348 0 0 0 890 0
0 0 0 0 0 0 0 0 0 0 0 0 0 0 0 0 0 0 0 0 0 0 0 0 0 0 0 0 0 0 0 0 0 0 0 0 0 0 0 0 0 0 0 0 0 0 0 0 0 0 0 0 0 0 0 0 0 0 0 0 0 0 0 0 0 0 0
0 0 0 0 0 0 0 0 0 0 0 0 0 0 0 0 0 0 0 0 0 0 0 0 0 0 0 0 0 0 0 0 0 0 0 0 0 0 0 0 0 0 0 0 0 0 0 0 0 0 0 0 0 0 0 0 0 0 270 0 0 0 0 0 0 0 0
9645 14885 974 0 0 247 5195 0 257 1201 0 20717 0 0 0 0 1121 4997 888 20008 6594 0 0 8850 513 1551 0 251 0 0 1047 974 0 0 0 6060 0 3203 0 0 0 0 0 0 0 0 0 0 0 642 0 0 1739 0 0 10677 7157 0 39047 4442 10701 2261 1190 1244 0 0 0
5794 8942 585 0 0 0 3121 0 0 721 0 12445 0 0 0 0 673 3002 533 12020 3961 0 0 5317 308 932 0 0 0 0 629 585 0 0 0 3640 0 1924 0 0 0 0 0 0 0 0 0 0 0 385 0 0 1044 0 0 6414 4299 0 23458 2669 6428 1358 715 747 0 3467 0
